       0.000 	       56 	        6
  100000.000 	       41 	        9
  200000.000 	       37 	       14
  300000.000 	       36 	       14
  400000.000 	       36 	       14
  500000.000 	       34 	       15
  600000.000 	       34 	       15
  700000.000 	       33 	       12
  800000.000 	       31 	       15
  900000.000 	       28 	       15
 1000000.000 	       27 	       15
 1100000.000 	       25 	       15
 1200000.000 	       24 	       15
 1300000.000 	       23 	       15
 1400000.000 	       21 	       28
 1500000.000 	       19 	       28
 1600000.000 	       19 	       28
 1700000.000 	       19 	       28
 1800000.000 	       17 	       37
 1900000.000 	       15 	       43
 2000000.000 	       15 	       43
 2100000.000 	       14 	       44
 2200000.000 	       14 	       44
 2300000.000 	       14 	       44
 2400000.000 	       13 	       45
 2500000.000 	       13 	       45
 2600000.000 	       13 	       45
 2700000.000 	       13 	       45
 2800000.000 	       13 	       45
 2900000.000 	       13 	       45
 3000000.000 	       13 	       45
 3100000.000 	       12 	       47
 3200000.000 	       12 	       47
 3300000.000 	       12 	       47
 3400000.000 	       12 	       47
 3500000.000 	       12 	       47
 3600000.000 	       12 	       47
 3700000.000 	       11 	       47
 3800000.000 	       11 	       47
 3900000.000 	        9 	       70
 4000000.000 	        9 	       70
 4100000.000 	        8 	       79
 4200000.000 	        7 	       85
 4300000.000 	        6 	       86
 4400000.000 	        5 	       89
 4500000.000 	        5 	       89
 4600000.000 	        4 	       94
 4700000.000 	        4 	       94
 4800000.000 	        4 	       94
 4900000.000 	        4 	       94
 5000000.000 	        4 	       94
 5100000.000 	        4 	       94
 5200000.000 	        4 	       94
 5300000.000 	        4 	       94
 5400000.000 	        4 	       94
 5500000.000 	        4 	       94
 5600000.000 	        4 	       94
 5700000.000 	        4 	       94
 5800000.000 	        4 	       94
 5900000.000 	        4 	       94
 6000000.000 	        4 	       94
 6100000.000 	        4 	       94
 6200000.000 	        4 	       94
 6300000.000 	        4 	       94
 6400000.000 	        4 	       94
 6500000.000 	        4 	       94
 6600000.000 	        4 	       94
 6700000.000 	        4 	       94
 6800000.000 	        4 	       94
 6900000.000 	        4 	       94
 7000000.000 	        4 	       94
 7100000.000 	        4 	       94
 7200000.000 	        4 	       94
 7300000.000 	        4 	       94
 7400000.000 	        4 	       94
 7500000.000 	        4 	       94
 7600000.000 	        4 	       94
 7700000.000 	        4 	       94
 7800000.000 	        4 	       94
 7900000.000 	        4 	       94
 8000000.000 	        4 	       94
 8100000.000 	        4 	       94
 8200000.000 	        4 	       94
 8300000.000 	        4 	       94
 8400000.000 	        4 	       94
 8500000.000 	        4 	       94
 8600000.000 	        4 	       94
 8700000.000 	        5 	       93
 8800000.000 	        4 	       94
 8900000.000 	        5 	       93
 9000000.000 	        6 	       92
 9100000.000 	        5 	       93
 9200000.000 	        5 	       93
 9300000.000 	        6 	       61
 9400000.000 	        6 	       61
 9500000.000 	        6 	       61
 9600000.000 	        6 	       61
 9700000.000 	        6 	       61
 9800000.000 	        6 	       61
 9900000.000 	        6 	       89
10000000.000 	        6 	       89
10100000.000 	        6 	       89
10200000.000 	        4 	       95
10300000.000 	        4 	       95
10400000.000 	        2 	       98
10500000.000 	        2 	       98
10600000.000 	        2 	       98
10700000.000 	        2 	       98
10800000.000 	        2 	       98
10900000.000 	        2 	       98
11000000.000 	        2 	       98
11100000.000 	        2 	       98
11200000.000 	        2 	       98
11300000.000 	        2 	       98
11400000.000 	        2 	       98
11500000.000 	        2 	       98
11600000.000 	        2 	       98
11700000.000 	        2 	       98
11800000.000 	        2 	       98
11900000.000 	        2 	       98
12000000.000 	        2 	       98
12100000.000 	        2 	       98
12200000.000 	        2 	       98
12300000.000 	        2 	       98
12400000.000 	        3 	       97
12500000.000 	        2 	       98
12600000.000 	        2 	       98
12700000.000 	        2 	       98
12800000.000 	        3 	       95
12900000.000 	        2 	       98
13000000.000 	        2 	       98
13100000.000 	        2 	       98
13200000.000 	        2 	       98
13300000.000 	        2 	       98
13400000.000 	        2 	       98
13500000.000 	        2 	       98
13600000.000 	        2 	       98
13700000.000 	        2 	       98
13800000.000 	        2 	       98
13900000.000 	        2 	       98
14000000.000 	        2 	       98
14100000.000 	        2 	       98
14200000.000 	        2 	       98
14300000.000 	        2 	       98
14400000.000 	        2 	       98
14500000.000 	        3 	       97
14600000.000 	        2 	       98
14700000.000 	        2 	       98
14800000.000 	        2 	       98
14900000.000 	        2 	       98
15000000.000 	        2 	       98
15100000.000 	        2 	       98
15200000.000 	        2 	       98
15300000.000 	        2 	       98
15400000.000 	        2 	       98
15500000.000 	        2 	       98
15600000.000 	        2 	       98
15700000.000 	        2 	       98
15800000.000 	        2 	       98
15900000.000 	        2 	       98
16000000.000 	        2 	       98
16100000.000 	        2 	       98
16200000.000 	        2 	       98
16300000.000 	        2 	       98
16400000.000 	        2 	       98
16500000.000 	        2 	       98
16600000.000 	        2 	       98
16700000.000 	        2 	       98
16800000.000 	        2 	       98
16900000.000 	        2 	       98
17000000.000 	        2 	       98
17100000.000 	        2 	       98
17200000.000 	        2 	       98
17300000.000 	        2 	       98
17400000.000 	        2 	       98
17500000.000 	        2 	       98
17600000.000 	        2 	       98
17700000.000 	        2 	       98
17800000.000 	        2 	       98
17900000.000 	        2 	       98
18000000.000 	        2 	       98
18100000.000 	        2 	       98
18200000.000 	        2 	       98
18300000.000 	        2 	       98
18400000.000 	        2 	       98
18500000.000 	        2 	       98
18600000.000 	        2 	       98
18700000.000 	        2 	       98
18800000.000 	        2 	       98
18900000.000 	        2 	       98
19000000.000 	        1 	      100
19100000.000 	        2 	       98
19200000.000 	        2 	       98
19300000.000 	        2 	       98
19400000.000 	        2 	       98
19500000.000 	        2 	       98
19600000.000 	        2 	       98
19700000.000 	        2 	       98
19800000.000 	        2 	       98
19900000.000 	        2 	       98
20000000.000 	        2 	       98
20100000.000 	        2 	       98
20200000.000 	        2 	       98
20300000.000 	        2 	       98
20400000.000 	        2 	       98
20500000.000 	        2 	       98
20600000.000 	        2 	       98
20700000.000 	        2 	       98
20800000.000 	        2 	       98
20900000.000 	        2 	       98
21000000.000 	        2 	       98
21100000.000 	        2 	       98
21200000.000 	        2 	       98
21300000.000 	        2 	       98
21400000.000 	        2 	       98
21500000.000 	        2 	       98
21600000.000 	        2 	       98
21700000.000 	        2 	       98
21800000.000 	        2 	       98
21900000.000 	        2 	       98
22000000.000 	        2 	       98
22100000.000 	        2 	       98
22200000.000 	        2 	       98
22300000.000 	        2 	       98
22400000.000 	        2 	       98
22500000.000 	        2 	       98
22600000.000 	        2 	       98
22700000.000 	        2 	       98
22800000.000 	        2 	       98
22900000.000 	        2 	       98
23000000.000 	        2 	       98
23100000.000 	        2 	       98
23200000.000 	        2 	       98
23300000.000 	        2 	       98
23400000.000 	        2 	       98
23500000.000 	        2 	       98
23600000.000 	        2 	       98
23700000.000 	        2 	       98
23800000.000 	        2 	       98
23900000.000 	        2 	       98
24000000.000 	        2 	       98
24100000.000 	        2 	       98
24200000.000 	        2 	       98
24300000.000 	        2 	       98
24400000.000 	        2 	       98
24500000.000 	        2 	       98
24600000.000 	        2 	       98
24700000.000 	        2 	       98
24800000.000 	        2 	       98
24900000.000 	        2 	       98
25000000.000 	        2 	       98
25100000.000 	        2 	       98
25200000.000 	        2 	       98
25300000.000 	        2 	       98
25400000.000 	        2 	       98
25500000.000 	        2 	       98
25600000.000 	        2 	       98
25700000.000 	        2 	       98
25800000.000 	        2 	       98
25900000.000 	        2 	       98
26000000.000 	        2 	       98
26100000.000 	        2 	       98
26200000.000 	        2 	       98
26300000.000 	        2 	       98
26400000.000 	        2 	       98
26500000.000 	        2 	       98
26600000.000 	        2 	       98
26700000.000 	        2 	       98
26800000.000 	        2 	       98
26900000.000 	        2 	       98
27000000.000 	        2 	       98
27100000.000 	        2 	       98
27200000.000 	        2 	       98
27300000.000 	        1 	      100
27400000.000 	        1 	      100
27500000.000 	        1 	      100
27600000.000 	        1 	      100
27700000.000 	        1 	      100
27800000.000 	        1 	      100
27900000.000 	        1 	      100
28000000.000 	        1 	      100
28100000.000 	        1 	      100
28200000.000 	        1 	      100
28300000.000 	        1 	      100
28400000.000 	        1 	      100
28500000.000 	        1 	      100
28600000.000 	        1 	      100
28700000.000 	        1 	      100
28800000.000 	        1 	      100
28900000.000 	        1 	      100
29000000.000 	        1 	      100
29100000.000 	        1 	      100
29200000.000 	        2 	       97
29300000.000 	        1 	      100
29400000.000 	        1 	      100
29500000.000 	        1 	      100
29600000.000 	        1 	      100
29700000.000 	        1 	      100
29800000.000 	        1 	      100
29900000.000 	        1 	      100
30000000.000 	        1 	      100
30100000.000 	        1 	      100
30200000.000 	        2 	       99
30300000.000 	        2 	       99
30400000.000 	        2 	       99
30500000.000 	        2 	       99
30600000.000 	        2 	       99
30700000.000 	        2 	       99
30800000.000 	        2 	       99
30900000.000 	        2 	       99
31000000.000 	        2 	       99
31100000.000 	        2 	       99
31200000.000 	        2 	       99
31300000.000 	        1 	      100
31400000.000 	        1 	      100
31500000.000 	        1 	      100
31600000.000 	        1 	      100
31700000.000 	        1 	      100
31800000.000 	        1 	      100
31900000.000 	        1 	      100
32000000.000 	        1 	      100
32100000.000 	        1 	      100
32200000.000 	        1 	      100
32300000.000 	        1 	      100
32400000.000 	        1 	      100
32500000.000 	        1 	      100
32600000.000 	        1 	      100
32700000.000 	        1 	      100
32800000.000 	        1 	      100
32900000.000 	        1 	      100
33000000.000 	        1 	      100
33100000.000 	        1 	      100
33200000.000 	        1 	      100
33300000.000 	        1 	      100
33400000.000 	        1 	      100
33500000.000 	        1 	      100
33600000.000 	        1 	      100
33700000.000 	        1 	      100
33800000.000 	        1 	      100
33900000.000 	        1 	      100
34000000.000 	        1 	      100
34100000.000 	        1 	      100
34200000.000 	        1 	      100
34300000.000 	        1 	      100
34400000.000 	        1 	      100
34500000.000 	        1 	      100
34600000.000 	        1 	      100
34700000.000 	        1 	      100
34800000.000 	        1 	      100
34900000.000 	        1 	      100
35000000.000 	        1 	      100
35100000.000 	        1 	      100
35200000.000 	        1 	      100
35300000.000 	        1 	      100
35400000.000 	        1 	      100
35500000.000 	        1 	      100
35600000.000 	        1 	      100
35700000.000 	        1 	      100
35800000.000 	        1 	      100
35900000.000 	        1 	      100
36000000.000 	        1 	      100
36100000.000 	        1 	      100
36200000.000 	        1 	      100
36300000.000 	        1 	      100
36400000.000 	        1 	      100
36500000.000 	        1 	      100
36600000.000 	        1 	      100
36700000.000 	        1 	      100
36800000.000 	        1 	      100
36900000.000 	        1 	      100
37000000.000 	        1 	      100
37100000.000 	        1 	      100
37200000.000 	        1 	      100
37300000.000 	        1 	      100
37400000.000 	        1 	      100
37500000.000 	        1 	      100
37600000.000 	        1 	      100
37700000.000 	        1 	      100
37800000.000 	        1 	      100
37900000.000 	        1 	      100
38000000.000 	        1 	      100
38100000.000 	        1 	      100
38200000.000 	        1 	      100
38300000.000 	        1 	      100
38400000.000 	        1 	      100
38500000.000 	        1 	      100
38600000.000 	        1 	      100
38700000.000 	        1 	      100
38800000.000 	        1 	      100
38900000.000 	        1 	      100
39000000.000 	        1 	      100
39100000.000 	        1 	      100
39200000.000 	        1 	      100
39300000.000 	        1 	      100
39400000.000 	        1 	      100
39500000.000 	        1 	      100
39600000.000 	        1 	      100
39700000.000 	        1 	      100
39800000.000 	        1 	      100
39900000.000 	        1 	      100
40000000.000 	        1 	      100
40100000.000 	        1 	      100
40200000.000 	        1 	      100
40300000.000 	        1 	      100
40400000.000 	        1 	      100
40500000.000 	        1 	      100
40600000.000 	        1 	      100
40700000.000 	        1 	      100
40800000.000 	        1 	      100
40900000.000 	        1 	      100
41000000.000 	        1 	      100
41100000.000 	        1 	      100
41200000.000 	        1 	      100
41300000.000 	        1 	      100
41400000.000 	        1 	      100
41500000.000 	        1 	      100
41600000.000 	        1 	      100
41700000.000 	        1 	      100
41800000.000 	        1 	      100
41900000.000 	        1 	      100
42000000.000 	        1 	      100
42100000.000 	        1 	      100
42200000.000 	        1 	      100
42300000.000 	        1 	      100
42400000.000 	        1 	      100
42500000.000 	        1 	      100
42600000.000 	        1 	      100
42700000.000 	        1 	      100
42800000.000 	        1 	      100
42900000.000 	        1 	      100
43000000.000 	        1 	      100
43100000.000 	        1 	      100
43200000.000 	        1 	      100
43300000.000 	        1 	      100
43400000.000 	        1 	      100
43500000.000 	        1 	      100
43600000.000 	        1 	      100
43700000.000 	        1 	      100
43800000.000 	        1 	      100
43900000.000 	        1 	      100
44000000.000 	        1 	      100
44100000.000 	        1 	      100
44200000.000 	        1 	      100
44300000.000 	        1 	      100
44400000.000 	        1 	      100
44500000.000 	        1 	      100
44600000.000 	        1 	      100
44700000.000 	        1 	      100
44800000.000 	        1 	      100
44900000.000 	        1 	      100
45000000.000 	        1 	      100
45100000.000 	        1 	      100
45200000.000 	        1 	      100
45300000.000 	        1 	      100
45400000.000 	        1 	      100
45500000.000 	        1 	      100
45600000.000 	        1 	      100
45700000.000 	        1 	      100
45800000.000 	        1 	      100
45900000.000 	        1 	      100
46000000.000 	        1 	      100
46100000.000 	        1 	      100
46200000.000 	        1 	      100
46300000.000 	        1 	      100
46400000.000 	        1 	      100
46500000.000 	        1 	      100
46600000.000 	        1 	      100
46700000.000 	        1 	      100
46800000.000 	        1 	      100
46900000.000 	        1 	      100
47000000.000 	        1 	      100
47100000.000 	        1 	      100
47200000.000 	        1 	      100
47300000.000 	        1 	      100
47400000.000 	        1 	      100
47500000.000 	        1 	      100
47600000.000 	        1 	      100
47700000.000 	        1 	      100
47800000.000 	        1 	      100
47900000.000 	        1 	      100
48000000.000 	        1 	      100
48100000.000 	        1 	      100
48200000.000 	        1 	      100
48300000.000 	        1 	      100
48400000.000 	        1 	      100
48500000.000 	        1 	      100
48600000.000 	        1 	      100
48700000.000 	        1 	      100
48800000.000 	        1 	      100
48900000.000 	        1 	      100
49000000.000 	        1 	      100
49100000.000 	        1 	      100
49200000.000 	        1 	      100
49300000.000 	        1 	      100
49400000.000 	        1 	      100
49500000.000 	        1 	      100
49600000.000 	        1 	      100
49700000.000 	        1 	      100
49800000.000 	        1 	      100
49900000.000 	        1 	      100
50000000.000 	        1 	      100
50100000.000 	        1 	      100
50200000.000 	        1 	      100
50300000.000 	        1 	      100
50400000.000 	        1 	      100
50500000.000 	        1 	      100
50600000.000 	        1 	      100
50700000.000 	        1 	      100
50800000.000 	        1 	      100
50900000.000 	        1 	      100
51000000.000 	        1 	      100
51100000.000 	        1 	      100
51200000.000 	        1 	      100
51300000.000 	        1 	      100
51400000.000 	        1 	      100
51500000.000 	        1 	      100
51600000.000 	        1 	      100
51700000.000 	        1 	      100
51800000.000 	        1 	      100
51900000.000 	        1 	      100
52000000.000 	        1 	      100
52100000.000 	        1 	      100
52200000.000 	        1 	      100
52300000.000 	        1 	      100
52400000.000 	        1 	      100
52500000.000 	        1 	      100
52600000.000 	        1 	      100
52700000.000 	        1 	      100
52800000.000 	        1 	      100
52900000.000 	        1 	      100
53000000.000 	        1 	      100
53100000.000 	        1 	      100
53200000.000 	        1 	      100
53300000.000 	        1 	      100
53400000.000 	        1 	      100
53500000.000 	        1 	      100
53600000.000 	        1 	      100
53700000.000 	        1 	      100
53800000.000 	        1 	      100
53900000.000 	        1 	      100
54000000.000 	        1 	      100
54100000.000 	        1 	      100
54200000.000 	        1 	      100
54300000.000 	        1 	      100
54400000.000 	        1 	      100
54500000.000 	        1 	      100
54600000.000 	        1 	      100
54700000.000 	        1 	      100
54800000.000 	        1 	      100
54900000.000 	        1 	      100
55000000.000 	        1 	      100
55100000.000 	        1 	      100
55200000.000 	        1 	      100
55300000.000 	        1 	      100
55400000.000 	        1 	      100
55500000.000 	        1 	      100
55600000.000 	        1 	      100
55700000.000 	        1 	      100
55800000.000 	        1 	      100
55900000.000 	        1 	      100
56000000.000 	        1 	      100
56100000.000 	        1 	      100
56200000.000 	        1 	      100
56300000.000 	        1 	      100
56400000.000 	        1 	      100
56500000.000 	        1 	      100
56600000.000 	        1 	      100
56700000.000 	        1 	      100
56800000.000 	        1 	      100
56900000.000 	        1 	      100
57000000.000 	        1 	      100
57100000.000 	        1 	      100
57200000.000 	        1 	      100
57300000.000 	        1 	      100
57400000.000 	        1 	      100
57500000.000 	        1 	      100
57600000.000 	        1 	      100
57700000.000 	        1 	      100
57800000.000 	        1 	      100
57900000.000 	        1 	      100
58000000.000 	        1 	      100
58100000.000 	        1 	      100
58200000.000 	        1 	      100
58300000.000 	        1 	      100
58400000.000 	        1 	      100
58500000.000 	        1 	      100
58600000.000 	        1 	      100
58700000.000 	        1 	      100
58800000.000 	        1 	      100
58900000.000 	        1 	      100
59000000.000 	        1 	      100
59100000.000 	        1 	      100
59200000.000 	        1 	      100
59300000.000 	        1 	      100
59400000.000 	        1 	      100
59500000.000 	        1 	      100
59600000.000 	        1 	      100
59700000.000 	        1 	      100
59800000.000 	        1 	      100
59900000.000 	        1 	      100
60000000.000 	        1 	      100
60100000.000 	        1 	      100
60200000.000 	        1 	      100
60300000.000 	        1 	      100
60400000.000 	        1 	      100
60500000.000 	        1 	      100
60600000.000 	        1 	      100
60700000.000 	        1 	      100
60800000.000 	        1 	      100
60900000.000 	        1 	      100
61000000.000 	        1 	      100
61100000.000 	        1 	      100
61200000.000 	        1 	      100
61300000.000 	        1 	      100
61400000.000 	        1 	      100
61500000.000 	        1 	      100
61600000.000 	        1 	      100
61700000.000 	        1 	      100
61800000.000 	        1 	      100
61900000.000 	        1 	      100
62000000.000 	        1 	      100
62100000.000 	        1 	      100
62200000.000 	        1 	      100
62300000.000 	        1 	      100
62400000.000 	        1 	      100
