       0.000 	       93 	        2
   20000.000 	       78 	        3
   40000.000 	       61 	        5
   60000.000 	       44 	        7
   80000.000 	       36 	        7
  100000.000 	       34 	       11
  120000.000 	       25 	       11
  140000.000 	       21 	       16
  160000.000 	       21 	       15
  180000.000 	       21 	       16
  200000.000 	       19 	       16
  220000.000 	       17 	       19
  240000.000 	       13 	       21
  260000.000 	       14 	       21
  280000.000 	       14 	       19
  300000.000 	       14 	       19
  320000.000 	       14 	       20
  340000.000 	       13 	       20
  360000.000 	       13 	       20
  380000.000 	       12 	       20
  400000.000 	        9 	       23
  420000.000 	        6 	       31
  440000.000 	        6 	       31
  460000.000 	        7 	       31
  480000.000 	        5 	       31
  500000.000 	        5 	       31
  520000.000 	        5 	       31
  540000.000 	        5 	       31
  560000.000 	        5 	       31
  580000.000 	        6 	       30
  600000.000 	        5 	       31
  620000.000 	        5 	       31
  640000.000 	        6 	       30
  660000.000 	        6 	       30
  680000.000 	        5 	       31
  700000.000 	        5 	       31
  720000.000 	        5 	       31
  740000.000 	        6 	       31
  760000.000 	        6 	       31
  780000.000 	        5 	       31
  800000.000 	        5 	       31
  820000.000 	        5 	       31
  840000.000 	        5 	       31
  860000.000 	        5 	       31
  880000.000 	        4 	       43
  900000.000 	        4 	       43
  920000.000 	        4 	       43
  940000.000 	        5 	       31
  960000.000 	        5 	       31
  980000.000 	        5 	       31
 1000000.000 	        5 	       31
 1020000.000 	        5 	       31
 1040000.000 	        5 	       31
 1060000.000 	        5 	       31
 1080000.000 	        5 	       31
 1100000.000 	        5 	       31
 1120000.000 	        5 	       31
 1140000.000 	        5 	       31
 1160000.000 	        4 	       33
 1180000.000 	        4 	       33
 1200000.000 	        4 	       33
 1220000.000 	        4 	       33
 1240000.000 	        3 	       43
 1260000.000 	        3 	       43
 1280000.000 	        3 	       43
 1300000.000 	        3 	       43
 1320000.000 	        3 	       43
 1340000.000 	        3 	       43
 1360000.000 	        3 	       43
 1380000.000 	        3 	       43
 1400000.000 	        3 	       43
 1420000.000 	        3 	       43
 1440000.000 	        3 	       43
 1460000.000 	        3 	       43
 1480000.000 	        3 	       43
 1500000.000 	        3 	       43
 1520000.000 	        3 	       43
 1540000.000 	        3 	       43
 1560000.000 	        3 	       43
 1580000.000 	        3 	       43
 1600000.000 	        3 	       43
 1620000.000 	        3 	       43
 1640000.000 	        3 	       43
 1660000.000 	        3 	       43
 1680000.000 	        3 	       43
 1700000.000 	        3 	       43
 1720000.000 	        3 	       43
 1740000.000 	        3 	       43
 1760000.000 	        3 	       43
 1780000.000 	        3 	       43
 1800000.000 	        3 	       43
 1820000.000 	        3 	       43
 1840000.000 	        3 	       43
 1860000.000 	        3 	       43
 1880000.000 	        3 	       43
 1900000.000 	        3 	       43
 1920000.000 	        3 	       43
 1940000.000 	        3 	       43
 1960000.000 	        3 	       43
 1980000.000 	        3 	       43
 2000000.000 	        3 	       43
 2020000.000 	        3 	       43
 2040000.000 	        3 	       43
 2060000.000 	        3 	       43
 2080000.000 	        3 	       43
 2100000.000 	        3 	       43
 2120000.000 	        3 	       43
 2140000.000 	        3 	       43
 2160000.000 	        2 	       57
 2180000.000 	        2 	       57
 2200000.000 	        2 	       57
 2220000.000 	        2 	       57
 2240000.000 	        2 	       57
 2260000.000 	        2 	       57
 2280000.000 	        2 	       57
 2300000.000 	        2 	       57
 2320000.000 	        2 	       57
 2340000.000 	        2 	       57
 2360000.000 	        2 	       57
 2380000.000 	        2 	       57
 2400000.000 	        2 	       57
 2420000.000 	        2 	       57
 2440000.000 	        2 	       57
 2460000.000 	        2 	       57
 2480000.000 	        2 	       57
 2500000.000 	        2 	       57
 2520000.000 	        2 	       57
 2540000.000 	        2 	       57
 2560000.000 	        2 	       57
 2580000.000 	        2 	       57
 2600000.000 	        2 	       57
 2620000.000 	        2 	       57
 2640000.000 	        2 	       57
 2660000.000 	        2 	       57
 2680000.000 	        2 	       57
 2700000.000 	        2 	       57
 2720000.000 	        2 	       57
 2740000.000 	        2 	       57
 2760000.000 	        2 	       57
 2780000.000 	        2 	       57
 2800000.000 	        1 	      100
 2820000.000 	        1 	      100
 2840000.000 	        1 	      100
 2860000.000 	        1 	      100
 2880000.000 	        1 	      100
 2900000.000 	        1 	      100
 2920000.000 	        1 	      100
 2940000.000 	        1 	      100
 2960000.000 	        2 	       99
 2980000.000 	        2 	       99
 3000000.000 	        2 	       99
 3020000.000 	        2 	       99
 3040000.000 	        2 	       99
 3060000.000 	        2 	       99
 3080000.000 	        2 	       99
 3100000.000 	        2 	       99
 3120000.000 	        1 	      100
 3140000.000 	        1 	      100
 3160000.000 	        1 	      100
 3180000.000 	        1 	      100
 3200000.000 	        1 	      100
 3220000.000 	        1 	      100
 3240000.000 	        1 	      100
 3260000.000 	        1 	      100
 3280000.000 	        1 	      100
 3300000.000 	        1 	      100
 3320000.000 	        1 	      100
 3340000.000 	        1 	      100
 3360000.000 	        1 	      100
 3380000.000 	        1 	      100
 3400000.000 	        1 	      100
 3420000.000 	        1 	      100
 3440000.000 	        1 	      100
 3460000.000 	        1 	      100
 3480000.000 	        1 	      100
 3500000.000 	        1 	      100
 3520000.000 	        1 	      100
 3540000.000 	        1 	      100
 3560000.000 	        1 	      100
 3580000.000 	        1 	      100
 3600000.000 	        1 	      100
 3620000.000 	        2 	       99
 3640000.000 	        1 	      100
 3660000.000 	        1 	      100
 3680000.000 	        1 	      100
 3700000.000 	        1 	      100
 3720000.000 	        1 	      100
 3740000.000 	        1 	      100
 3760000.000 	        1 	      100
 3780000.000 	        1 	      100
 3800000.000 	        1 	      100
 3820000.000 	        1 	      100
 3840000.000 	        1 	      100
 3860000.000 	        1 	      100
 3880000.000 	        1 	      100
 3900000.000 	        1 	      100
 3920000.000 	        1 	      100
 3940000.000 	        1 	      100
 3960000.000 	        1 	      100
 3980000.000 	        1 	      100
 4000000.000 	        1 	      100
 4020000.000 	        1 	      100
 4040000.000 	        1 	      100
 4060000.000 	        1 	      100
 4080000.000 	        1 	      100
 4100000.000 	        1 	      100
 4120000.000 	        1 	      100
 4140000.000 	        1 	      100
 4160000.000 	        1 	      100
 4180000.000 	        1 	      100
 4200000.000 	        1 	      100
 4220000.000 	        1 	      100
 4240000.000 	        1 	      100
 4260000.000 	        1 	      100
 4280000.000 	        1 	      100
 4300000.000 	        1 	      100
 4320000.000 	        1 	      100
 4340000.000 	        1 	      100
 4360000.000 	        1 	      100
 4380000.000 	        1 	      100
 4400000.000 	        1 	      100
 4420000.000 	        1 	      100
 4440000.000 	        1 	      100
 4460000.000 	        1 	      100
 4480000.000 	        1 	      100
 4500000.000 	        1 	      100
 4520000.000 	        1 	      100
 4540000.000 	        1 	      100
 4560000.000 	        1 	      100
 4580000.000 	        1 	      100
 4600000.000 	        1 	      100
 4620000.000 	        1 	      100
 4640000.000 	        1 	      100
 4660000.000 	        1 	      100
 4680000.000 	        1 	      100
 4700000.000 	        1 	      100
 4720000.000 	        1 	      100
 4740000.000 	        1 	      100
 4760000.000 	        1 	      100
 4780000.000 	        1 	      100
 4800000.000 	        1 	      100
 4820000.000 	        1 	      100
 4840000.000 	        1 	      100
 4860000.000 	        1 	      100
 4880000.000 	        1 	      100
 4900000.000 	        1 	      100
 4920000.000 	        1 	      100
 4940000.000 	        1 	      100
 4960000.000 	        1 	      100
 4980000.000 	        1 	      100
 5000000.000 	        1 	      100
 5020000.000 	        1 	      100
 5040000.000 	        1 	      100
 5060000.000 	        1 	      100
 5080000.000 	        1 	      100
 5100000.000 	        1 	      100
 5120000.000 	        1 	      100
 5140000.000 	        1 	      100
 5160000.000 	        1 	      100
 5180000.000 	        1 	      100
 5200000.000 	        1 	      100
 5220000.000 	        1 	      100
 5240000.000 	        1 	      100
 5260000.000 	        1 	      100
 5280000.000 	        1 	      100
 5300000.000 	        1 	      100
 5320000.000 	        1 	      100
 5340000.000 	        1 	      100
 5360000.000 	        1 	      100
 5380000.000 	        1 	      100
 5400000.000 	        1 	      100
 5420000.000 	        1 	      100
 5440000.000 	        1 	      100
 5460000.000 	        1 	      100
 5480000.000 	        1 	      100
 5500000.000 	        1 	      100
 5520000.000 	        1 	      100
 5540000.000 	        1 	      100
 5560000.000 	        1 	      100
 5580000.000 	        1 	      100
 5600000.000 	        1 	      100
 5620000.000 	        1 	      100
 5640000.000 	        1 	      100
 5660000.000 	        1 	      100
 5680000.000 	        1 	      100
 5700000.000 	        1 	      100
 5720000.000 	        1 	      100
 5740000.000 	        1 	      100
 5760000.000 	        1 	      100
 5780000.000 	        1 	      100
 5800000.000 	        1 	      100
 5820000.000 	        1 	      100
 5840000.000 	        1 	      100
 5860000.000 	        1 	      100
 5880000.000 	        1 	      100
 5900000.000 	        1 	      100
 5920000.000 	        1 	      100
 5940000.000 	        1 	      100
 5960000.000 	        1 	      100
 5980000.000 	        1 	      100
 6000000.000 	        1 	      100
 6020000.000 	        1 	      100
 6040000.000 	        1 	      100
 6060000.000 	        1 	      100
 6080000.000 	        1 	      100
 6100000.000 	        1 	      100
 6120000.000 	        1 	      100
 6140000.000 	        1 	      100
 6160000.000 	        1 	      100
 6180000.000 	        1 	      100
 6200000.000 	        1 	      100
 6220000.000 	        1 	      100
 6240000.000 	        1 	      100
 6260000.000 	        1 	      100
 6280000.000 	        1 	      100
 6300000.000 	        1 	      100
 6320000.000 	        1 	      100
 6340000.000 	        1 	      100
 6360000.000 	        1 	      100
 6380000.000 	        1 	      100
 6400000.000 	        1 	      100
 6420000.000 	        1 	      100
 6440000.000 	        1 	      100
 6460000.000 	        1 	      100
 6480000.000 	        1 	      100
 6500000.000 	        1 	      100
 6520000.000 	        1 	      100
 6540000.000 	        1 	      100
 6560000.000 	        1 	      100
 6580000.000 	        1 	      100
 6600000.000 	        1 	      100
 6620000.000 	        1 	      100
 6640000.000 	        1 	      100
 6660000.000 	        1 	      100
 6680000.000 	        1 	      100
 6700000.000 	        1 	      100
 6720000.000 	        1 	      100
 6740000.000 	        1 	      100
 6760000.000 	        1 	      100
 6780000.000 	        1 	      100
 6800000.000 	        1 	      100
 6820000.000 	        1 	      100
 6840000.000 	        1 	      100
 6860000.000 	        1 	      100
 6880000.000 	        1 	      100
 6900000.000 	        1 	      100
 6920000.000 	        1 	      100
 6940000.000 	        1 	      100
 6960000.000 	        1 	      100
 6980000.000 	        1 	      100
 7000000.000 	        1 	      100
 7020000.000 	        1 	      100
 7040000.000 	        1 	      100
 7060000.000 	        1 	      100
 7080000.000 	        1 	      100
 7100000.000 	        1 	      100
 7120000.000 	        1 	      100
 7140000.000 	        1 	      100
 7160000.000 	        1 	      100
 7180000.000 	        1 	      100
 7200000.000 	        1 	      100
 7220000.000 	        1 	      100
 7240000.000 	        1 	      100
 7260000.000 	        1 	      100
 7280000.000 	        1 	      100
 7300000.000 	        1 	      100
 7320000.000 	        1 	      100
 7340000.000 	        1 	      100
 7360000.000 	        1 	      100
 7380000.000 	        1 	      100
 7400000.000 	        1 	      100
 7420000.000 	        1 	      100
 7440000.000 	        1 	      100
 7460000.000 	        1 	      100
 7480000.000 	        1 	      100
 7500000.000 	        1 	      100
 7520000.000 	        1 	      100
 7540000.000 	        1 	      100
 7560000.000 	        1 	      100
 7580000.000 	        1 	      100
 7600000.000 	        1 	      100
 7620000.000 	        1 	      100
 7640000.000 	        1 	      100
 7660000.000 	        1 	      100
 7680000.000 	        1 	      100
 7700000.000 	        1 	      100
 7720000.000 	        1 	      100
 7740000.000 	        1 	      100
 7760000.000 	        1 	      100
 7780000.000 	        1 	      100
 7800000.000 	        1 	      100
 7820000.000 	        1 	      100
 7840000.000 	        1 	      100
 7860000.000 	        1 	      100
 7880000.000 	        1 	      100
 7900000.000 	        1 	      100
 7920000.000 	        1 	      100
 7940000.000 	        1 	      100
 7960000.000 	        1 	      100
 7980000.000 	        1 	      100
 8000000.000 	        1 	      100
 8020000.000 	        1 	      100
 8040000.000 	        1 	      100
 8060000.000 	        1 	      100
 8080000.000 	        1 	      100
 8100000.000 	        1 	      100
 8120000.000 	        1 	      100
 8140000.000 	        1 	      100
 8160000.000 	        1 	      100
 8180000.000 	        1 	      100
 8200000.000 	        1 	      100
 8220000.000 	        1 	      100
 8240000.000 	        1 	      100
 8260000.000 	        1 	      100
 8280000.000 	        1 	      100
 8300000.000 	        1 	      100
 8320000.000 	        1 	      100
 8340000.000 	        1 	      100
 8360000.000 	        1 	      100
 8380000.000 	        1 	      100
 8400000.000 	        1 	      100
 8420000.000 	        1 	      100
 8440000.000 	        1 	      100
 8460000.000 	        1 	      100
 8480000.000 	        1 	      100
 8500000.000 	        1 	      100
 8520000.000 	        1 	      100
 8540000.000 	        1 	      100
 8560000.000 	        1 	      100
 8580000.000 	        1 	      100
 8600000.000 	        1 	      100
 8620000.000 	        1 	      100
 8640000.000 	        1 	      100
 8660000.000 	        1 	      100
 8680000.000 	        1 	      100
 8700000.000 	        1 	      100
 8720000.000 	        1 	      100
 8740000.000 	        1 	      100
 8760000.000 	        1 	      100
 8780000.000 	        1 	      100
 8800000.000 	        1 	      100
 8820000.000 	        1 	      100
 8840000.000 	        1 	      100
 8860000.000 	        1 	      100
 8880000.000 	        1 	      100
 8900000.000 	        1 	      100
 8920000.000 	        1 	      100
 8940000.000 	        1 	      100
 8960000.000 	        1 	      100
 8980000.000 	        1 	      100
 9000000.000 	        1 	      100
 9020000.000 	        1 	      100
 9040000.000 	        1 	      100
 9060000.000 	        1 	      100
 9080000.000 	        1 	      100
 9100000.000 	        1 	      100
 9120000.000 	        1 	      100
 9140000.000 	        1 	      100
 9160000.000 	        1 	      100
 9180000.000 	        1 	      100
 9200000.000 	        1 	      100
 9220000.000 	        1 	      100
 9240000.000 	        1 	      100
 9260000.000 	        1 	      100
 9280000.000 	        1 	      100
 9300000.000 	        1 	      100
 9320000.000 	        1 	      100
 9340000.000 	        1 	      100
 9360000.000 	        1 	      100
 9380000.000 	        1 	      100
 9400000.000 	        1 	      100
 9420000.000 	        1 	      100
 9440000.000 	        1 	      100
 9460000.000 	        1 	      100
 9480000.000 	        1 	      100
 9500000.000 	        1 	      100
 9520000.000 	        1 	      100
 9540000.000 	        1 	      100
 9560000.000 	        1 	      100
 9580000.000 	        1 	      100
 9600000.000 	        1 	      100
 9620000.000 	        1 	      100
 9640000.000 	        1 	      100
 9660000.000 	        1 	      100
 9680000.000 	        1 	      100
 9700000.000 	        1 	      100
 9720000.000 	        1 	      100
 9740000.000 	        1 	      100
 9760000.000 	        1 	      100
 9780000.000 	        1 	      100
 9800000.000 	        1 	      100
 9820000.000 	        1 	      100
 9840000.000 	        1 	      100
 9860000.000 	        1 	      100
 9880000.000 	        1 	      100
 9900000.000 	        1 	      100
 9920000.000 	        1 	      100
 9940000.000 	        1 	      100
 9960000.000 	        1 	      100
 9980000.000 	        1 	      100
10000000.000 	        1 	      100
