       0.000 	    0.200 	       82 	       16 	        2 	        0 	        0 	        0 	        0
   20000.000 	    0.660 	       45 	       45 	        9 	        1 	        0 	        0 	        0
   40000.000 	    0.900 	       35 	       42 	       21 	        2 	        0 	        0 	        0
   60000.000 	    1.180 	       25 	       39 	       30 	        5 	        1 	        0 	        0
   80000.000 	    1.320 	       18 	       40 	       35 	        6 	        1 	        0 	        0
  100000.000 	    1.480 	       17 	       34 	       34 	       14 	        1 	        0 	        0
  120000.000 	    1.580 	       17 	       28 	       36 	       18 	        1 	        0 	        0
  140000.000 	    1.880 	       10 	       23 	       38 	       27 	        2 	        0 	        0
  160000.000 	    2.100 	        7 	       18 	       38 	       32 	        5 	        0 	        0
  180000.000 	    2.340 	        3 	       16 	       34 	       38 	        9 	        0 	        0
  200000.000 	    2.480 	        3 	        9 	       38 	       37 	       13 	        0 	        0
  220000.000 	    2.540 	        2 	       11 	       35 	       37 	       13 	        2 	        0
  240000.000 	    2.620 	        3 	        7 	       39 	       31 	       16 	        4 	        0
  260000.000 	    2.740 	        2 	        6 	       35 	       35 	       17 	        5 	        0
  280000.000 	    2.860 	        1 	        6 	       28 	       41 	       19 	        5 	        0
  300000.000 	    2.920 	        1 	        6 	       26 	       40 	       21 	        6 	        0
  320000.000 	    2.960 	        3 	        3 	       24 	       43 	       19 	        8 	        0
  340000.000 	    3.040 	        2 	        3 	       24 	       39 	       24 	        8 	        0
  360000.000 	    3.080 	        1 	        4 	       22 	       41 	       23 	        9 	        0
  380000.000 	    3.120 	        1 	        3 	       22 	       40 	       25 	        9 	        0
  400000.000 	    3.140 	        0 	        4 	       21 	       41 	       25 	        9 	        0
  420000.000 	    3.180 	        1 	        3 	       20 	       38 	       29 	        9 	        0
  440000.000 	    3.280 	        0 	        3 	       19 	       35 	       33 	       10 	        0
  460000.000 	    3.340 	        0 	        2 	       20 	       30 	       38 	       10 	        0
  480000.000 	    3.360 	        0 	        3 	       18 	       30 	       38 	       11 	        0
  500000.000 	    3.380 	        0 	        2 	       18 	       31 	       38 	       11 	        0
  520000.000 	    3.400 	        0 	        2 	       17 	       31 	       39 	       11 	        0
  540000.000 	    3.480 	        0 	        1 	       15 	       32 	       40 	       11 	        1
  560000.000 	    3.500 	        0 	        1 	       15 	       31 	       40 	       12 	        1
  580000.000 	    3.580 	        1 	        0 	       13 	       29 	       42 	       13 	        2
  600000.000 	    3.640 	        0 	        0 	       14 	       26 	       44 	       14 	        2
  620000.000 	    3.640 	        0 	        0 	       14 	       26 	       44 	       14 	        2
  640000.000 	    3.640 	        0 	        0 	       14 	       26 	       44 	       14 	        2
  660000.000 	    3.640 	        0 	        0 	       14 	       26 	       44 	       14 	        2
  680000.000 	    3.640 	        0 	        0 	       14 	       26 	       44 	       14 	        2
  700000.000 	    3.640 	        0 	        0 	       14 	       26 	       44 	       14 	        2
  720000.000 	    3.640 	        0 	        0 	       14 	       26 	       44 	       14 	        2
  740000.000 	    3.640 	        0 	        0 	       14 	       26 	       44 	       14 	        2
  760000.000 	    3.640 	        0 	        0 	       14 	       26 	       44 	       14 	        2
  780000.000 	    3.640 	        0 	        0 	       14 	       26 	       44 	       14 	        2
  800000.000 	    3.640 	        0 	        0 	       14 	       26 	       44 	       14 	        2
  820000.000 	    3.640 	        0 	        0 	       14 	       26 	       44 	       14 	        2
  840000.000 	    3.640 	        0 	        0 	       14 	       26 	       44 	       14 	        2
  860000.000 	    3.640 	        0 	        0 	       14 	       26 	       44 	       14 	        2
  880000.000 	    3.640 	        0 	        0 	       14 	       26 	       44 	       14 	        2
  900000.000 	    3.640 	        0 	        0 	       14 	       26 	       44 	       14 	        2
  920000.000 	    3.640 	        0 	        0 	       14 	       26 	       44 	       14 	        2
  940000.000 	    3.640 	        0 	        0 	       14 	       26 	       44 	       14 	        2
  960000.000 	    3.640 	        0 	        0 	       14 	       26 	       44 	       14 	        2
  980000.000 	    3.640 	        0 	        0 	       14 	       26 	       44 	       14 	        2
 1000000.000 	    3.660 	        0 	        0 	       14 	       24 	       46 	       14 	        2
 1020000.000 	    3.660 	        0 	        0 	       14 	       24 	       46 	       14 	        2
 1040000.000 	    3.660 	        0 	        0 	       14 	       24 	       46 	       14 	        2
 1060000.000 	    3.660 	        0 	        0 	       14 	       24 	       46 	       14 	        2
 1080000.000 	    3.660 	        0 	        0 	       14 	       24 	       46 	       14 	        2
 1100000.000 	    3.700 	        0 	        0 	       13 	       23 	       47 	       15 	        2
 1120000.000 	    3.700 	        0 	        0 	       13 	       23 	       47 	       15 	        2
 1140000.000 	    3.700 	        0 	        0 	       13 	       23 	       47 	       15 	        2
 1160000.000 	    3.700 	        0 	        0 	       13 	       23 	       47 	       15 	        2
 1180000.000 	    3.700 	        0 	        0 	       13 	       23 	       47 	       15 	        2
 1200000.000 	    3.700 	        0 	        0 	       13 	       23 	       47 	       15 	        2
 1220000.000 	    3.720 	        0 	        0 	       13 	       21 	       49 	       15 	        2
 1240000.000 	    3.720 	        0 	        0 	       13 	       21 	       49 	       15 	        2
 1260000.000 	    3.720 	        0 	        0 	       13 	       21 	       49 	       15 	        2
 1280000.000 	    3.720 	        0 	        0 	       13 	       21 	       49 	       15 	        2
 1300000.000 	    3.720 	        0 	        0 	       13 	       21 	       49 	       15 	        2
 1320000.000 	    3.720 	        0 	        0 	       13 	       21 	       49 	       15 	        2
 1340000.000 	    3.720 	        0 	        0 	       13 	       21 	       49 	       15 	        2
 1360000.000 	    3.720 	        0 	        0 	       13 	       21 	       49 	       15 	        2
 1380000.000 	    3.720 	        0 	        0 	       13 	       21 	       49 	       15 	        2
 1400000.000 	    3.720 	        0 	        0 	       13 	       21 	       49 	       15 	        2
 1420000.000 	    3.720 	        0 	        0 	       13 	       21 	       49 	       15 	        2
 1440000.000 	    3.720 	        0 	        0 	       13 	       21 	       49 	       15 	        2
 1460000.000 	    3.720 	        0 	        0 	       13 	       21 	       49 	       15 	        2
 1480000.000 	    3.720 	        0 	        0 	       13 	       21 	       49 	       15 	        2
 1500000.000 	    3.740 	        0 	        0 	       13 	       21 	       47 	       17 	        2
 1520000.000 	    3.740 	        0 	        0 	       13 	       21 	       47 	       17 	        2
 1540000.000 	    3.760 	        0 	        0 	       13 	       21 	       45 	       19 	        2
 1560000.000 	    3.760 	        0 	        0 	       13 	       21 	       45 	       19 	        2
 1580000.000 	    3.760 	        0 	        0 	       13 	       21 	       45 	       19 	        2
 1600000.000 	    3.760 	        0 	        0 	       13 	       21 	       45 	       19 	        2
 1620000.000 	    3.760 	        0 	        0 	       13 	       21 	       45 	       19 	        2
 1640000.000 	    3.760 	        0 	        0 	       13 	       21 	       45 	       19 	        2
 1660000.000 	    3.760 	        0 	        0 	       13 	       21 	       45 	       19 	        2
 1680000.000 	    3.760 	        0 	        0 	       13 	       21 	       45 	       19 	        2
 1700000.000 	    3.780 	        0 	        0 	       11 	       23 	       45 	       19 	        2
 1720000.000 	    3.780 	        0 	        0 	       11 	       23 	       45 	       19 	        2
 1740000.000 	    3.780 	        0 	        0 	       11 	       23 	       45 	       19 	        2
 1760000.000 	    3.780 	        0 	        0 	       11 	       23 	       45 	       19 	        2
 1780000.000 	    3.780 	        0 	        0 	       11 	       23 	       45 	       19 	        2
 1800000.000 	    3.780 	        0 	        0 	       11 	       23 	       45 	       19 	        2
 1820000.000 	    3.780 	        0 	        0 	       11 	       23 	       45 	       19 	        2
 1840000.000 	    3.780 	        0 	        0 	       11 	       23 	       45 	       19 	        2
 1860000.000 	    3.780 	        0 	        0 	       11 	       23 	       45 	       19 	        2
 1880000.000 	    3.800 	        0 	        0 	       11 	       21 	       47 	       19 	        2
 1900000.000 	    3.800 	        0 	        0 	       11 	       21 	       47 	       19 	        2
 1920000.000 	    3.820 	        0 	        0 	       12 	       20 	       44 	       22 	        2
 1940000.000 	    3.840 	        0 	        0 	       11 	       21 	       43 	       23 	        2
 1960000.000 	    3.840 	        0 	        0 	       11 	       21 	       43 	       23 	        2
 1980000.000 	    3.840 	        0 	        0 	       11 	       21 	       43 	       23 	        2
 2000000.000 	    3.840 	        0 	        0 	       11 	       21 	       43 	       23 	        2
 2020000.000 	    3.860 	        0 	        0 	       11 	       20 	       43 	       24 	        2
 2040000.000 	    3.860 	        0 	        0 	       11 	       20 	       43 	       24 	        2
 2060000.000 	    3.860 	        0 	        0 	       11 	       20 	       43 	       24 	        2
 2080000.000 	    3.860 	        0 	        0 	       11 	       20 	       43 	       24 	        2
 2100000.000 	    3.880 	        0 	        0 	       10 	       21 	       42 	       25 	        2
 2120000.000 	    3.880 	        0 	        0 	       10 	       21 	       42 	       25 	        2
 2140000.000 	    3.880 	        0 	        0 	       10 	       21 	       42 	       25 	        2
 2160000.000 	    3.880 	        0 	        0 	       10 	       21 	       42 	       25 	        2
 2180000.000 	    3.880 	        0 	        0 	       10 	       21 	       42 	       25 	        2
 2200000.000 	    3.880 	        0 	        0 	       10 	       21 	       42 	       25 	        2
 2220000.000 	    3.880 	        0 	        0 	       10 	       21 	       42 	       25 	        2
 2240000.000 	    3.880 	        0 	        0 	       10 	       21 	       42 	       25 	        2
 2260000.000 	    3.880 	        0 	        0 	       10 	       21 	       42 	       25 	        2
 2280000.000 	    3.880 	        0 	        0 	       10 	       21 	       42 	       25 	        2
 2300000.000 	    3.880 	        0 	        0 	       10 	       21 	       42 	       25 	        2
 2320000.000 	    3.880 	        0 	        0 	       10 	       21 	       42 	       25 	        2
 2340000.000 	    3.880 	        0 	        0 	       10 	       21 	       42 	       25 	        2
 2360000.000 	    3.880 	        0 	        0 	       10 	       21 	       42 	       25 	        2
 2380000.000 	    3.880 	        0 	        0 	       10 	       21 	       42 	       25 	        2
 2400000.000 	    3.880 	        0 	        0 	       10 	       21 	       42 	       25 	        2
 2420000.000 	    3.880 	        0 	        0 	       10 	       21 	       42 	       25 	        2
 2440000.000 	    3.880 	        0 	        0 	       10 	       21 	       42 	       25 	        2
 2460000.000 	    3.880 	        0 	        0 	       10 	       21 	       42 	       25 	        2
 2480000.000 	    3.880 	        0 	        0 	       10 	       21 	       42 	       25 	        2
 2500000.000 	    3.880 	        0 	        0 	       10 	       21 	       42 	       25 	        2
 2520000.000 	    3.880 	        0 	        0 	       10 	       21 	       42 	       25 	        2
 2540000.000 	    3.880 	        0 	        0 	       10 	       21 	       42 	       25 	        2
 2560000.000 	    3.880 	        0 	        0 	       10 	       21 	       42 	       25 	        2
 2580000.000 	    3.880 	        0 	        0 	       10 	       21 	       42 	       25 	        2
 2600000.000 	    3.880 	        0 	        0 	       10 	       21 	       42 	       25 	        2
 2620000.000 	    3.880 	        0 	        0 	       10 	       21 	       42 	       25 	        2
 2640000.000 	    3.880 	        0 	        0 	       10 	       21 	       42 	       25 	        2
 2660000.000 	    3.880 	        0 	        0 	       10 	       21 	       42 	       25 	        2
 2680000.000 	    3.940 	        0 	        0 	        8 	       22 	       42 	       24 	        4
 2700000.000 	    3.940 	        0 	        0 	        8 	       22 	       42 	       24 	        4
 2720000.000 	    3.940 	        0 	        0 	        8 	       22 	       42 	       24 	        4
 2740000.000 	    3.960 	        0 	        0 	        8 	       21 	       42 	       25 	        4
 2760000.000 	    3.960 	        0 	        0 	        8 	       21 	       42 	       25 	        4
 2780000.000 	    3.960 	        0 	        0 	        8 	       21 	       42 	       25 	        4
 2800000.000 	    3.960 	        0 	        0 	        8 	       21 	       42 	       25 	        4
 2820000.000 	    3.960 	        0 	        0 	        8 	       21 	       42 	       25 	        4
 2840000.000 	    3.960 	        0 	        0 	        8 	       21 	       42 	       25 	        4
 2860000.000 	    3.960 	        0 	        0 	        8 	       21 	       42 	       25 	        4
 2880000.000 	    3.960 	        0 	        0 	        8 	       21 	       42 	       25 	        4
 2900000.000 	    3.960 	        0 	        0 	        8 	       21 	       42 	       25 	        4
 2920000.000 	    3.960 	        0 	        0 	        8 	       21 	       42 	       25 	        4
 2940000.000 	    3.960 	        0 	        0 	        8 	       21 	       42 	       25 	        4
 2960000.000 	    3.960 	        0 	        0 	        8 	       21 	       42 	       25 	        4
 2980000.000 	    3.960 	        0 	        0 	        8 	       21 	       42 	       25 	        4
 3000000.000 	    3.960 	        0 	        0 	        8 	       21 	       42 	       25 	        4
 3020000.000 	    3.960 	        0 	        0 	        8 	       21 	       42 	       25 	        4
 3040000.000 	    3.960 	        0 	        0 	        8 	       21 	       42 	       25 	        4
 3060000.000 	    3.960 	        0 	        0 	        8 	       21 	       42 	       25 	        4
 3080000.000 	    3.960 	        0 	        0 	        8 	       21 	       42 	       25 	        4
 3100000.000 	    3.960 	        0 	        0 	        8 	       21 	       42 	       25 	        4
 3120000.000 	    3.940 	        0 	        0 	       10 	       19 	       42 	       25 	        4
 3140000.000 	    3.960 	        0 	        0 	        8 	       21 	       42 	       25 	        4
 3160000.000 	    3.960 	        0 	        0 	        8 	       21 	       42 	       25 	        4
 3180000.000 	    3.960 	        0 	        0 	        8 	       21 	       42 	       25 	        4
 3200000.000 	    3.960 	        0 	        0 	        8 	       21 	       42 	       25 	        4
 3220000.000 	    3.960 	        0 	        0 	        8 	       21 	       42 	       25 	        4
 3240000.000 	    3.960 	        0 	        0 	        8 	       21 	       42 	       25 	        4
 3260000.000 	    3.960 	        0 	        0 	        8 	       21 	       42 	       25 	        4
 3280000.000 	    3.960 	        0 	        0 	        8 	       21 	       42 	       25 	        4
 3300000.000 	    3.960 	        0 	        0 	        8 	       21 	       42 	       25 	        4
 3320000.000 	    3.960 	        0 	        0 	        8 	       21 	       42 	       25 	        4
 3340000.000 	    3.940 	        0 	        0 	        8 	       23 	       40 	       25 	        4
 3360000.000 	    3.980 	        0 	        0 	        8 	       20 	       42 	       26 	        4
 3380000.000 	    4.000 	        0 	        0 	        8 	       20 	       41 	       26 	        5
 3400000.000 	    4.040 	        0 	        0 	        7 	       19 	       43 	       25 	        6
 3420000.000 	    4.040 	        0 	        0 	        7 	       19 	       43 	       25 	        6
 3440000.000 	    4.040 	        0 	        0 	        7 	       19 	       43 	       25 	        6
 3460000.000 	    4.040 	        0 	        0 	        7 	       19 	       43 	       25 	        6
 3480000.000 	    4.040 	        0 	        0 	        7 	       19 	       43 	       25 	        6
 3500000.000 	    4.040 	        0 	        0 	        7 	       19 	       43 	       25 	        6
 3520000.000 	    4.040 	        0 	        0 	        7 	       19 	       43 	       25 	        6
 3540000.000 	    4.040 	        0 	        0 	        7 	       19 	       43 	       25 	        6
 3560000.000 	    4.040 	        0 	        0 	        7 	       19 	       43 	       25 	        6
 3580000.000 	    4.040 	        0 	        0 	        7 	       19 	       43 	       25 	        6
 3600000.000 	    4.040 	        0 	        0 	        7 	       19 	       43 	       25 	        6
 3620000.000 	    4.040 	        0 	        0 	        7 	       19 	       43 	       25 	        6
 3640000.000 	    4.040 	        0 	        0 	        7 	       19 	       43 	       25 	        6
 3660000.000 	    4.040 	        0 	        0 	        7 	       19 	       43 	       25 	        6
 3680000.000 	    4.040 	        0 	        0 	        7 	       19 	       43 	       25 	        6
 3700000.000 	    4.040 	        0 	        0 	        7 	       19 	       43 	       25 	        6
 3720000.000 	    4.040 	        0 	        0 	        7 	       19 	       43 	       25 	        6
 3740000.000 	    4.040 	        0 	        0 	        7 	       19 	       43 	       25 	        6
 3760000.000 	    4.040 	        0 	        0 	        7 	       19 	       43 	       25 	        6
 3780000.000 	    4.040 	        0 	        0 	        7 	       19 	       43 	       25 	        6
 3800000.000 	    4.040 	        0 	        0 	        7 	       19 	       43 	       25 	        6
 3820000.000 	    4.040 	        0 	        0 	        7 	       19 	       43 	       25 	        6
 3840000.000 	    4.040 	        0 	        0 	        7 	       19 	       43 	       25 	        6
 3860000.000 	    4.040 	        0 	        0 	        7 	       19 	       43 	       25 	        6
 3880000.000 	    4.040 	        0 	        0 	        7 	       19 	       43 	       25 	        6
 3900000.000 	    4.040 	        0 	        0 	        7 	       19 	       43 	       25 	        6
 3920000.000 	    4.040 	        0 	        0 	        7 	       19 	       43 	       25 	        6
 3940000.000 	    4.040 	        0 	        0 	        7 	       19 	       43 	       25 	        6
 3960000.000 	    4.040 	        0 	        0 	        7 	       19 	       43 	       25 	        6
 3980000.000 	    4.040 	        0 	        0 	        7 	       19 	       43 	       25 	        6
 4000000.000 	    4.040 	        0 	        0 	        7 	       19 	       43 	       25 	        6
 4020000.000 	    4.040 	        0 	        0 	        7 	       19 	       43 	       25 	        6
 4040000.000 	    4.040 	        0 	        0 	        7 	       19 	       43 	       25 	        6
 4060000.000 	    4.040 	        0 	        0 	        7 	       19 	       43 	       25 	        6
 4080000.000 	    4.040 	        0 	        0 	        7 	       19 	       43 	       25 	        6
 4100000.000 	    4.040 	        0 	        0 	        7 	       19 	       43 	       25 	        6
 4120000.000 	    4.040 	        0 	        0 	        7 	       19 	       43 	       25 	        6
 4140000.000 	    4.040 	        0 	        0 	        7 	       19 	       43 	       25 	        6
 4160000.000 	    4.040 	        0 	        0 	        7 	       19 	       43 	       25 	        6
 4180000.000 	    4.040 	        0 	        0 	        7 	       19 	       43 	       25 	        6
 4200000.000 	    4.040 	        0 	        0 	        7 	       19 	       43 	       25 	        6
 4220000.000 	    4.040 	        0 	        0 	        7 	       19 	       43 	       25 	        6
 4240000.000 	    4.040 	        0 	        0 	        7 	       19 	       43 	       25 	        6
 4260000.000 	    4.040 	        0 	        0 	        7 	       19 	       43 	       25 	        6
 4280000.000 	    4.040 	        0 	        0 	        7 	       19 	       43 	       25 	        6
 4300000.000 	    4.040 	        0 	        0 	        7 	       19 	       43 	       25 	        6
 4320000.000 	    4.040 	        0 	        0 	        7 	       19 	       43 	       25 	        6
 4340000.000 	    4.040 	        0 	        0 	        7 	       19 	       43 	       25 	        6
 4360000.000 	    4.040 	        0 	        0 	        7 	       19 	       43 	       25 	        6
 4380000.000 	    4.040 	        0 	        0 	        7 	       19 	       43 	       25 	        6
 4400000.000 	    4.040 	        0 	        0 	        7 	       19 	       43 	       25 	        6
 4420000.000 	    4.040 	        0 	        0 	        7 	       19 	       43 	       25 	        6
 4440000.000 	    4.040 	        0 	        0 	        7 	       19 	       43 	       25 	        6
 4460000.000 	    4.040 	        0 	        0 	        7 	       19 	       43 	       25 	        6
 4480000.000 	    4.040 	        0 	        0 	        7 	       19 	       43 	       25 	        6
 4500000.000 	    4.040 	        0 	        0 	        7 	       19 	       43 	       25 	        6
 4520000.000 	    4.040 	        0 	        0 	        7 	       19 	       43 	       25 	        6
 4540000.000 	    4.040 	        0 	        0 	        7 	       19 	       43 	       25 	        6
 4560000.000 	    4.040 	        0 	        0 	        7 	       19 	       43 	       25 	        6
 4580000.000 	    4.040 	        0 	        0 	        7 	       19 	       43 	       25 	        6
 4600000.000 	    4.040 	        0 	        0 	        7 	       19 	       43 	       25 	        6
 4620000.000 	    4.040 	        0 	        0 	        7 	       18 	       45 	       24 	        6
 4640000.000 	    4.040 	        0 	        0 	        7 	       18 	       45 	       24 	        6
 4660000.000 	    4.040 	        0 	        0 	        7 	       18 	       45 	       24 	        6
 4680000.000 	    4.040 	        0 	        0 	        7 	       18 	       45 	       24 	        6
 4700000.000 	    4.040 	        0 	        0 	        7 	       18 	       45 	       24 	        6
 4720000.000 	    4.040 	        0 	        0 	        7 	       18 	       45 	       24 	        6
 4740000.000 	    4.040 	        0 	        0 	        7 	       18 	       45 	       24 	        6
 4760000.000 	    4.040 	        0 	        0 	        7 	       18 	       45 	       24 	        6
 4780000.000 	    4.040 	        0 	        0 	        7 	       18 	       45 	       24 	        6
 4800000.000 	    4.040 	        0 	        0 	        7 	       18 	       45 	       24 	        6
 4820000.000 	    4.040 	        0 	        0 	        7 	       18 	       45 	       24 	        6
 4840000.000 	    4.040 	        0 	        0 	        7 	       18 	       45 	       24 	        6
 4860000.000 	    4.040 	        0 	        0 	        7 	       18 	       45 	       24 	        6
 4880000.000 	    4.040 	        0 	        0 	        7 	       18 	       45 	       24 	        6
 4900000.000 	    4.040 	        0 	        0 	        7 	       18 	       45 	       24 	        6
 4920000.000 	    4.060 	        0 	        0 	        6 	       19 	       44 	       25 	        6
 4940000.000 	    4.060 	        0 	        0 	        6 	       19 	       44 	       25 	        6
 4960000.000 	    4.060 	        0 	        0 	        6 	       19 	       44 	       25 	        6
 4980000.000 	    4.060 	        0 	        0 	        6 	       19 	       44 	       25 	        6
 5000000.000 	    4.060 	        0 	        0 	        6 	       19 	       44 	       25 	        6
 5020000.000 	    4.060 	        0 	        0 	        6 	       19 	       44 	       25 	        6
 5040000.000 	    4.040 	        0 	        0 	        7 	       19 	       43 	       25 	        6
 5060000.000 	    4.040 	        0 	        0 	        7 	       19 	       43 	       25 	        6
 5080000.000 	    4.040 	        0 	        0 	        7 	       19 	       43 	       25 	        6
 5100000.000 	    4.040 	        0 	        0 	        7 	       19 	       43 	       25 	        6
 5120000.000 	    4.040 	        0 	        0 	        7 	       19 	       43 	       25 	        6
 5140000.000 	    4.040 	        0 	        0 	        7 	       19 	       43 	       25 	        6
 5160000.000 	    4.040 	        0 	        0 	        7 	       19 	       43 	       25 	        6
 5180000.000 	    4.040 	        0 	        0 	        7 	       19 	       43 	       25 	        6
 5200000.000 	    4.040 	        0 	        0 	        7 	       19 	       43 	       25 	        6
 5220000.000 	    4.060 	        0 	        0 	        6 	       19 	       44 	       25 	        6
 5240000.000 	    4.060 	        0 	        0 	        6 	       19 	       44 	       25 	        6
 5260000.000 	    4.060 	        0 	        0 	        6 	       19 	       44 	       25 	        6
 5280000.000 	    4.060 	        0 	        0 	        6 	       19 	       44 	       25 	        6
 5300000.000 	    4.060 	        0 	        0 	        6 	       19 	       44 	       25 	        6
 5320000.000 	    4.060 	        0 	        0 	        6 	       19 	       44 	       25 	        6
 5340000.000 	    4.060 	        0 	        0 	        6 	       19 	       44 	       25 	        6
 5360000.000 	    4.060 	        0 	        0 	        6 	       19 	       44 	       25 	        6
 5380000.000 	    4.040 	        0 	        0 	        7 	       18 	       45 	       24 	        6
 5400000.000 	    4.040 	        0 	        0 	        7 	       18 	       45 	       24 	        6
 5420000.000 	    4.040 	        0 	        0 	        7 	       18 	       45 	       24 	        6
 5440000.000 	    4.040 	        0 	        0 	        7 	       18 	       45 	       24 	        6
 5460000.000 	    4.040 	        0 	        0 	        7 	       18 	       45 	       24 	        6
 5480000.000 	    4.040 	        0 	        0 	        7 	       18 	       45 	       24 	        6
 5500000.000 	    4.040 	        0 	        0 	        7 	       18 	       45 	       24 	        6
 5520000.000 	    4.040 	        0 	        0 	        7 	       18 	       45 	       24 	        6
 5540000.000 	    4.040 	        0 	        0 	        7 	       18 	       45 	       24 	        6
 5560000.000 	    4.040 	        0 	        0 	        7 	       18 	       45 	       24 	        6
 5580000.000 	    4.040 	        0 	        0 	        7 	       18 	       45 	       24 	        6
 5600000.000 	    4.040 	        0 	        0 	        7 	       18 	       45 	       24 	        6
 5620000.000 	    4.040 	        0 	        0 	        7 	       18 	       45 	       24 	        6
 5640000.000 	    4.040 	        0 	        0 	        7 	       18 	       45 	       24 	        6
 5660000.000 	    4.040 	        0 	        0 	        7 	       18 	       45 	       24 	        6
 5680000.000 	    4.040 	        0 	        0 	        7 	       18 	       45 	       24 	        6
 5700000.000 	    4.040 	        0 	        0 	        7 	       18 	       45 	       24 	        6
 5720000.000 	    4.040 	        0 	        0 	        7 	       18 	       45 	       24 	        6
 5740000.000 	    4.040 	        0 	        0 	        7 	       18 	       45 	       24 	        6
 5760000.000 	    4.040 	        0 	        0 	        7 	       18 	       45 	       24 	        6
 5780000.000 	    4.040 	        0 	        0 	        7 	       18 	       45 	       24 	        6
 5800000.000 	    4.040 	        0 	        0 	        7 	       18 	       45 	       24 	        6
 5820000.000 	    4.040 	        0 	        0 	        7 	       18 	       45 	       24 	        6
 5840000.000 	    4.040 	        0 	        0 	        7 	       18 	       45 	       24 	        6
 5860000.000 	    4.040 	        0 	        0 	        7 	       18 	       45 	       24 	        6
 5880000.000 	    4.040 	        0 	        0 	        7 	       18 	       45 	       24 	        6
 5900000.000 	    4.040 	        0 	        0 	        7 	       18 	       45 	       24 	        6
 5920000.000 	    4.040 	        0 	        0 	        7 	       18 	       45 	       24 	        6
 5940000.000 	    4.040 	        0 	        0 	        7 	       18 	       45 	       24 	        6
 5960000.000 	    4.040 	        0 	        0 	        7 	       18 	       45 	       24 	        6
 5980000.000 	    4.040 	        0 	        0 	        7 	       18 	       45 	       24 	        6
 6000000.000 	    4.040 	        0 	        0 	        7 	       18 	       45 	       24 	        6
 6020000.000 	    4.040 	        0 	        0 	        7 	       18 	       45 	       24 	        6
 6040000.000 	    4.040 	        0 	        0 	        7 	       18 	       45 	       24 	        6
 6060000.000 	    4.040 	        0 	        0 	        7 	       18 	       45 	       24 	        6
 6080000.000 	    4.040 	        0 	        0 	        7 	       18 	       45 	       24 	        6
 6100000.000 	    4.040 	        0 	        0 	        7 	       18 	       45 	       24 	        6
 6120000.000 	    4.040 	        0 	        0 	        7 	       18 	       45 	       24 	        6
 6140000.000 	    4.040 	        0 	        0 	        7 	       18 	       45 	       24 	        6
 6160000.000 	    4.040 	        0 	        0 	        7 	       18 	       45 	       24 	        6
 6180000.000 	    4.040 	        0 	        0 	        7 	       18 	       45 	       24 	        6
 6200000.000 	    4.040 	        0 	        0 	        7 	       18 	       45 	       24 	        6
 6220000.000 	    4.040 	        0 	        0 	        7 	       18 	       45 	       24 	        6
 6240000.000 	    4.040 	        0 	        0 	        7 	       18 	       45 	       24 	        6
 6260000.000 	    4.040 	        0 	        0 	        7 	       18 	       45 	       24 	        6
 6280000.000 	    4.040 	        0 	        0 	        7 	       18 	       45 	       24 	        6
 6300000.000 	    4.040 	        0 	        0 	        7 	       18 	       45 	       24 	        6
 6320000.000 	    4.040 	        0 	        0 	        7 	       18 	       45 	       24 	        6
 6340000.000 	    4.040 	        0 	        0 	        7 	       18 	       45 	       24 	        6
 6360000.000 	    4.040 	        0 	        0 	        7 	       18 	       45 	       24 	        6
 6380000.000 	    4.040 	        0 	        0 	        7 	       18 	       45 	       24 	        6
 6400000.000 	    4.040 	        0 	        0 	        7 	       18 	       45 	       24 	        6
 6420000.000 	    4.040 	        0 	        0 	        7 	       18 	       45 	       24 	        6
 6440000.000 	    4.040 	        0 	        0 	        7 	       18 	       45 	       24 	        6
 6460000.000 	    4.040 	        0 	        0 	        7 	       18 	       45 	       24 	        6
 6480000.000 	    4.040 	        0 	        0 	        7 	       18 	       45 	       24 	        6
 6500000.000 	    4.040 	        0 	        0 	        7 	       18 	       45 	       24 	        6
 6520000.000 	    4.040 	        0 	        0 	        7 	       18 	       45 	       24 	        6
 6540000.000 	    4.040 	        0 	        0 	        7 	       18 	       45 	       24 	        6
 6560000.000 	    4.040 	        0 	        0 	        7 	       18 	       45 	       24 	        6
 6580000.000 	    4.040 	        0 	        0 	        7 	       18 	       45 	       24 	        6
 6600000.000 	    4.040 	        0 	        0 	        7 	       18 	       45 	       24 	        6
 6620000.000 	    4.040 	        0 	        0 	        7 	       18 	       45 	       24 	        6
 6640000.000 	    4.040 	        0 	        0 	        7 	       18 	       45 	       24 	        6
 6660000.000 	    4.040 	        0 	        0 	        7 	       18 	       45 	       24 	        6
 6680000.000 	    4.040 	        0 	        0 	        7 	       18 	       45 	       24 	        6
 6700000.000 	    4.040 	        0 	        0 	        7 	       18 	       45 	       24 	        6
 6720000.000 	    4.040 	        0 	        0 	        7 	       18 	       45 	       24 	        6
 6740000.000 	    4.040 	        0 	        0 	        7 	       18 	       45 	       24 	        6
 6760000.000 	    4.040 	        0 	        0 	        7 	       18 	       45 	       24 	        6
 6780000.000 	    4.040 	        0 	        0 	        7 	       18 	       45 	       24 	        6
 6800000.000 	    4.040 	        0 	        0 	        7 	       18 	       45 	       24 	        6
 6820000.000 	    4.040 	        0 	        0 	        7 	       18 	       45 	       24 	        6
 6840000.000 	    4.040 	        0 	        0 	        7 	       18 	       45 	       24 	        6
 6860000.000 	    4.040 	        0 	        0 	        7 	       18 	       45 	       24 	        6
 6880000.000 	    4.040 	        0 	        0 	        7 	       18 	       45 	       24 	        6
 6900000.000 	    4.040 	        0 	        0 	        7 	       18 	       45 	       24 	        6
 6920000.000 	    4.040 	        0 	        0 	        7 	       18 	       45 	       24 	        6
 6940000.000 	    4.040 	        0 	        0 	        7 	       18 	       45 	       24 	        6
 6960000.000 	    4.040 	        0 	        0 	        7 	       18 	       45 	       24 	        6
 6980000.000 	    4.040 	        0 	        0 	        7 	       18 	       45 	       24 	        6
 7000000.000 	    4.040 	        0 	        0 	        7 	       18 	       45 	       24 	        6
 7020000.000 	    4.040 	        0 	        0 	        7 	       18 	       45 	       24 	        6
 7040000.000 	    4.040 	        0 	        0 	        7 	       18 	       45 	       24 	        6
 7060000.000 	    4.040 	        0 	        0 	        7 	       18 	       45 	       24 	        6
 7080000.000 	    4.040 	        0 	        0 	        7 	       18 	       45 	       24 	        6
 7100000.000 	    4.040 	        0 	        0 	        7 	       18 	       45 	       24 	        6
 7120000.000 	    4.040 	        0 	        0 	        7 	       18 	       45 	       24 	        6
 7140000.000 	    4.040 	        0 	        0 	        7 	       18 	       45 	       24 	        6
 7160000.000 	    4.040 	        0 	        0 	        7 	       18 	       45 	       24 	        6
 7180000.000 	    4.040 	        0 	        0 	        7 	       18 	       45 	       24 	        6
 7200000.000 	    4.040 	        0 	        0 	        7 	       18 	       45 	       24 	        6
 7220000.000 	    4.040 	        0 	        0 	        7 	       18 	       45 	       24 	        6
 7240000.000 	    4.040 	        0 	        0 	        7 	       18 	       45 	       24 	        6
 7260000.000 	    4.040 	        0 	        0 	        7 	       18 	       45 	       24 	        6
 7280000.000 	    4.040 	        0 	        0 	        7 	       18 	       45 	       24 	        6
 7300000.000 	    4.040 	        0 	        0 	        7 	       18 	       45 	       24 	        6
 7320000.000 	    4.040 	        0 	        0 	        7 	       18 	       45 	       24 	        6
 7340000.000 	    4.040 	        0 	        0 	        7 	       18 	       45 	       24 	        6
 7360000.000 	    4.020 	        0 	        1 	        6 	       18 	       46 	       23 	        6
 7380000.000 	    4.000 	        1 	        0 	        6 	       18 	       47 	       22 	        6
 7400000.000 	    4.000 	        1 	        0 	        6 	       18 	       47 	       22 	        6
 7420000.000 	    4.020 	        0 	        1 	        5 	       19 	       47 	       22 	        6
 7440000.000 	    4.020 	        0 	        1 	        5 	       19 	       47 	       22 	        6
 7460000.000 	    4.020 	        0 	        1 	        5 	       19 	       47 	       22 	        6
 7480000.000 	    4.020 	        0 	        1 	        5 	       19 	       47 	       22 	        6
 7500000.000 	    4.020 	        0 	        1 	        5 	       19 	       47 	       22 	        6
 7520000.000 	    4.020 	        0 	        1 	        5 	       19 	       47 	       22 	        6
 7540000.000 	    4.020 	        0 	        1 	        5 	       19 	       47 	       22 	        6
 7560000.000 	    4.020 	        0 	        1 	        5 	       19 	       47 	       22 	        6
 7580000.000 	    4.020 	        0 	        1 	        5 	       19 	       47 	       22 	        6
 7600000.000 	    4.020 	        0 	        1 	        5 	       19 	       47 	       22 	        6
 7620000.000 	    4.020 	        0 	        1 	        5 	       19 	       47 	       22 	        6
 7640000.000 	    4.020 	        0 	        1 	        5 	       19 	       47 	       22 	        6
 7660000.000 	    4.020 	        0 	        1 	        5 	       19 	       47 	       22 	        6
 7680000.000 	    4.000 	        1 	        0 	        6 	       18 	       47 	       22 	        6
 7700000.000 	    4.000 	        1 	        0 	        6 	       18 	       47 	       22 	        6
 7720000.000 	    4.000 	        1 	        0 	        6 	       18 	       47 	       22 	        6
 7740000.000 	    4.020 	        0 	        1 	        5 	       19 	       47 	       22 	        6
 7760000.000 	    4.020 	        0 	        1 	        5 	       19 	       47 	       22 	        6
 7780000.000 	    4.020 	        0 	        1 	        5 	       19 	       47 	       22 	        6
 7800000.000 	    4.020 	        0 	        1 	        5 	       19 	       47 	       22 	        6
 7820000.000 	    4.020 	        0 	        1 	        5 	       19 	       47 	       22 	        6
 7840000.000 	    4.020 	        0 	        1 	        5 	       19 	       47 	       22 	        6
 7860000.000 	    4.000 	        0 	        1 	        6 	       19 	       46 	       22 	        6
 7880000.000 	    4.000 	        0 	        1 	        6 	       19 	       46 	       22 	        6
 7900000.000 	    4.000 	        0 	        1 	        6 	       19 	       46 	       22 	        6
 7920000.000 	    4.000 	        0 	        1 	        6 	       19 	       46 	       22 	        6
 7940000.000 	    4.000 	        0 	        1 	        6 	       19 	       46 	       22 	        6
 7960000.000 	    4.000 	        0 	        1 	        6 	       19 	       46 	       22 	        6
 7980000.000 	    4.000 	        0 	        1 	        6 	       19 	       46 	       22 	        6
 8000000.000 	    4.020 	        0 	        1 	        5 	       19 	       47 	       22 	        6
 8020000.000 	    4.020 	        0 	        1 	        5 	       19 	       47 	       22 	        6
 8040000.000 	    4.020 	        0 	        1 	        5 	       19 	       47 	       22 	        6
 8060000.000 	    4.020 	        0 	        1 	        6 	       18 	       46 	       23 	        6
 8080000.000 	    4.040 	        0 	        0 	        6 	       19 	       46 	       23 	        6
 8100000.000 	    4.060 	        0 	        0 	        5 	       20 	       46 	       22 	        7
 8120000.000 	    4.060 	        0 	        0 	        5 	       20 	       46 	       22 	        7
 8140000.000 	    4.060 	        0 	        0 	        5 	       20 	       46 	       22 	        7
 8160000.000 	    4.060 	        0 	        0 	        5 	       20 	       46 	       22 	        7
 8180000.000 	    4.060 	        0 	        0 	        5 	       20 	       46 	       22 	        7
 8200000.000 	    4.060 	        0 	        0 	        5 	       20 	       46 	       22 	        7
 8220000.000 	    4.060 	        0 	        0 	        5 	       20 	       46 	       22 	        7
 8240000.000 	    4.060 	        0 	        0 	        5 	       20 	       46 	       22 	        7
 8260000.000 	    4.060 	        0 	        0 	        5 	       20 	       46 	       22 	        7
 8280000.000 	    4.060 	        0 	        0 	        5 	       20 	       46 	       22 	        7
 8300000.000 	    4.060 	        0 	        0 	        5 	       20 	       46 	       22 	        7
 8320000.000 	    4.060 	        0 	        0 	        5 	       20 	       46 	       22 	        7
 8340000.000 	    4.060 	        0 	        0 	        5 	       20 	       46 	       22 	        7
 8360000.000 	    4.060 	        0 	        0 	        5 	       20 	       46 	       22 	        7
 8380000.000 	    4.060 	        0 	        0 	        5 	       20 	       46 	       22 	        7
 8400000.000 	    4.060 	        0 	        0 	        5 	       20 	       46 	       22 	        7
 8420000.000 	    4.060 	        0 	        0 	        5 	       20 	       46 	       22 	        7
 8440000.000 	    4.060 	        0 	        0 	        5 	       20 	       46 	       22 	        7
 8460000.000 	    4.060 	        0 	        0 	        5 	       20 	       46 	       22 	        7
 8480000.000 	    4.060 	        0 	        0 	        5 	       20 	       46 	       22 	        7
 8500000.000 	    4.060 	        0 	        0 	        5 	       20 	       46 	       22 	        7
 8520000.000 	    4.060 	        0 	        0 	        5 	       20 	       46 	       22 	        7
 8540000.000 	    4.060 	        0 	        0 	        5 	       20 	       46 	       22 	        7
 8560000.000 	    4.060 	        0 	        0 	        5 	       20 	       46 	       22 	        7
 8580000.000 	    4.060 	        0 	        0 	        5 	       20 	       46 	       22 	        7
 8600000.000 	    4.060 	        0 	        0 	        5 	       20 	       46 	       22 	        7
 8620000.000 	    4.060 	        0 	        0 	        5 	       20 	       46 	       22 	        7
 8640000.000 	    4.060 	        0 	        0 	        5 	       20 	       46 	       22 	        7
 8660000.000 	    4.060 	        0 	        0 	        5 	       20 	       46 	       22 	        7
 8680000.000 	    4.060 	        0 	        0 	        5 	       20 	       46 	       22 	        7
 8700000.000 	    4.060 	        0 	        0 	        5 	       20 	       46 	       22 	        7
 8720000.000 	    4.060 	        0 	        0 	        5 	       20 	       46 	       22 	        7
 8740000.000 	    4.060 	        0 	        0 	        5 	       20 	       46 	       22 	        7
 8760000.000 	    4.060 	        0 	        0 	        5 	       20 	       46 	       22 	        7
 8780000.000 	    4.060 	        0 	        0 	        5 	       20 	       46 	       22 	        7
 8800000.000 	    4.060 	        0 	        0 	        5 	       20 	       46 	       22 	        7
 8820000.000 	    4.060 	        0 	        0 	        5 	       20 	       46 	       22 	        7
 8840000.000 	    4.060 	        0 	        0 	        5 	       20 	       46 	       22 	        7
 8860000.000 	    4.060 	        0 	        0 	        5 	       20 	       46 	       22 	        7
 8880000.000 	    4.060 	        0 	        0 	        5 	       20 	       46 	       22 	        7
 8900000.000 	    4.060 	        0 	        0 	        5 	       20 	       46 	       22 	        7
 8920000.000 	    4.060 	        0 	        0 	        5 	       20 	       46 	       22 	        7
 8940000.000 	    4.060 	        0 	        0 	        5 	       20 	       46 	       22 	        7
 8960000.000 	    4.060 	        0 	        0 	        5 	       20 	       46 	       22 	        7
 8980000.000 	    4.040 	        0 	        0 	        6 	       20 	       45 	       22 	        7
 9000000.000 	    4.060 	        0 	        0 	        5 	       20 	       46 	       22 	        7
 9020000.000 	    4.060 	        0 	        0 	        5 	       20 	       46 	       22 	        7
 9040000.000 	    4.060 	        0 	        0 	        5 	       20 	       46 	       22 	        7
 9060000.000 	    4.060 	        0 	        0 	        5 	       20 	       46 	       22 	        7
 9080000.000 	    4.060 	        0 	        0 	        5 	       20 	       46 	       22 	        7
 9100000.000 	    4.040 	        0 	        0 	        6 	       20 	       45 	       22 	        7
 9120000.000 	    4.080 	        0 	        0 	        6 	       19 	       44 	       23 	        8
 9140000.000 	    4.080 	        0 	        0 	        6 	       19 	       44 	       23 	        8
 9160000.000 	    4.080 	        0 	        0 	        6 	       19 	       44 	       23 	        8
 9180000.000 	    4.080 	        0 	        0 	        6 	       19 	       44 	       23 	        8
 9200000.000 	    4.080 	        0 	        0 	        6 	       19 	       44 	       23 	        8
 9220000.000 	    4.080 	        0 	        0 	        6 	       19 	       44 	       23 	        8
 9240000.000 	    4.080 	        0 	        0 	        6 	       19 	       44 	       23 	        8
 9260000.000 	    4.080 	        0 	        0 	        6 	       19 	       44 	       23 	        8
 9280000.000 	    4.080 	        0 	        0 	        6 	       19 	       44 	       23 	        8
 9300000.000 	    4.080 	        0 	        0 	        6 	       19 	       44 	       23 	        8
 9320000.000 	    4.080 	        0 	        0 	        6 	       19 	       44 	       23 	        8
 9340000.000 	    4.080 	        0 	        0 	        6 	       19 	       44 	       23 	        8
 9360000.000 	    4.080 	        0 	        0 	        6 	       19 	       44 	       23 	        8
 9380000.000 	    4.080 	        0 	        0 	        6 	       19 	       44 	       23 	        8
 9400000.000 	    4.100 	        0 	        0 	        5 	       20 	       43 	       24 	        8
 9420000.000 	    4.100 	        0 	        0 	        5 	       20 	       43 	       24 	        8
 9440000.000 	    4.100 	        0 	        0 	        5 	       20 	       43 	       24 	        8
 9460000.000 	    4.100 	        0 	        0 	        5 	       20 	       43 	       24 	        8
 9480000.000 	    4.100 	        0 	        0 	        5 	       20 	       43 	       24 	        8
 9500000.000 	    4.100 	        0 	        0 	        5 	       20 	       43 	       24 	        8
 9520000.000 	    4.100 	        0 	        0 	        5 	       20 	       43 	       24 	        8
 9540000.000 	    4.100 	        0 	        0 	        5 	       20 	       43 	       24 	        8
 9560000.000 	    4.100 	        0 	        0 	        5 	       20 	       43 	       24 	        8
 9580000.000 	    4.100 	        0 	        0 	        5 	       20 	       43 	       24 	        8
 9600000.000 	    4.100 	        0 	        0 	        5 	       20 	       43 	       24 	        8
 9620000.000 	    4.100 	        0 	        0 	        5 	       20 	       43 	       24 	        8
 9640000.000 	    4.100 	        0 	        0 	        5 	       20 	       43 	       24 	        8
 9660000.000 	    4.100 	        0 	        0 	        5 	       20 	       43 	       24 	        8
 9680000.000 	    4.100 	        0 	        0 	        5 	       20 	       43 	       24 	        8
 9700000.000 	    4.100 	        0 	        0 	        5 	       20 	       43 	       24 	        8
 9720000.000 	    4.100 	        0 	        0 	        5 	       20 	       43 	       24 	        8
 9740000.000 	    4.100 	        0 	        0 	        5 	       20 	       43 	       24 	        8
 9760000.000 	    4.100 	        0 	        0 	        5 	       20 	       43 	       24 	        8
 9780000.000 	    4.100 	        0 	        0 	        5 	       20 	       43 	       24 	        8
 9800000.000 	    4.100 	        0 	        0 	        5 	       20 	       43 	       24 	        8
 9820000.000 	    4.100 	        0 	        0 	        5 	       20 	       43 	       24 	        8
 9840000.000 	    4.100 	        0 	        0 	        5 	       20 	       43 	       24 	        8
 9860000.000 	    4.100 	        0 	        0 	        5 	       20 	       43 	       24 	        8
 9880000.000 	    4.100 	        0 	        0 	        5 	       20 	       43 	       24 	        8
 9900000.000 	    4.100 	        0 	        0 	        5 	       20 	       43 	       24 	        8
 9920000.000 	    4.100 	        0 	        0 	        5 	       20 	       43 	       24 	        8
 9940000.000 	    4.100 	        0 	        0 	        5 	       20 	       43 	       24 	        8
 9960000.000 	    4.100 	        0 	        0 	        5 	       20 	       43 	       24 	        8
 9980000.000 	    4.100 	        0 	        0 	        5 	       20 	       43 	       24 	        8
10000000.000 	    4.100 	        0 	        0 	        5 	       20 	       43 	       24 	        8
