       0.000 	    0.140 	       86 	       14 	        0 	        0 	        0 	        0 	        0
   20000.000 	    0.440 	       58 	       40 	        2 	        0 	        0 	        0 	        0
   40000.000 	    0.800 	       36 	       50 	       12 	        2 	        0 	        0 	        0
   60000.000 	    1.160 	       17 	       51 	       31 	        1 	        0 	        0 	        0
   80000.000 	    1.380 	       10 	       49 	       35 	        5 	        1 	        0 	        0
  100000.000 	    1.480 	       14 	       37 	       37 	       11 	        1 	        0 	        0
  120000.000 	    1.700 	        2 	       42 	       41 	       14 	        1 	        0 	        0
  140000.000 	    1.840 	        3 	       32 	       44 	       20 	        1 	        0 	        0
  160000.000 	    1.920 	        4 	       26 	       47 	       21 	        1 	        1 	        0
  180000.000 	    2.000 	        6 	       20 	       46 	       25 	        2 	        1 	        0
  200000.000 	    2.180 	        5 	       17 	       40 	       32 	        5 	        1 	        0
  220000.000 	    2.260 	        5 	       17 	       36 	       33 	        7 	        2 	        0
  240000.000 	    2.500 	        1 	       15 	       31 	       41 	       10 	        2 	        0
  260000.000 	    2.500 	        2 	       16 	       30 	       37 	       12 	        3 	        0
  280000.000 	    2.580 	        3 	       12 	       30 	       38 	       13 	        4 	        0
  300000.000 	    2.660 	        3 	       11 	       30 	       34 	       17 	        5 	        0
  320000.000 	    2.740 	        3 	       12 	       24 	       37 	       17 	        7 	        0
  340000.000 	    2.880 	        1 	       10 	       26 	       34 	       22 	        6 	        1
  360000.000 	    2.900 	        2 	        8 	       26 	       34 	       23 	        6 	        1
  380000.000 	    2.940 	        2 	        6 	       26 	       36 	       23 	        6 	        1
  400000.000 	    3.080 	        0 	        6 	       23 	       38 	       24 	        8 	        1
  420000.000 	    3.160 	        0 	        5 	       20 	       39 	       27 	        8 	        1
  440000.000 	    3.180 	        0 	        4 	       21 	       38 	       28 	        8 	        1
  460000.000 	    3.180 	        0 	        5 	       20 	       37 	       29 	        8 	        1
  480000.000 	    3.260 	        0 	        3 	       21 	       34 	       32 	        9 	        1
  500000.000 	    3.280 	        0 	        3 	       21 	       32 	       34 	        9 	        1
  520000.000 	    3.320 	        0 	        3 	       20 	       32 	       33 	       11 	        1
  540000.000 	    3.320 	        0 	        3 	       20 	       32 	       33 	       11 	        1
  560000.000 	    3.340 	        0 	        3 	       19 	       33 	       32 	       12 	        1
  580000.000 	    3.340 	        0 	        4 	       19 	       30 	       34 	       12 	        1
  600000.000 	    3.380 	        0 	        3 	       19 	       31 	       32 	       14 	        1
  620000.000 	    3.440 	        0 	        2 	       19 	       29 	       34 	       15 	        1
  640000.000 	    3.420 	        0 	        4 	       17 	       29 	       34 	       15 	        1
  660000.000 	    3.420 	        0 	        4 	       17 	       29 	       34 	       15 	        1
  680000.000 	    3.460 	        0 	        2 	       18 	       29 	       35 	       15 	        1
  700000.000 	    3.460 	        0 	        2 	       18 	       29 	       35 	       15 	        1
  720000.000 	    3.460 	        0 	        2 	       18 	       29 	       35 	       15 	        1
  740000.000 	    3.500 	        0 	        2 	       18 	       28 	       34 	       16 	        2
  760000.000 	    3.500 	        2 	        0 	       17 	       28 	       35 	       16 	        2
  780000.000 	    3.520 	        0 	        2 	       17 	       28 	       35 	       16 	        2
  800000.000 	    3.540 	        0 	        2 	       16 	       28 	       36 	       16 	        2
  820000.000 	    3.540 	        0 	        2 	       16 	       28 	       36 	       16 	        2
  840000.000 	    3.560 	        0 	        2 	       16 	       27 	       36 	       17 	        2
  860000.000 	    3.540 	        0 	        2 	       17 	       27 	       35 	       17 	        2
  880000.000 	    3.580 	        0 	        2 	       14 	       29 	       36 	       17 	        2
  900000.000 	    3.600 	        0 	        2 	       13 	       30 	       35 	       18 	        2
  920000.000 	    3.620 	        0 	        2 	       13 	       28 	       37 	       18 	        2
  940000.000 	    3.600 	        0 	        2 	       15 	       26 	       37 	       18 	        2
  960000.000 	    3.600 	        0 	        2 	       15 	       26 	       37 	       18 	        2
  980000.000 	    3.600 	        0 	        2 	       15 	       26 	       37 	       18 	        2
 1000000.000 	    3.600 	        0 	        2 	       15 	       26 	       37 	       18 	        2
 1020000.000 	    3.600 	        0 	        2 	       15 	       26 	       37 	       18 	        2
 1040000.000 	    3.600 	        0 	        2 	       15 	       26 	       37 	       18 	        2
 1060000.000 	    3.600 	        0 	        2 	       15 	       26 	       37 	       18 	        2
 1080000.000 	    3.600 	        0 	        2 	       15 	       26 	       37 	       18 	        2
 1100000.000 	    3.600 	        0 	        2 	       15 	       26 	       37 	       18 	        2
 1120000.000 	    3.600 	        0 	        2 	       15 	       26 	       37 	       18 	        2
 1140000.000 	    3.600 	        0 	        2 	       15 	       26 	       37 	       18 	        2
 1160000.000 	    3.620 	        0 	        1 	       16 	       25 	       38 	       18 	        2
 1180000.000 	    3.620 	        0 	        1 	       16 	       25 	       38 	       18 	        2
 1200000.000 	    3.640 	        0 	        1 	       15 	       26 	       37 	       19 	        2
 1220000.000 	    3.640 	        0 	        1 	       15 	       26 	       37 	       19 	        2
 1240000.000 	    3.660 	        0 	        1 	       13 	       28 	       37 	       19 	        2
 1260000.000 	    3.680 	        0 	        1 	       13 	       27 	       37 	       20 	        2
 1280000.000 	    3.700 	        0 	        1 	       13 	       26 	       37 	       21 	        2
 1300000.000 	    3.720 	        0 	        0 	       14 	       26 	       36 	       22 	        2
 1320000.000 	    3.720 	        0 	        0 	       14 	       26 	       36 	       22 	        2
 1340000.000 	    3.720 	        0 	        0 	       14 	       26 	       36 	       22 	        2
 1360000.000 	    3.780 	        0 	        0 	       12 	       27 	       36 	       21 	        4
 1380000.000 	    3.780 	        0 	        0 	       12 	       27 	       36 	       21 	        4
 1400000.000 	    3.780 	        0 	        0 	       12 	       27 	       36 	       21 	        4
 1420000.000 	    3.780 	        0 	        0 	       12 	       27 	       36 	       21 	        4
 1440000.000 	    3.780 	        0 	        0 	       12 	       27 	       36 	       21 	        4
 1460000.000 	    3.780 	        0 	        0 	       12 	       27 	       36 	       21 	        4
 1480000.000 	    3.780 	        0 	        0 	       12 	       27 	       36 	       21 	        4
 1500000.000 	    3.780 	        0 	        0 	       12 	       27 	       36 	       21 	        4
 1520000.000 	    3.780 	        0 	        0 	       12 	       27 	       36 	       21 	        4
 1540000.000 	    3.780 	        0 	        0 	       12 	       27 	       36 	       21 	        4
 1560000.000 	    3.780 	        0 	        0 	       12 	       27 	       36 	       21 	        4
 1580000.000 	    3.780 	        0 	        0 	       12 	       27 	       36 	       21 	        4
 1600000.000 	    3.760 	        0 	        0 	       13 	       27 	       35 	       21 	        4
 1620000.000 	    3.760 	        0 	        0 	       13 	       27 	       35 	       21 	        4
 1640000.000 	    3.760 	        0 	        0 	       13 	       27 	       35 	       21 	        4
 1660000.000 	    3.760 	        0 	        0 	       13 	       27 	       35 	       21 	        4
 1680000.000 	    3.760 	        0 	        0 	       13 	       27 	       35 	       21 	        4
 1700000.000 	    3.780 	        0 	        0 	       12 	       27 	       36 	       21 	        4
 1720000.000 	    3.780 	        0 	        0 	       12 	       27 	       36 	       21 	        4
 1740000.000 	    3.780 	        0 	        0 	       12 	       27 	       36 	       21 	        4
 1760000.000 	    3.780 	        0 	        0 	       12 	       27 	       36 	       21 	        4
 1780000.000 	    3.780 	        0 	        0 	       12 	       27 	       36 	       21 	        4
 1800000.000 	    3.780 	        0 	        0 	       12 	       27 	       36 	       21 	        4
 1820000.000 	    3.780 	        0 	        0 	       12 	       27 	       36 	       21 	        4
 1840000.000 	    3.780 	        0 	        0 	       12 	       27 	       36 	       21 	        4
 1860000.000 	    3.800 	        0 	        0 	       12 	       26 	       36 	       22 	        4
 1880000.000 	    3.800 	        0 	        0 	       12 	       26 	       36 	       22 	        4
 1900000.000 	    3.800 	        0 	        0 	       12 	       26 	       36 	       22 	        4
 1920000.000 	    3.800 	        0 	        0 	       12 	       26 	       36 	       22 	        4
 1940000.000 	    3.800 	        0 	        0 	       12 	       26 	       36 	       22 	        4
 1960000.000 	    3.800 	        0 	        0 	       12 	       26 	       36 	       22 	        4
 1980000.000 	    3.800 	        0 	        0 	       12 	       26 	       36 	       22 	        4
 2000000.000 	    3.800 	        0 	        0 	       12 	       26 	       36 	       22 	        4
 2020000.000 	    3.800 	        0 	        0 	       12 	       26 	       36 	       22 	        4
 2040000.000 	    3.800 	        0 	        0 	       12 	       26 	       36 	       22 	        4
 2060000.000 	    3.800 	        0 	        0 	       12 	       26 	       36 	       22 	        4
 2080000.000 	    3.800 	        0 	        0 	       12 	       26 	       36 	       22 	        4
 2100000.000 	    3.800 	        0 	        0 	       12 	       26 	       36 	       22 	        4
 2120000.000 	    3.800 	        0 	        0 	       12 	       26 	       36 	       22 	        4
 2140000.000 	    3.800 	        0 	        0 	       12 	       26 	       36 	       22 	        4
 2160000.000 	    3.820 	        0 	        0 	       12 	       24 	       38 	       22 	        4
 2180000.000 	    3.820 	        0 	        0 	       12 	       24 	       38 	       22 	        4
 2200000.000 	    3.820 	        0 	        0 	       12 	       24 	       38 	       22 	        4
 2220000.000 	    3.840 	        0 	        0 	       11 	       24 	       39 	       22 	        4
 2240000.000 	    3.840 	        0 	        0 	       11 	       24 	       39 	       22 	        4
 2260000.000 	    3.840 	        0 	        0 	       11 	       24 	       39 	       22 	        4
 2280000.000 	    3.840 	        0 	        0 	       11 	       24 	       39 	       22 	        4
 2300000.000 	    3.840 	        0 	        0 	       11 	       24 	       39 	       22 	        4
 2320000.000 	    3.840 	        0 	        0 	       11 	       24 	       39 	       22 	        4
 2340000.000 	    3.840 	        0 	        0 	       11 	       24 	       39 	       22 	        4
 2360000.000 	    3.840 	        0 	        0 	       11 	       24 	       39 	       22 	        4
 2380000.000 	    3.840 	        0 	        0 	       11 	       24 	       39 	       22 	        4
 2400000.000 	    3.840 	        0 	        0 	       11 	       24 	       39 	       22 	        4
 2420000.000 	    3.840 	        0 	        0 	       11 	       24 	       39 	       22 	        4
 2440000.000 	    3.840 	        0 	        0 	       11 	       24 	       39 	       22 	        4
 2460000.000 	    3.840 	        0 	        0 	       11 	       24 	       39 	       22 	        4
 2480000.000 	    3.840 	        0 	        0 	       11 	       24 	       39 	       22 	        4
 2500000.000 	    3.840 	        0 	        0 	       11 	       24 	       39 	       22 	        4
 2520000.000 	    3.840 	        0 	        0 	       11 	       24 	       39 	       22 	        4
 2540000.000 	    3.840 	        0 	        0 	       11 	       24 	       39 	       22 	        4
 2560000.000 	    3.840 	        0 	        0 	       11 	       24 	       39 	       22 	        4
 2580000.000 	    3.840 	        0 	        0 	       11 	       24 	       39 	       22 	        4
 2600000.000 	    3.840 	        0 	        0 	       11 	       24 	       39 	       22 	        4
 2620000.000 	    3.840 	        0 	        0 	       11 	       24 	       39 	       22 	        4
 2640000.000 	    3.840 	        0 	        0 	       11 	       24 	       39 	       22 	        4
 2660000.000 	    3.840 	        0 	        0 	       11 	       24 	       39 	       22 	        4
 2680000.000 	    3.840 	        0 	        0 	       11 	       24 	       39 	       22 	        4
 2700000.000 	    3.840 	        0 	        0 	       11 	       24 	       39 	       22 	        4
 2720000.000 	    3.840 	        0 	        0 	       11 	       24 	       39 	       22 	        4
 2740000.000 	    3.840 	        0 	        0 	       11 	       24 	       39 	       22 	        4
 2760000.000 	    3.840 	        0 	        0 	       11 	       24 	       39 	       22 	        4
 2780000.000 	    3.840 	        0 	        0 	       11 	       24 	       39 	       22 	        4
 2800000.000 	    3.860 	        0 	        0 	        9 	       26 	       39 	       22 	        4
 2820000.000 	    3.860 	        0 	        0 	        9 	       26 	       39 	       22 	        4
 2840000.000 	    3.860 	        0 	        0 	        9 	       26 	       39 	       22 	        4
 2860000.000 	    3.860 	        0 	        0 	        9 	       26 	       39 	       22 	        4
 2880000.000 	    3.860 	        0 	        0 	        9 	       26 	       39 	       22 	        4
 2900000.000 	    3.860 	        0 	        0 	        9 	       26 	       39 	       22 	        4
 2920000.000 	    3.860 	        0 	        0 	        9 	       26 	       39 	       22 	        4
 2940000.000 	    3.860 	        0 	        0 	        9 	       26 	       39 	       22 	        4
 2960000.000 	    3.820 	        1 	        0 	        9 	       25 	       40 	       21 	        4
 2980000.000 	    3.840 	        1 	        0 	        9 	       24 	       40 	       22 	        4
 3000000.000 	    3.860 	        1 	        0 	        9 	       22 	       42 	       22 	        4
 3020000.000 	    3.860 	        1 	        0 	        9 	       22 	       42 	       22 	        4
 3040000.000 	    3.860 	        1 	        0 	        9 	       22 	       42 	       22 	        4
 3060000.000 	    3.860 	        1 	        0 	        9 	       22 	       42 	       22 	        4
 3080000.000 	    3.860 	        1 	        0 	        9 	       22 	       42 	       22 	        4
 3100000.000 	    3.860 	        1 	        0 	        9 	       22 	       42 	       22 	        4
 3120000.000 	    3.880 	        0 	        1 	        9 	       21 	       43 	       22 	        4
 3140000.000 	    3.880 	        0 	        1 	        9 	       21 	       43 	       22 	        4
 3160000.000 	    3.880 	        0 	        1 	        9 	       21 	       43 	       22 	        4
 3180000.000 	    3.880 	        0 	        1 	        9 	       21 	       43 	       22 	        4
 3200000.000 	    3.880 	        0 	        1 	        9 	       21 	       43 	       22 	        4
 3220000.000 	    3.880 	        0 	        1 	        9 	       21 	       43 	       22 	        4
 3240000.000 	    3.880 	        0 	        1 	        9 	       21 	       43 	       22 	        4
 3260000.000 	    3.880 	        0 	        1 	        9 	       21 	       43 	       22 	        4
 3280000.000 	    3.880 	        0 	        1 	        9 	       21 	       43 	       22 	        4
 3300000.000 	    3.880 	        0 	        1 	        9 	       21 	       43 	       22 	        4
 3320000.000 	    3.880 	        0 	        1 	        9 	       22 	       41 	       23 	        4
 3340000.000 	    3.880 	        0 	        1 	        9 	       21 	       43 	       22 	        4
 3360000.000 	    3.880 	        0 	        1 	        9 	       21 	       43 	       22 	        4
 3380000.000 	    3.880 	        0 	        1 	        9 	       21 	       43 	       22 	        4
 3400000.000 	    3.920 	        0 	        1 	        7 	       21 	       45 	       22 	        4
 3420000.000 	    3.920 	        0 	        1 	        7 	       21 	       45 	       22 	        4
 3440000.000 	    3.920 	        0 	        1 	        7 	       21 	       45 	       22 	        4
 3460000.000 	    3.940 	        0 	        1 	        7 	       20 	       45 	       23 	        4
 3480000.000 	    3.940 	        0 	        1 	        7 	       20 	       45 	       23 	        4
 3500000.000 	    3.940 	        0 	        1 	        7 	       20 	       45 	       23 	        4
 3520000.000 	    3.940 	        0 	        1 	        7 	       20 	       45 	       23 	        4
 3540000.000 	    3.940 	        0 	        1 	        7 	       20 	       45 	       23 	        4
 3560000.000 	    3.940 	        0 	        1 	        6 	       22 	       44 	       23 	        4
 3580000.000 	    3.940 	        0 	        1 	        6 	       22 	       44 	       23 	        4
 3600000.000 	    3.940 	        0 	        1 	        6 	       22 	       44 	       23 	        4
 3620000.000 	    3.920 	        1 	        0 	        6 	       23 	       43 	       23 	        4
 3640000.000 	    3.940 	        0 	        1 	        6 	       22 	       44 	       23 	        4
 3660000.000 	    3.940 	        0 	        1 	        6 	       22 	       44 	       23 	        4
 3680000.000 	    3.920 	        0 	        1 	        7 	       22 	       43 	       23 	        4
 3700000.000 	    3.920 	        0 	        1 	        7 	       22 	       43 	       23 	        4
 3720000.000 	    3.920 	        0 	        1 	        7 	       22 	       43 	       23 	        4
 3740000.000 	    3.920 	        0 	        1 	        7 	       22 	       43 	       23 	        4
 3760000.000 	    3.960 	        0 	        0 	        7 	       23 	       42 	       23 	        5
 3780000.000 	    3.960 	        0 	        0 	        7 	       23 	       42 	       23 	        5
 3800000.000 	    3.960 	        0 	        0 	        7 	       23 	       42 	       23 	        5
 3820000.000 	    3.960 	        0 	        0 	        7 	       23 	       42 	       23 	        5
 3840000.000 	    3.960 	        0 	        0 	        7 	       23 	       42 	       23 	        5
 3860000.000 	    3.960 	        0 	        0 	        7 	       23 	       42 	       23 	        5
 3880000.000 	    3.960 	        0 	        0 	        7 	       23 	       42 	       23 	        5
 3900000.000 	    3.980 	        0 	        0 	        6 	       23 	       43 	       23 	        5
 3920000.000 	    3.980 	        0 	        0 	        6 	       23 	       43 	       23 	        5
 3940000.000 	    3.980 	        0 	        0 	        6 	       23 	       43 	       23 	        5
 3960000.000 	    3.980 	        0 	        0 	        6 	       23 	       43 	       23 	        5
 3980000.000 	    3.980 	        0 	        0 	        6 	       23 	       43 	       23 	        5
 4000000.000 	    3.980 	        0 	        0 	        6 	       23 	       43 	       23 	        5
 4020000.000 	    3.980 	        0 	        0 	        6 	       23 	       43 	       23 	        5
 4040000.000 	    3.980 	        0 	        0 	        6 	       23 	       43 	       23 	        5
 4060000.000 	    3.980 	        0 	        0 	        6 	       23 	       43 	       23 	        5
 4080000.000 	    3.980 	        0 	        0 	        6 	       23 	       43 	       23 	        5
 4100000.000 	    3.980 	        0 	        0 	        6 	       23 	       43 	       23 	        5
 4120000.000 	    3.960 	        0 	        0 	        7 	       23 	       42 	       23 	        5
 4140000.000 	    3.960 	        0 	        0 	        7 	       23 	       42 	       23 	        5
 4160000.000 	    3.960 	        0 	        0 	        7 	       23 	       42 	       23 	        5
 4180000.000 	    3.960 	        0 	        0 	        7 	       23 	       42 	       23 	        5
 4200000.000 	    3.960 	        0 	        0 	        7 	       23 	       42 	       23 	        5
 4220000.000 	    3.940 	        0 	        0 	        8 	       23 	       41 	       23 	        5
 4240000.000 	    3.960 	        0 	        0 	        7 	       23 	       42 	       23 	        5
 4260000.000 	    3.960 	        0 	        0 	        7 	       23 	       42 	       23 	        5
 4280000.000 	    3.960 	        0 	        0 	        7 	       23 	       42 	       23 	        5
 4300000.000 	    3.980 	        0 	        0 	        7 	       21 	       44 	       23 	        5
 4320000.000 	    3.980 	        0 	        0 	        7 	       21 	       44 	       23 	        5
 4340000.000 	    3.980 	        0 	        0 	        7 	       21 	       44 	       23 	        5
 4360000.000 	    3.980 	        0 	        0 	        7 	       21 	       44 	       23 	        5
 4380000.000 	    3.980 	        0 	        0 	        7 	       21 	       44 	       23 	        5
 4400000.000 	    3.980 	        0 	        0 	        7 	       21 	       44 	       23 	        5
 4420000.000 	    3.980 	        0 	        0 	        7 	       21 	       44 	       23 	        5
 4440000.000 	    3.980 	        0 	        0 	        7 	       21 	       44 	       23 	        5
 4460000.000 	    3.980 	        0 	        0 	        7 	       21 	       44 	       23 	        5
 4480000.000 	    3.980 	        0 	        0 	        7 	       21 	       44 	       23 	        5
 4500000.000 	    3.980 	        0 	        0 	        7 	       21 	       44 	       23 	        5
 4520000.000 	    3.980 	        0 	        0 	        7 	       21 	       44 	       23 	        5
 4540000.000 	    3.980 	        0 	        0 	        7 	       21 	       44 	       23 	        5
 4560000.000 	    3.980 	        0 	        0 	        7 	       21 	       44 	       23 	        5
 4580000.000 	    3.980 	        0 	        0 	        7 	       21 	       44 	       23 	        5
 4600000.000 	    3.980 	        0 	        0 	        7 	       21 	       44 	       23 	        5
 4620000.000 	    3.980 	        0 	        0 	        7 	       21 	       44 	       23 	        5
 4640000.000 	    3.980 	        0 	        0 	        7 	       21 	       44 	       23 	        5
 4660000.000 	    3.980 	        0 	        0 	        7 	       21 	       44 	       23 	        5
 4680000.000 	    3.980 	        0 	        0 	        7 	       21 	       44 	       23 	        5
 4700000.000 	    3.980 	        0 	        0 	        7 	       21 	       44 	       23 	        5
 4720000.000 	    3.980 	        0 	        0 	        7 	       21 	       44 	       23 	        5
 4740000.000 	    3.980 	        0 	        0 	        7 	       21 	       44 	       23 	        5
 4760000.000 	    3.980 	        0 	        0 	        7 	       21 	       44 	       23 	        5
 4780000.000 	    3.980 	        0 	        0 	        7 	       21 	       44 	       23 	        5
 4800000.000 	    3.980 	        0 	        0 	        7 	       21 	       44 	       23 	        5
 4820000.000 	    3.980 	        0 	        0 	        7 	       21 	       44 	       23 	        5
 4840000.000 	    3.980 	        0 	        0 	        7 	       21 	       44 	       23 	        5
 4860000.000 	    3.980 	        0 	        0 	        7 	       21 	       44 	       23 	        5
 4880000.000 	    3.980 	        0 	        0 	        7 	       21 	       44 	       23 	        5
 4900000.000 	    3.980 	        0 	        0 	        7 	       21 	       44 	       23 	        5
 4920000.000 	    3.980 	        0 	        0 	        7 	       21 	       44 	       23 	        5
 4940000.000 	    3.980 	        0 	        0 	        7 	       21 	       44 	       23 	        5
 4960000.000 	    3.980 	        0 	        0 	        7 	       21 	       44 	       23 	        5
 4980000.000 	    3.980 	        0 	        0 	        7 	       21 	       44 	       23 	        5
 5000000.000 	    3.980 	        0 	        0 	        7 	       21 	       44 	       23 	        5
 5020000.000 	    3.980 	        0 	        0 	        7 	       21 	       44 	       23 	        5
 5040000.000 	    3.980 	        0 	        0 	        7 	       21 	       44 	       23 	        5
 5060000.000 	    3.980 	        0 	        0 	        7 	       21 	       44 	       23 	        5
 5080000.000 	    3.980 	        0 	        0 	        7 	       21 	       44 	       23 	        5
 5100000.000 	    3.980 	        0 	        0 	        7 	       21 	       44 	       23 	        5
 5120000.000 	    3.980 	        0 	        0 	        7 	       21 	       44 	       23 	        5
 5140000.000 	    3.980 	        0 	        0 	        7 	       21 	       44 	       23 	        5
 5160000.000 	    3.980 	        0 	        0 	        7 	       21 	       44 	       23 	        5
 5180000.000 	    3.980 	        0 	        0 	        7 	       21 	       44 	       23 	        5
 5200000.000 	    3.980 	        0 	        0 	        7 	       21 	       44 	       23 	        5
 5220000.000 	    3.980 	        0 	        0 	        7 	       21 	       44 	       23 	        5
 5240000.000 	    3.980 	        0 	        0 	        7 	       21 	       44 	       23 	        5
 5260000.000 	    3.980 	        0 	        0 	        7 	       21 	       44 	       23 	        5
 5280000.000 	    3.980 	        0 	        0 	        7 	       21 	       44 	       23 	        5
 5300000.000 	    3.980 	        0 	        0 	        7 	       21 	       44 	       23 	        5
 5320000.000 	    3.980 	        0 	        0 	        7 	       21 	       44 	       23 	        5
 5340000.000 	    3.980 	        0 	        0 	        7 	       21 	       44 	       23 	        5
 5360000.000 	    3.980 	        0 	        0 	        7 	       21 	       44 	       23 	        5
 5380000.000 	    3.980 	        0 	        0 	        7 	       21 	       44 	       23 	        5
 5400000.000 	    3.980 	        0 	        0 	        7 	       21 	       44 	       23 	        5
 5420000.000 	    3.980 	        0 	        0 	        7 	       21 	       44 	       23 	        5
 5440000.000 	    3.980 	        0 	        0 	        7 	       21 	       44 	       23 	        5
 5460000.000 	    3.980 	        0 	        0 	        7 	       21 	       44 	       23 	        5
 5480000.000 	    3.980 	        0 	        0 	        7 	       21 	       44 	       23 	        5
 5500000.000 	    3.980 	        0 	        0 	        7 	       21 	       44 	       23 	        5
 5520000.000 	    3.980 	        0 	        0 	        7 	       21 	       44 	       23 	        5
 5540000.000 	    3.980 	        0 	        0 	        7 	       21 	       44 	       23 	        5
 5560000.000 	    3.980 	        0 	        0 	        7 	       21 	       44 	       23 	        5
 5580000.000 	    3.980 	        0 	        0 	        7 	       21 	       44 	       23 	        5
 5600000.000 	    3.980 	        0 	        0 	        7 	       21 	       44 	       23 	        5
 5620000.000 	    3.980 	        0 	        0 	        7 	       21 	       44 	       23 	        5
 5640000.000 	    3.980 	        0 	        0 	        7 	       21 	       44 	       23 	        5
 5660000.000 	    3.980 	        0 	        0 	        7 	       21 	       44 	       23 	        5
 5680000.000 	    3.980 	        0 	        0 	        7 	       21 	       44 	       23 	        5
 5700000.000 	    3.980 	        0 	        0 	        7 	       21 	       44 	       23 	        5
 5720000.000 	    3.980 	        0 	        0 	        7 	       21 	       44 	       23 	        5
 5740000.000 	    3.980 	        0 	        0 	        7 	       21 	       44 	       23 	        5
 5760000.000 	    3.980 	        0 	        0 	        7 	       21 	       44 	       23 	        5
 5780000.000 	    3.980 	        0 	        0 	        7 	       21 	       44 	       23 	        5
 5800000.000 	    3.980 	        0 	        0 	        7 	       21 	       44 	       23 	        5
 5820000.000 	    3.980 	        0 	        0 	        7 	       21 	       44 	       23 	        5
 5840000.000 	    3.980 	        0 	        0 	        7 	       21 	       44 	       23 	        5
 5860000.000 	    3.960 	        0 	        1 	        6 	       22 	       43 	       23 	        5
 5880000.000 	    3.960 	        0 	        1 	        6 	       22 	       43 	       23 	        5
 5900000.000 	    3.960 	        0 	        1 	        6 	       22 	       43 	       23 	        5
 5920000.000 	    3.960 	        0 	        1 	        6 	       22 	       43 	       23 	        5
 5940000.000 	    3.960 	        0 	        1 	        6 	       22 	       43 	       23 	        5
 5960000.000 	    3.960 	        0 	        1 	        6 	       22 	       43 	       23 	        5
 5980000.000 	    3.960 	        0 	        1 	        6 	       22 	       43 	       23 	        5
 6000000.000 	    3.960 	        0 	        1 	        6 	       22 	       43 	       23 	        5
 6020000.000 	    3.980 	        0 	        0 	        7 	       21 	       44 	       23 	        5
 6040000.000 	    3.980 	        0 	        0 	        7 	       21 	       44 	       23 	        5
 6060000.000 	    3.980 	        0 	        0 	        7 	       21 	       44 	       23 	        5
 6080000.000 	    3.980 	        0 	        0 	        7 	       21 	       44 	       23 	        5
 6100000.000 	    3.980 	        0 	        0 	        7 	       21 	       44 	       23 	        5
 6120000.000 	    3.980 	        0 	        0 	        7 	       21 	       44 	       23 	        5
 6140000.000 	    3.980 	        0 	        0 	        7 	       21 	       44 	       23 	        5
 6160000.000 	    3.980 	        0 	        0 	        7 	       21 	       44 	       23 	        5
 6180000.000 	    3.980 	        0 	        0 	        7 	       21 	       44 	       23 	        5
 6200000.000 	    3.980 	        0 	        0 	        7 	       21 	       44 	       23 	        5
 6220000.000 	    3.980 	        0 	        0 	        7 	       21 	       44 	       23 	        5
 6240000.000 	    3.980 	        0 	        0 	        7 	       21 	       44 	       23 	        5
 6260000.000 	    3.980 	        0 	        0 	        7 	       21 	       44 	       23 	        5
 6280000.000 	    4.000 	        0 	        0 	        7 	       20 	       44 	       24 	        5
 6300000.000 	    4.000 	        0 	        0 	        7 	       20 	       44 	       24 	        5
 6320000.000 	    4.000 	        0 	        0 	        7 	       20 	       44 	       24 	        5
 6340000.000 	    4.000 	        0 	        0 	        7 	       20 	       44 	       24 	        5
 6360000.000 	    4.000 	        0 	        0 	        7 	       20 	       44 	       24 	        5
 6380000.000 	    4.000 	        0 	        0 	        7 	       20 	       44 	       24 	        5
 6400000.000 	    4.000 	        0 	        0 	        7 	       20 	       44 	       24 	        5
 6420000.000 	    4.000 	        0 	        0 	        7 	       20 	       44 	       24 	        5
 6440000.000 	    4.000 	        0 	        0 	        7 	       20 	       44 	       24 	        5
 6460000.000 	    4.000 	        0 	        0 	        7 	       20 	       44 	       24 	        5
 6480000.000 	    4.000 	        0 	        0 	        7 	       20 	       44 	       24 	        5
 6500000.000 	    4.000 	        0 	        0 	        7 	       20 	       44 	       24 	        5
 6520000.000 	    4.000 	        0 	        0 	        7 	       20 	       44 	       24 	        5
 6540000.000 	    4.000 	        0 	        0 	        7 	       20 	       44 	       24 	        5
 6560000.000 	    4.000 	        0 	        0 	        7 	       20 	       44 	       24 	        5
 6580000.000 	    4.000 	        0 	        0 	        7 	       20 	       44 	       24 	        5
 6600000.000 	    4.000 	        0 	        0 	        7 	       20 	       44 	       24 	        5
 6620000.000 	    4.000 	        0 	        0 	        7 	       20 	       44 	       24 	        5
 6640000.000 	    4.000 	        0 	        0 	        7 	       20 	       44 	       24 	        5
 6660000.000 	    4.000 	        0 	        0 	        7 	       20 	       44 	       24 	        5
 6680000.000 	    4.000 	        0 	        0 	        7 	       20 	       44 	       24 	        5
 6700000.000 	    4.000 	        0 	        0 	        7 	       20 	       44 	       24 	        5
 6720000.000 	    4.000 	        0 	        0 	        7 	       20 	       44 	       24 	        5
 6740000.000 	    4.000 	        0 	        0 	        7 	       20 	       44 	       24 	        5
 6760000.000 	    4.000 	        0 	        0 	        7 	       20 	       44 	       24 	        5
 6780000.000 	    4.000 	        0 	        0 	        7 	       20 	       44 	       24 	        5
 6800000.000 	    4.000 	        0 	        0 	        7 	       20 	       44 	       24 	        5
 6820000.000 	    4.000 	        0 	        0 	        7 	       20 	       44 	       24 	        5
 6840000.000 	    4.000 	        0 	        0 	        7 	       20 	       44 	       24 	        5
 6860000.000 	    4.000 	        0 	        0 	        7 	       20 	       44 	       24 	        5
 6880000.000 	    4.000 	        0 	        0 	        7 	       20 	       44 	       24 	        5
 6900000.000 	    4.000 	        0 	        0 	        7 	       20 	       44 	       24 	        5
 6920000.000 	    4.000 	        0 	        0 	        7 	       20 	       44 	       24 	        5
 6940000.000 	    4.000 	        0 	        0 	        7 	       20 	       44 	       24 	        5
 6960000.000 	    4.000 	        0 	        0 	        7 	       20 	       44 	       24 	        5
 6980000.000 	    4.000 	        0 	        0 	        7 	       20 	       44 	       24 	        5
 7000000.000 	    4.000 	        0 	        0 	        7 	       20 	       44 	       24 	        5
 7020000.000 	    4.000 	        0 	        0 	        7 	       20 	       44 	       24 	        5
 7040000.000 	    4.000 	        0 	        0 	        7 	       20 	       44 	       24 	        5
 7060000.000 	    4.000 	        0 	        0 	        7 	       20 	       44 	       24 	        5
 7080000.000 	    4.000 	        0 	        0 	        7 	       20 	       44 	       24 	        5
 7100000.000 	    4.000 	        0 	        0 	        7 	       20 	       44 	       24 	        5
 7120000.000 	    4.000 	        0 	        0 	        7 	       20 	       44 	       24 	        5
 7140000.000 	    4.000 	        0 	        0 	        7 	       20 	       44 	       24 	        5
 7160000.000 	    4.000 	        0 	        0 	        7 	       20 	       44 	       24 	        5
 7180000.000 	    4.000 	        0 	        0 	        7 	       20 	       44 	       24 	        5
 7200000.000 	    4.000 	        0 	        0 	        7 	       20 	       44 	       24 	        5
 7220000.000 	    4.000 	        0 	        0 	        7 	       20 	       44 	       24 	        5
 7240000.000 	    4.000 	        0 	        0 	        7 	       20 	       44 	       24 	        5
 7260000.000 	    4.000 	        0 	        0 	        7 	       20 	       44 	       24 	        5
 7280000.000 	    4.000 	        0 	        0 	        7 	       20 	       44 	       24 	        5
 7300000.000 	    4.000 	        0 	        0 	        7 	       20 	       44 	       24 	        5
 7320000.000 	    4.000 	        0 	        0 	        7 	       20 	       44 	       24 	        5
 7340000.000 	    4.000 	        0 	        0 	        7 	       20 	       44 	       24 	        5
 7360000.000 	    4.000 	        0 	        0 	        7 	       20 	       44 	       24 	        5
 7380000.000 	    4.000 	        0 	        0 	        7 	       20 	       44 	       24 	        5
 7400000.000 	    4.000 	        0 	        0 	        7 	       20 	       44 	       24 	        5
 7420000.000 	    4.000 	        0 	        0 	        7 	       20 	       44 	       24 	        5
 7440000.000 	    4.000 	        0 	        0 	        7 	       20 	       44 	       24 	        5
 7460000.000 	    4.000 	        0 	        0 	        7 	       20 	       44 	       24 	        5
 7480000.000 	    4.000 	        0 	        0 	        7 	       20 	       44 	       24 	        5
 7500000.000 	    4.000 	        0 	        0 	        7 	       20 	       44 	       24 	        5
 7520000.000 	    4.000 	        0 	        0 	        7 	       20 	       44 	       24 	        5
 7540000.000 	    4.000 	        0 	        0 	        7 	       20 	       44 	       24 	        5
 7560000.000 	    4.000 	        0 	        0 	        7 	       20 	       44 	       24 	        5
 7580000.000 	    4.000 	        0 	        0 	        7 	       20 	       44 	       24 	        5
 7600000.000 	    3.980 	        0 	        1 	        6 	       20 	       45 	       23 	        5
 7620000.000 	    4.000 	        0 	        0 	        7 	       20 	       44 	       24 	        5
 7640000.000 	    4.000 	        0 	        0 	        7 	       20 	       44 	       24 	        5
 7660000.000 	    4.000 	        0 	        0 	        7 	       20 	       44 	       24 	        5
 7680000.000 	    4.000 	        0 	        0 	        7 	       20 	       44 	       24 	        5
 7700000.000 	    4.000 	        0 	        0 	        7 	       20 	       44 	       24 	        5
 7720000.000 	    4.000 	        0 	        0 	        7 	       20 	       44 	       24 	        5
 7740000.000 	    4.000 	        0 	        0 	        7 	       20 	       44 	       24 	        5
 7760000.000 	    4.000 	        0 	        0 	        7 	       20 	       44 	       24 	        5
 7780000.000 	    4.000 	        0 	        0 	        7 	       20 	       44 	       24 	        5
 7800000.000 	    4.000 	        0 	        0 	        7 	       20 	       44 	       24 	        5
 7820000.000 	    4.000 	        0 	        0 	        7 	       20 	       44 	       24 	        5
 7840000.000 	    4.000 	        0 	        0 	        7 	       20 	       44 	       24 	        5
 7860000.000 	    4.000 	        0 	        0 	        7 	       20 	       44 	       24 	        5
 7880000.000 	    4.000 	        0 	        0 	        7 	       20 	       44 	       24 	        5
 7900000.000 	    4.000 	        0 	        0 	        7 	       20 	       44 	       24 	        5
 7920000.000 	    4.000 	        0 	        0 	        7 	       20 	       44 	       24 	        5
 7940000.000 	    4.000 	        0 	        0 	        7 	       20 	       44 	       24 	        5
 7960000.000 	    4.000 	        0 	        0 	        7 	       20 	       44 	       24 	        5
 7980000.000 	    4.000 	        0 	        0 	        7 	       20 	       44 	       24 	        5
 8000000.000 	    4.000 	        0 	        0 	        7 	       20 	       44 	       24 	        5
 8020000.000 	    4.000 	        0 	        0 	        7 	       20 	       44 	       24 	        5
 8040000.000 	    4.000 	        0 	        0 	        7 	       20 	       44 	       24 	        5
 8060000.000 	    4.000 	        0 	        0 	        7 	       20 	       44 	       24 	        5
 8080000.000 	    4.000 	        0 	        0 	        7 	       20 	       44 	       24 	        5
 8100000.000 	    4.000 	        0 	        0 	        7 	       20 	       44 	       24 	        5
 8120000.000 	    4.000 	        0 	        0 	        7 	       20 	       44 	       24 	        5
 8140000.000 	    4.000 	        0 	        0 	        7 	       20 	       44 	       24 	        5
 8160000.000 	    4.000 	        0 	        0 	        7 	       20 	       44 	       24 	        5
 8180000.000 	    4.000 	        0 	        0 	        7 	       20 	       44 	       24 	        5
 8200000.000 	    4.000 	        0 	        0 	        7 	       20 	       44 	       24 	        5
 8220000.000 	    4.000 	        0 	        0 	        7 	       20 	       44 	       24 	        5
 8240000.000 	    3.980 	        0 	        0 	        7 	       21 	       44 	       23 	        5
 8260000.000 	    4.000 	        0 	        0 	        7 	       20 	       44 	       24 	        5
 8280000.000 	    4.000 	        0 	        0 	        7 	       20 	       44 	       24 	        5
 8300000.000 	    4.000 	        0 	        0 	        7 	       20 	       44 	       24 	        5
 8320000.000 	    4.000 	        0 	        0 	        7 	       20 	       44 	       24 	        5
 8340000.000 	    4.000 	        0 	        0 	        7 	       20 	       44 	       24 	        5
 8360000.000 	    4.000 	        0 	        0 	        7 	       20 	       44 	       24 	        5
 8380000.000 	    4.000 	        0 	        0 	        7 	       20 	       44 	       24 	        5
 8400000.000 	    4.000 	        0 	        0 	        7 	       20 	       44 	       24 	        5
 8420000.000 	    4.000 	        0 	        0 	        7 	       20 	       44 	       24 	        5
 8440000.000 	    4.000 	        0 	        0 	        7 	       20 	       44 	       24 	        5
 8460000.000 	    4.000 	        0 	        0 	        7 	       20 	       44 	       24 	        5
 8480000.000 	    4.000 	        0 	        0 	        7 	       20 	       44 	       24 	        5
 8500000.000 	    4.000 	        0 	        0 	        7 	       20 	       44 	       24 	        5
 8520000.000 	    4.000 	        0 	        0 	        7 	       20 	       44 	       24 	        5
 8540000.000 	    4.000 	        0 	        0 	        7 	       20 	       44 	       24 	        5
 8560000.000 	    4.000 	        0 	        0 	        7 	       20 	       44 	       24 	        5
 8580000.000 	    4.000 	        0 	        0 	        7 	       20 	       44 	       24 	        5
 8600000.000 	    4.000 	        0 	        0 	        7 	       20 	       44 	       24 	        5
 8620000.000 	    4.000 	        0 	        0 	        7 	       20 	       44 	       24 	        5
 8640000.000 	    4.000 	        0 	        0 	        7 	       20 	       44 	       24 	        5
 8660000.000 	    4.000 	        0 	        0 	        7 	       20 	       44 	       24 	        5
 8680000.000 	    3.980 	        0 	        1 	        6 	       21 	       43 	       24 	        5
 8700000.000 	    4.000 	        0 	        0 	        7 	       20 	       44 	       24 	        5
 8720000.000 	    4.000 	        0 	        0 	        7 	       20 	       44 	       24 	        5
 8740000.000 	    4.000 	        0 	        0 	        7 	       20 	       44 	       24 	        5
 8760000.000 	    4.000 	        0 	        0 	        7 	       20 	       44 	       24 	        5
 8780000.000 	    4.000 	        0 	        0 	        7 	       20 	       44 	       24 	        5
 8800000.000 	    4.000 	        0 	        0 	        7 	       20 	       44 	       24 	        5
 8820000.000 	    4.000 	        0 	        0 	        7 	       20 	       44 	       24 	        5
 8840000.000 	    4.000 	        0 	        0 	        7 	       20 	       44 	       24 	        5
 8860000.000 	    4.000 	        0 	        0 	        7 	       20 	       44 	       24 	        5
 8880000.000 	    4.000 	        0 	        0 	        7 	       20 	       44 	       24 	        5
 8900000.000 	    4.000 	        0 	        0 	        7 	       20 	       44 	       24 	        5
 8920000.000 	    4.000 	        0 	        0 	        7 	       20 	       44 	       24 	        5
 8940000.000 	    4.000 	        0 	        0 	        7 	       20 	       44 	       24 	        5
 8960000.000 	    4.000 	        0 	        0 	        7 	       20 	       44 	       24 	        5
 8980000.000 	    4.000 	        0 	        0 	        7 	       20 	       44 	       24 	        5
 9000000.000 	    4.000 	        0 	        0 	        7 	       20 	       44 	       24 	        5
 9020000.000 	    4.000 	        0 	        0 	        7 	       20 	       44 	       24 	        5
 9040000.000 	    4.000 	        0 	        0 	        7 	       20 	       44 	       24 	        5
 9060000.000 	    4.000 	        0 	        0 	        7 	       20 	       44 	       24 	        5
 9080000.000 	    4.000 	        0 	        0 	        7 	       20 	       44 	       24 	        5
 9100000.000 	    4.000 	        0 	        0 	        7 	       20 	       44 	       24 	        5
 9120000.000 	    4.000 	        0 	        0 	        7 	       20 	       44 	       24 	        5
 9140000.000 	    4.000 	        0 	        0 	        7 	       20 	       44 	       24 	        5
 9160000.000 	    3.980 	        0 	        0 	        7 	       22 	       42 	       24 	        5
 9180000.000 	    4.000 	        0 	        0 	        7 	       20 	       44 	       24 	        5
 9200000.000 	    4.000 	        0 	        0 	        7 	       20 	       44 	       24 	        5
 9220000.000 	    4.000 	        0 	        0 	        7 	       20 	       44 	       24 	        5
 9240000.000 	    4.000 	        0 	        0 	        7 	       20 	       44 	       24 	        5
 9260000.000 	    4.000 	        0 	        0 	        7 	       20 	       44 	       24 	        5
 9280000.000 	    4.000 	        0 	        0 	        7 	       20 	       44 	       24 	        5
 9300000.000 	    4.000 	        0 	        0 	        7 	       20 	       44 	       24 	        5
 9320000.000 	    4.000 	        0 	        0 	        7 	       20 	       44 	       24 	        5
 9340000.000 	    4.000 	        0 	        0 	        7 	       20 	       44 	       24 	        5
 9360000.000 	    4.000 	        0 	        0 	        7 	       20 	       44 	       24 	        5
 9380000.000 	    4.000 	        0 	        0 	        7 	       20 	       44 	       24 	        5
 9400000.000 	    4.000 	        0 	        0 	        7 	       20 	       44 	       24 	        5
 9420000.000 	    4.000 	        0 	        0 	        7 	       20 	       44 	       24 	        5
 9440000.000 	    4.000 	        0 	        0 	        7 	       20 	       44 	       24 	        5
 9460000.000 	    4.000 	        0 	        0 	        7 	       20 	       44 	       24 	        5
 9480000.000 	    4.000 	        0 	        0 	        7 	       20 	       44 	       24 	        5
 9500000.000 	    4.000 	        0 	        0 	        7 	       20 	       44 	       24 	        5
 9520000.000 	    4.000 	        0 	        0 	        7 	       20 	       44 	       24 	        5
 9540000.000 	    4.000 	        0 	        0 	        7 	       20 	       44 	       24 	        5
 9560000.000 	    4.000 	        0 	        0 	        7 	       20 	       44 	       24 	        5
 9580000.000 	    4.000 	        0 	        0 	        7 	       20 	       44 	       24 	        5
 9600000.000 	    4.000 	        0 	        0 	        7 	       20 	       44 	       24 	        5
 9620000.000 	    4.000 	        0 	        0 	        7 	       20 	       44 	       24 	        5
 9640000.000 	    4.000 	        0 	        0 	        7 	       20 	       44 	       24 	        5
 9660000.000 	    4.000 	        0 	        0 	        7 	       20 	       44 	       24 	        5
 9680000.000 	    4.000 	        0 	        0 	        7 	       20 	       44 	       24 	        5
 9700000.000 	    4.000 	        0 	        0 	        7 	       20 	       44 	       24 	        5
 9720000.000 	    4.000 	        0 	        0 	        7 	       20 	       44 	       24 	        5
 9740000.000 	    4.000 	        0 	        0 	        7 	       20 	       44 	       24 	        5
 9760000.000 	    3.980 	        0 	        0 	        7 	       22 	       42 	       24 	        5
 9780000.000 	    3.980 	        0 	        0 	        7 	       22 	       42 	       24 	        5
 9800000.000 	    3.980 	        0 	        0 	        7 	       22 	       42 	       24 	        5
 9820000.000 	    3.980 	        0 	        0 	        7 	       22 	       42 	       24 	        5
 9840000.000 	    3.980 	        0 	        0 	        7 	       22 	       42 	       24 	        5
 9860000.000 	    3.980 	        0 	        0 	        7 	       22 	       42 	       24 	        5
 9880000.000 	    3.980 	        0 	        0 	        7 	       22 	       42 	       24 	        5
 9900000.000 	    3.980 	        0 	        0 	        7 	       22 	       42 	       24 	        5
 9920000.000 	    3.980 	        0 	        0 	        7 	       22 	       42 	       24 	        5
 9940000.000 	    3.980 	        0 	        0 	        7 	       22 	       42 	       24 	        5
 9960000.000 	    3.980 	        0 	        0 	        7 	       22 	       42 	       24 	        5
 9980000.000 	    3.980 	        0 	        0 	        7 	       22 	       42 	       24 	        5
10000000.000 	    3.980 	        0 	        0 	        7 	       22 	       42 	       24 	        5
