       0.000 	    0.000 	      100 	        0 	        0 	        0 	        0 	        0 	        0
   20000.000 	    0.080 	       92 	        8 	        0 	        0 	        0 	        0 	        0
   40000.000 	    0.280 	       73 	       26 	        1 	        0 	        0 	        0 	        0
   60000.000 	    0.420 	       61 	       36 	        3 	        0 	        0 	        0 	        0
   80000.000 	    0.480 	       56 	       40 	        4 	        0 	        0 	        0 	        0
  100000.000 	    0.580 	       50 	       43 	        6 	        1 	        0 	        0 	        0
  120000.000 	    0.800 	       37 	       46 	       17 	        0 	        0 	        0 	        0
  140000.000 	    0.940 	       30 	       50 	       16 	        4 	        0 	        0 	        0
  160000.000 	    0.980 	       28 	       50 	       18 	        4 	        0 	        0 	        0
  180000.000 	    1.160 	       22 	       45 	       28 	        5 	        0 	        0 	        0
  200000.000 	    1.200 	       21 	       43 	       31 	        5 	        0 	        0 	        0
  220000.000 	    1.280 	       18 	       42 	       34 	        6 	        0 	        0 	        0
  240000.000 	    1.360 	       14 	       44 	       35 	        6 	        1 	        0 	        0
  260000.000 	    1.400 	       15 	       40 	       36 	        8 	        1 	        0 	        0
  280000.000 	    1.440 	       13 	       42 	       34 	       10 	        1 	        0 	        0
  300000.000 	    1.480 	       15 	       36 	       36 	       12 	        1 	        0 	        0
  320000.000 	    1.600 	       12 	       34 	       38 	       14 	        2 	        0 	        0
  340000.000 	    1.640 	       12 	       33 	       36 	       17 	        2 	        0 	        0
  360000.000 	    1.720 	        9 	       35 	       35 	       17 	        4 	        0 	        0
  380000.000 	    1.820 	        8 	       30 	       38 	       20 	        4 	        0 	        0
  400000.000 	    1.880 	        8 	       26 	       41 	       20 	        5 	        0 	        0
  420000.000 	    1.900 	        8 	       25 	       41 	       21 	        5 	        0 	        0
  440000.000 	    2.000 	        6 	       25 	       40 	       21 	        8 	        0 	        0
  460000.000 	    2.060 	        6 	       23 	       40 	       21 	       10 	        0 	        0
  480000.000 	    2.100 	        6 	       20 	       42 	       22 	       10 	        0 	        0
  500000.000 	    2.080 	        7 	       19 	       43 	       21 	       10 	        0 	        0
  520000.000 	    2.060 	        8 	       22 	       38 	       21 	       10 	        1 	        0
  540000.000 	    2.140 	        6 	       22 	       38 	       21 	       12 	        1 	        0
  560000.000 	    2.140 	        6 	       21 	       40 	       20 	       12 	        1 	        0
  580000.000 	    2.180 	        5 	       20 	       42 	       19 	       13 	        1 	        0
  600000.000 	    2.200 	        5 	       20 	       40 	       21 	       13 	        1 	        0
  620000.000 	    2.280 	        6 	       15 	       39 	       26 	       13 	        1 	        0
  640000.000 	    2.300 	        4 	       17 	       40 	       25 	       12 	        2 	        0
  660000.000 	    2.400 	        3 	       15 	       39 	       27 	       14 	        2 	        0
  680000.000 	    2.460 	        3 	       12 	       42 	       24 	       17 	        2 	        0
  700000.000 	    2.520 	        3 	       10 	       40 	       28 	       17 	        2 	        0
  720000.000 	    2.520 	        3 	        9 	       41 	       29 	       16 	        2 	        0
  740000.000 	    2.540 	        2 	        9 	       42 	       29 	       16 	        2 	        0
  760000.000 	    2.540 	        2 	       10 	       40 	       30 	       16 	        2 	        0
  780000.000 	    2.560 	        2 	       10 	       39 	       30 	       17 	        2 	        0
  800000.000 	    2.560 	        4 	        8 	       38 	       30 	       18 	        2 	        0
  820000.000 	    2.620 	        2 	        9 	       37 	       31 	       19 	        2 	        0
  840000.000 	    2.660 	        2 	        7 	       37 	       33 	       19 	        2 	        0
  860000.000 	    2.660 	        2 	        8 	       36 	       32 	       20 	        2 	        0
  880000.000 	    2.660 	        2 	        8 	       36 	       32 	       20 	        2 	        0
  900000.000 	    2.680 	        3 	        6 	       36 	       32 	       21 	        2 	        0
  920000.000 	    2.720 	        2 	        6 	       35 	       35 	       19 	        3 	        0
  940000.000 	    2.740 	        2 	        6 	       35 	       33 	       21 	        3 	        0
  960000.000 	    2.740 	        2 	        6 	       35 	       33 	       21 	        3 	        0
  980000.000 	    2.740 	        1 	        7 	       36 	       32 	       21 	        3 	        0
 1000000.000 	    2.760 	        1 	        7 	       34 	       34 	       21 	        3 	        0
 1020000.000 	    2.740 	        2 	        8 	       30 	       37 	       20 	        3 	        0
 1040000.000 	    2.780 	        1 	        5 	       37 	       32 	       22 	        3 	        0
 1060000.000 	    2.820 	        1 	        5 	       34 	       35 	       21 	        4 	        0
 1080000.000 	    2.800 	        1 	        8 	       30 	       36 	       21 	        4 	        0
 1100000.000 	    2.820 	        1 	        7 	       31 	       35 	       22 	        4 	        0
 1120000.000 	    2.820 	        1 	        7 	       31 	       35 	       22 	        4 	        0
 1140000.000 	    2.820 	        1 	        7 	       31 	       35 	       22 	        4 	        0
 1160000.000 	    2.800 	        2 	        6 	       31 	       36 	       21 	        4 	        0
 1180000.000 	    2.840 	        2 	        5 	       31 	       36 	       21 	        5 	        0
 1200000.000 	    2.860 	        2 	        3 	       33 	       36 	       21 	        5 	        0
 1220000.000 	    2.860 	        2 	        3 	       33 	       36 	       21 	        5 	        0
 1240000.000 	    2.880 	        2 	        2 	       33 	       37 	       21 	        5 	        0
 1260000.000 	    2.920 	        2 	        1 	       33 	       36 	       23 	        5 	        0
 1280000.000 	    2.920 	        2 	        1 	       33 	       36 	       23 	        5 	        0
 1300000.000 	    2.920 	        2 	        1 	       33 	       36 	       23 	        5 	        0
 1320000.000 	    2.940 	        2 	        1 	       31 	       38 	       23 	        5 	        0
 1340000.000 	    2.980 	        1 	        2 	       30 	       38 	       23 	        6 	        0
 1360000.000 	    2.980 	        1 	        2 	       30 	       38 	       23 	        6 	        0
 1380000.000 	    2.980 	        1 	        2 	       30 	       38 	       23 	        6 	        0
 1400000.000 	    2.960 	        1 	        2 	       32 	       36 	       23 	        6 	        0
 1420000.000 	    2.960 	        1 	        2 	       32 	       36 	       23 	        6 	        0
 1440000.000 	    2.980 	        1 	        1 	       32 	       37 	       23 	        6 	        0
 1460000.000 	    2.960 	        1 	        2 	       32 	       36 	       23 	        6 	        0
 1480000.000 	    2.980 	        1 	        3 	       30 	       36 	       23 	        7 	        0
 1500000.000 	    3.000 	        1 	        1 	       32 	       36 	       23 	        7 	        0
 1520000.000 	    2.980 	        1 	        2 	       32 	       35 	       23 	        7 	        0
 1540000.000 	    3.000 	        1 	        2 	       31 	       36 	       22 	        8 	        0
 1560000.000 	    3.040 	        1 	        1 	       30 	       37 	       23 	        8 	        0
 1580000.000 	    3.020 	        1 	        2 	       30 	       36 	       23 	        8 	        0
 1600000.000 	    3.040 	        1 	        1 	       30 	       37 	       23 	        8 	        0
 1620000.000 	    3.040 	        1 	        2 	       29 	       37 	       22 	        9 	        0
 1640000.000 	    3.040 	        1 	        3 	       28 	       37 	       21 	       10 	        0
 1660000.000 	    3.100 	        1 	        1 	       26 	       41 	       21 	       10 	        0
 1680000.000 	    3.080 	        1 	        2 	       26 	       40 	       21 	       10 	        0
 1700000.000 	    3.080 	        1 	        2 	       26 	       40 	       21 	       10 	        0
 1720000.000 	    3.080 	        1 	        2 	       26 	       40 	       21 	       10 	        0
 1740000.000 	    3.100 	        1 	        1 	       26 	       41 	       21 	       10 	        0
 1760000.000 	    3.100 	        1 	        1 	       26 	       41 	       21 	       10 	        0
 1780000.000 	    3.100 	        1 	        1 	       26 	       41 	       21 	       10 	        0
 1800000.000 	    3.100 	        1 	        1 	       26 	       41 	       21 	       10 	        0
 1820000.000 	    3.100 	        1 	        1 	       26 	       41 	       21 	       10 	        0
 1840000.000 	    3.100 	        1 	        1 	       26 	       41 	       21 	       10 	        0
 1860000.000 	    3.080 	        1 	        1 	       28 	       39 	       21 	       10 	        0
 1880000.000 	    3.100 	        1 	        1 	       26 	       41 	       21 	       10 	        0
 1900000.000 	    3.120 	        1 	        1 	       26 	       40 	       21 	       11 	        0
 1920000.000 	    3.100 	        1 	        1 	       26 	       41 	       21 	       10 	        0
 1940000.000 	    3.100 	        1 	        1 	       26 	       41 	       21 	       10 	        0
 1960000.000 	    3.100 	        1 	        1 	       26 	       41 	       21 	       10 	        0
 1980000.000 	    3.100 	        1 	        1 	       26 	       41 	       21 	       10 	        0
 2000000.000 	    3.120 	        1 	        1 	       24 	       43 	       21 	       10 	        0
 2020000.000 	    3.120 	        1 	        1 	       24 	       43 	       21 	       10 	        0
 2040000.000 	    3.120 	        1 	        1 	       24 	       43 	       21 	       10 	        0
 2060000.000 	    3.140 	        0 	        2 	       24 	       42 	       22 	       10 	        0
 2080000.000 	    3.180 	        0 	        1 	       25 	       39 	       25 	       10 	        0
 2100000.000 	    3.180 	        0 	        1 	       25 	       39 	       25 	       10 	        0
 2120000.000 	    3.180 	        0 	        1 	       25 	       39 	       25 	       10 	        0
 2140000.000 	    3.200 	        0 	        1 	       25 	       38 	       25 	       11 	        0
 2160000.000 	    3.200 	        0 	        1 	       25 	       38 	       25 	       11 	        0
 2180000.000 	    3.200 	        0 	        1 	       25 	       38 	       25 	       11 	        0
 2200000.000 	    3.200 	        0 	        1 	       25 	       38 	       25 	       11 	        0
 2220000.000 	    3.200 	        0 	        1 	       25 	       38 	       25 	       11 	        0
 2240000.000 	    3.200 	        0 	        1 	       25 	       38 	       25 	       11 	        0
 2260000.000 	    3.200 	        0 	        1 	       25 	       38 	       25 	       11 	        0
 2280000.000 	    3.200 	        0 	        1 	       25 	       38 	       25 	       11 	        0
 2300000.000 	    3.200 	        0 	        1 	       25 	       38 	       25 	       11 	        0
 2320000.000 	    3.200 	        0 	        1 	       25 	       38 	       25 	       11 	        0
 2340000.000 	    3.200 	        0 	        1 	       25 	       38 	       25 	       11 	        0
 2360000.000 	    3.200 	        0 	        1 	       25 	       38 	       25 	       11 	        0
 2380000.000 	    3.200 	        0 	        1 	       25 	       38 	       25 	       11 	        0
 2400000.000 	    3.200 	        0 	        1 	       25 	       38 	       25 	       11 	        0
 2420000.000 	    3.200 	        0 	        1 	       25 	       38 	       25 	       11 	        0
 2440000.000 	    3.220 	        0 	        1 	       25 	       37 	       25 	       12 	        0
 2460000.000 	    3.220 	        0 	        1 	       25 	       37 	       25 	       12 	        0
 2480000.000 	    3.220 	        0 	        1 	       25 	       37 	       25 	       12 	        0
 2500000.000 	    3.220 	        0 	        1 	       25 	       37 	       25 	       12 	        0
 2520000.000 	    3.220 	        0 	        1 	       25 	       37 	       25 	       12 	        0
 2540000.000 	    3.220 	        0 	        1 	       25 	       37 	       25 	       12 	        0
 2560000.000 	    3.220 	        0 	        1 	       25 	       37 	       25 	       12 	        0
 2580000.000 	    3.220 	        0 	        1 	       25 	       37 	       25 	       12 	        0
 2600000.000 	    3.220 	        0 	        1 	       25 	       37 	       25 	       12 	        0
 2620000.000 	    3.220 	        0 	        1 	       25 	       37 	       25 	       12 	        0
 2640000.000 	    3.220 	        0 	        1 	       25 	       37 	       25 	       12 	        0
 2660000.000 	    3.220 	        0 	        1 	       25 	       37 	       25 	       12 	        0
 2680000.000 	    3.220 	        0 	        1 	       25 	       37 	       25 	       12 	        0
 2700000.000 	    3.240 	        0 	        1 	       24 	       37 	       26 	       12 	        0
 2720000.000 	    3.240 	        0 	        1 	       24 	       37 	       26 	       12 	        0
 2740000.000 	    3.240 	        0 	        1 	       24 	       37 	       26 	       12 	        0
 2760000.000 	    3.240 	        0 	        1 	       24 	       37 	       26 	       12 	        0
 2780000.000 	    3.240 	        0 	        1 	       24 	       37 	       26 	       12 	        0
 2800000.000 	    3.240 	        0 	        1 	       24 	       37 	       26 	       12 	        0
 2820000.000 	    3.240 	        0 	        1 	       24 	       37 	       26 	       12 	        0
 2840000.000 	    3.240 	        0 	        1 	       24 	       37 	       26 	       12 	        0
 2860000.000 	    3.240 	        0 	        1 	       24 	       37 	       26 	       12 	        0
 2880000.000 	    3.240 	        0 	        1 	       24 	       37 	       26 	       12 	        0
 2900000.000 	    3.240 	        0 	        1 	       24 	       37 	       26 	       12 	        0
 2920000.000 	    3.240 	        0 	        1 	       24 	       37 	       26 	       12 	        0
 2940000.000 	    3.240 	        0 	        1 	       24 	       37 	       26 	       12 	        0
 2960000.000 	    3.240 	        0 	        1 	       24 	       37 	       26 	       12 	        0
 2980000.000 	    3.240 	        0 	        1 	       24 	       37 	       26 	       12 	        0
 3000000.000 	    3.240 	        0 	        1 	       24 	       37 	       26 	       12 	        0
 3020000.000 	    3.240 	        0 	        1 	       24 	       37 	       26 	       12 	        0
 3040000.000 	    3.240 	        0 	        1 	       24 	       37 	       26 	       12 	        0
 3060000.000 	    3.240 	        0 	        1 	       24 	       37 	       26 	       12 	        0
 3080000.000 	    3.240 	        0 	        1 	       24 	       37 	       26 	       12 	        0
 3100000.000 	    3.240 	        0 	        1 	       24 	       37 	       26 	       12 	        0
 3120000.000 	    3.240 	        0 	        1 	       24 	       37 	       26 	       12 	        0
 3140000.000 	    3.240 	        0 	        1 	       24 	       37 	       26 	       12 	        0
 3160000.000 	    3.240 	        0 	        1 	       24 	       37 	       26 	       12 	        0
 3180000.000 	    3.240 	        0 	        1 	       24 	       37 	       26 	       12 	        0
 3200000.000 	    3.240 	        0 	        1 	       24 	       37 	       26 	       12 	        0
 3220000.000 	    3.240 	        0 	        1 	       24 	       37 	       26 	       12 	        0
 3240000.000 	    3.240 	        0 	        1 	       24 	       37 	       26 	       12 	        0
 3260000.000 	    3.240 	        0 	        1 	       24 	       37 	       26 	       12 	        0
 3280000.000 	    3.240 	        0 	        1 	       24 	       37 	       26 	       12 	        0
 3300000.000 	    3.240 	        0 	        1 	       24 	       37 	       26 	       12 	        0
 3320000.000 	    3.240 	        0 	        1 	       24 	       37 	       26 	       12 	        0
 3340000.000 	    3.240 	        0 	        1 	       24 	       37 	       26 	       12 	        0
 3360000.000 	    3.240 	        0 	        1 	       24 	       37 	       26 	       12 	        0
 3380000.000 	    3.240 	        0 	        2 	       21 	       39 	       27 	       11 	        0
 3400000.000 	    3.240 	        0 	        1 	       24 	       37 	       26 	       12 	        0
 3420000.000 	    3.260 	        0 	        1 	       24 	       36 	       26 	       13 	        0
 3440000.000 	    3.260 	        0 	        1 	       24 	       36 	       26 	       13 	        0
 3460000.000 	    3.260 	        0 	        1 	       24 	       36 	       26 	       13 	        0
 3480000.000 	    3.260 	        0 	        1 	       24 	       36 	       26 	       13 	        0
 3500000.000 	    3.260 	        0 	        1 	       24 	       36 	       26 	       13 	        0
 3520000.000 	    3.260 	        0 	        1 	       24 	       36 	       26 	       13 	        0
 3540000.000 	    3.260 	        0 	        1 	       24 	       36 	       26 	       13 	        0
 3560000.000 	    3.260 	        0 	        1 	       24 	       36 	       26 	       13 	        0
 3580000.000 	    3.260 	        0 	        1 	       24 	       36 	       26 	       13 	        0
 3600000.000 	    3.240 	        0 	        1 	       26 	       34 	       26 	       13 	        0
 3620000.000 	    3.240 	        0 	        1 	       26 	       34 	       26 	       13 	        0
 3640000.000 	    3.240 	        0 	        1 	       26 	       34 	       26 	       13 	        0
 3660000.000 	    3.240 	        0 	        1 	       26 	       34 	       26 	       13 	        0
 3680000.000 	    3.240 	        0 	        1 	       26 	       34 	       26 	       13 	        0
 3700000.000 	    3.260 	        0 	        1 	       25 	       34 	       27 	       13 	        0
 3720000.000 	    3.260 	        0 	        1 	       25 	       34 	       27 	       13 	        0
 3740000.000 	    3.260 	        0 	        1 	       25 	       34 	       27 	       13 	        0
 3760000.000 	    3.260 	        0 	        1 	       25 	       34 	       27 	       13 	        0
 3780000.000 	    3.260 	        0 	        1 	       25 	       34 	       27 	       13 	        0
 3800000.000 	    3.260 	        0 	        1 	       25 	       34 	       27 	       13 	        0
 3820000.000 	    3.260 	        0 	        1 	       25 	       34 	       27 	       13 	        0
 3840000.000 	    3.260 	        0 	        1 	       25 	       34 	       27 	       13 	        0
 3860000.000 	    3.280 	        0 	        1 	       24 	       34 	       28 	       13 	        0
 3880000.000 	    3.300 	        0 	        1 	       22 	       36 	       28 	       13 	        0
 3900000.000 	    3.300 	        0 	        1 	       22 	       36 	       28 	       13 	        0
 3920000.000 	    3.300 	        0 	        1 	       22 	       36 	       28 	       13 	        0
 3940000.000 	    3.300 	        0 	        1 	       22 	       36 	       28 	       13 	        0
 3960000.000 	    3.300 	        0 	        1 	       22 	       36 	       28 	       13 	        0
 3980000.000 	    3.300 	        0 	        1 	       22 	       36 	       28 	       13 	        0
 4000000.000 	    3.280 	        1 	        0 	       23 	       35 	       28 	       13 	        0
 4020000.000 	    3.300 	        0 	        1 	       22 	       36 	       28 	       13 	        0
 4040000.000 	    3.300 	        0 	        1 	       22 	       36 	       28 	       13 	        0
 4060000.000 	    3.300 	        0 	        1 	       22 	       36 	       28 	       13 	        0
 4080000.000 	    3.300 	        0 	        1 	       22 	       36 	       28 	       13 	        0
 4100000.000 	    3.300 	        0 	        1 	       22 	       36 	       28 	       13 	        0
 4120000.000 	    3.300 	        0 	        1 	       22 	       36 	       28 	       13 	        0
 4140000.000 	    3.320 	        0 	        0 	       22 	       37 	       28 	       13 	        0
 4160000.000 	    3.320 	        0 	        0 	       22 	       37 	       28 	       13 	        0
 4180000.000 	    3.320 	        0 	        0 	       22 	       37 	       28 	       13 	        0
 4200000.000 	    3.320 	        0 	        0 	       22 	       37 	       28 	       13 	        0
 4220000.000 	    3.320 	        0 	        0 	       22 	       37 	       28 	       13 	        0
 4240000.000 	    3.320 	        0 	        0 	       22 	       37 	       28 	       13 	        0
 4260000.000 	    3.320 	        0 	        0 	       22 	       37 	       28 	       13 	        0
 4280000.000 	    3.320 	        0 	        0 	       22 	       37 	       28 	       13 	        0
 4300000.000 	    3.320 	        0 	        0 	       22 	       37 	       28 	       13 	        0
 4320000.000 	    3.320 	        0 	        0 	       22 	       37 	       28 	       13 	        0
 4340000.000 	    3.320 	        0 	        0 	       22 	       37 	       28 	       13 	        0
 4360000.000 	    3.320 	        0 	        0 	       22 	       37 	       28 	       13 	        0
 4380000.000 	    3.320 	        0 	        0 	       22 	       37 	       28 	       13 	        0
 4400000.000 	    3.320 	        0 	        0 	       22 	       37 	       28 	       13 	        0
 4420000.000 	    3.320 	        0 	        0 	       22 	       37 	       28 	       13 	        0
 4440000.000 	    3.320 	        0 	        0 	       22 	       37 	       28 	       13 	        0
 4460000.000 	    3.340 	        0 	        0 	       22 	       35 	       30 	       13 	        0
 4480000.000 	    3.340 	        0 	        0 	       22 	       35 	       30 	       13 	        0
 4500000.000 	    3.340 	        0 	        0 	       22 	       35 	       30 	       13 	        0
 4520000.000 	    3.340 	        0 	        0 	       22 	       35 	       30 	       13 	        0
 4540000.000 	    3.340 	        0 	        0 	       22 	       35 	       30 	       13 	        0
 4560000.000 	    3.340 	        0 	        0 	       22 	       35 	       30 	       13 	        0
 4580000.000 	    3.340 	        0 	        0 	       22 	       35 	       30 	       13 	        0
 4600000.000 	    3.340 	        0 	        0 	       22 	       35 	       30 	       13 	        0
 4620000.000 	    3.360 	        0 	        0 	       21 	       35 	       31 	       13 	        0
 4640000.000 	    3.360 	        0 	        0 	       21 	       35 	       31 	       13 	        0
 4660000.000 	    3.360 	        0 	        0 	       21 	       35 	       31 	       13 	        0
 4680000.000 	    3.360 	        0 	        0 	       21 	       35 	       31 	       13 	        0
 4700000.000 	    3.360 	        0 	        0 	       21 	       35 	       31 	       13 	        0
 4720000.000 	    3.360 	        0 	        0 	       21 	       35 	       31 	       13 	        0
 4740000.000 	    3.340 	        0 	        0 	       22 	       35 	       30 	       13 	        0
 4760000.000 	    3.340 	        0 	        0 	       22 	       35 	       30 	       13 	        0
 4780000.000 	    3.360 	        0 	        0 	       22 	       33 	       32 	       13 	        0
 4800000.000 	    3.360 	        0 	        0 	       22 	       33 	       32 	       13 	        0
 4820000.000 	    3.360 	        0 	        0 	       22 	       33 	       32 	       13 	        0
 4840000.000 	    3.360 	        0 	        0 	       22 	       33 	       32 	       13 	        0
 4860000.000 	    3.360 	        0 	        0 	       22 	       33 	       32 	       13 	        0
 4880000.000 	    3.360 	        0 	        0 	       22 	       33 	       32 	       13 	        0
 4900000.000 	    3.360 	        0 	        0 	       22 	       33 	       32 	       13 	        0
 4920000.000 	    3.360 	        0 	        0 	       22 	       33 	       32 	       13 	        0
 4940000.000 	    3.360 	        0 	        0 	       22 	       33 	       32 	       13 	        0
 4960000.000 	    3.380 	        0 	        0 	       21 	       33 	       33 	       13 	        0
 4980000.000 	    3.380 	        0 	        0 	       21 	       33 	       33 	       13 	        0
 5000000.000 	    3.380 	        0 	        0 	       21 	       33 	       33 	       13 	        0
 5020000.000 	    3.380 	        0 	        0 	       21 	       33 	       33 	       13 	        0
 5040000.000 	    3.380 	        0 	        0 	       21 	       33 	       33 	       13 	        0
 5060000.000 	    3.380 	        0 	        0 	       21 	       33 	       33 	       13 	        0
 5080000.000 	    3.380 	        0 	        0 	       21 	       33 	       33 	       13 	        0
 5100000.000 	    3.380 	        0 	        0 	       21 	       33 	       33 	       13 	        0
 5120000.000 	    3.380 	        0 	        0 	       21 	       33 	       33 	       13 	        0
 5140000.000 	    3.380 	        0 	        0 	       21 	       33 	       33 	       13 	        0
 5160000.000 	    3.380 	        0 	        0 	       21 	       33 	       33 	       13 	        0
 5180000.000 	    3.380 	        0 	        0 	       21 	       33 	       33 	       13 	        0
 5200000.000 	    3.380 	        0 	        0 	       21 	       33 	       33 	       13 	        0
 5220000.000 	    3.380 	        0 	        0 	       21 	       33 	       33 	       13 	        0
 5240000.000 	    3.380 	        0 	        0 	       21 	       33 	       33 	       13 	        0
 5260000.000 	    3.380 	        0 	        0 	       21 	       33 	       33 	       13 	        0
 5280000.000 	    3.360 	        0 	        1 	       21 	       32 	       33 	       13 	        0
 5300000.000 	    3.380 	        0 	        0 	       21 	       33 	       33 	       13 	        0
 5320000.000 	    3.380 	        0 	        0 	       21 	       33 	       33 	       13 	        0
 5340000.000 	    3.380 	        0 	        0 	       21 	       33 	       33 	       13 	        0
 5360000.000 	    3.380 	        0 	        0 	       21 	       33 	       33 	       13 	        0
 5380000.000 	    3.380 	        0 	        0 	       21 	       33 	       33 	       13 	        0
 5400000.000 	    3.380 	        0 	        0 	       21 	       33 	       33 	       13 	        0
 5420000.000 	    3.400 	        0 	        0 	       19 	       35 	       33 	       13 	        0
 5440000.000 	    3.420 	        0 	        0 	       19 	       34 	       33 	       14 	        0
 5460000.000 	    3.400 	        0 	        0 	       19 	       35 	       33 	       13 	        0
 5480000.000 	    3.400 	        0 	        0 	       19 	       35 	       33 	       13 	        0
 5500000.000 	    3.400 	        0 	        0 	       19 	       35 	       33 	       13 	        0
 5520000.000 	    3.400 	        0 	        0 	       19 	       35 	       33 	       13 	        0
 5540000.000 	    3.400 	        0 	        0 	       19 	       35 	       33 	       13 	        0
 5560000.000 	    3.400 	        0 	        0 	       19 	       35 	       33 	       13 	        0
 5580000.000 	    3.420 	        0 	        0 	       19 	       35 	       31 	       15 	        0
 5600000.000 	    3.420 	        0 	        0 	       19 	       35 	       31 	       15 	        0
 5620000.000 	    3.400 	        0 	        0 	       19 	       35 	       33 	       13 	        0
 5640000.000 	    3.420 	        0 	        0 	       19 	       35 	       31 	       15 	        0
 5660000.000 	    3.420 	        0 	        0 	       19 	       35 	       31 	       15 	        0
 5680000.000 	    3.420 	        0 	        0 	       19 	       35 	       31 	       15 	        0
 5700000.000 	    3.420 	        0 	        0 	       19 	       35 	       31 	       15 	        0
 5720000.000 	    3.420 	        0 	        0 	       19 	       35 	       31 	       15 	        0
 5740000.000 	    3.420 	        0 	        0 	       19 	       35 	       31 	       15 	        0
 5760000.000 	    3.420 	        0 	        0 	       19 	       35 	       31 	       15 	        0
 5780000.000 	    3.420 	        0 	        0 	       19 	       35 	       31 	       15 	        0
 5800000.000 	    3.420 	        0 	        0 	       19 	       35 	       31 	       15 	        0
 5820000.000 	    3.420 	        0 	        0 	       19 	       35 	       31 	       15 	        0
 5840000.000 	    3.420 	        0 	        0 	       19 	       35 	       31 	       15 	        0
 5860000.000 	    3.420 	        0 	        0 	       19 	       35 	       31 	       15 	        0
 5880000.000 	    3.420 	        0 	        0 	       19 	       35 	       31 	       15 	        0
 5900000.000 	    3.420 	        0 	        0 	       19 	       35 	       31 	       15 	        0
 5920000.000 	    3.420 	        0 	        0 	       19 	       35 	       31 	       15 	        0
 5940000.000 	    3.420 	        0 	        0 	       19 	       35 	       31 	       15 	        0
 5960000.000 	    3.420 	        0 	        0 	       19 	       35 	       31 	       15 	        0
 5980000.000 	    3.420 	        0 	        0 	       19 	       35 	       31 	       15 	        0
 6000000.000 	    3.420 	        0 	        0 	       19 	       35 	       31 	       15 	        0
 6020000.000 	    3.420 	        0 	        0 	       19 	       35 	       31 	       15 	        0
 6040000.000 	    3.420 	        0 	        0 	       19 	       35 	       31 	       15 	        0
 6060000.000 	    3.420 	        0 	        0 	       19 	       35 	       31 	       15 	        0
 6080000.000 	    3.420 	        0 	        0 	       19 	       35 	       31 	       15 	        0
 6100000.000 	    3.420 	        0 	        0 	       19 	       35 	       31 	       15 	        0
 6120000.000 	    3.420 	        0 	        0 	       19 	       35 	       31 	       15 	        0
 6140000.000 	    3.420 	        0 	        0 	       19 	       35 	       31 	       15 	        0
 6160000.000 	    3.420 	        0 	        0 	       19 	       35 	       31 	       15 	        0
 6180000.000 	    3.420 	        0 	        0 	       19 	       35 	       31 	       15 	        0
 6200000.000 	    3.420 	        0 	        0 	       19 	       35 	       31 	       15 	        0
 6220000.000 	    3.420 	        0 	        0 	       19 	       35 	       31 	       15 	        0
 6240000.000 	    3.420 	        0 	        0 	       19 	       35 	       31 	       15 	        0
 6260000.000 	    3.420 	        0 	        0 	       19 	       35 	       31 	       15 	        0
 6280000.000 	    3.400 	        0 	        1 	       19 	       34 	       31 	       15 	        0
 6300000.000 	    3.420 	        0 	        0 	       19 	       35 	       31 	       15 	        0
 6320000.000 	    3.420 	        0 	        0 	       19 	       35 	       31 	       15 	        0
 6340000.000 	    3.420 	        0 	        0 	       19 	       35 	       31 	       15 	        0
 6360000.000 	    3.420 	        0 	        0 	       19 	       35 	       31 	       15 	        0
 6380000.000 	    3.420 	        0 	        0 	       19 	       35 	       31 	       15 	        0
 6400000.000 	    3.420 	        0 	        0 	       19 	       35 	       31 	       15 	        0
 6420000.000 	    3.420 	        0 	        0 	       19 	       35 	       31 	       15 	        0
 6440000.000 	    3.420 	        0 	        0 	       19 	       35 	       31 	       15 	        0
 6460000.000 	    3.420 	        0 	        0 	       19 	       35 	       31 	       15 	        0
 6480000.000 	    3.420 	        0 	        0 	       19 	       35 	       31 	       15 	        0
 6500000.000 	    3.420 	        0 	        0 	       19 	       35 	       31 	       15 	        0
 6520000.000 	    3.420 	        0 	        0 	       19 	       35 	       31 	       15 	        0
 6540000.000 	    3.420 	        0 	        0 	       19 	       35 	       31 	       15 	        0
 6560000.000 	    3.420 	        0 	        0 	       19 	       35 	       31 	       15 	        0
 6580000.000 	    3.420 	        0 	        0 	       19 	       35 	       31 	       15 	        0
 6600000.000 	    3.420 	        0 	        0 	       19 	       35 	       31 	       15 	        0
 6620000.000 	    3.420 	        0 	        0 	       19 	       35 	       31 	       15 	        0
 6640000.000 	    3.420 	        0 	        0 	       19 	       35 	       31 	       15 	        0
 6660000.000 	    3.420 	        0 	        0 	       19 	       35 	       31 	       15 	        0
 6680000.000 	    3.420 	        0 	        0 	       19 	       35 	       31 	       15 	        0
 6700000.000 	    3.420 	        0 	        0 	       19 	       35 	       31 	       15 	        0
 6720000.000 	    3.420 	        0 	        0 	       19 	       35 	       31 	       15 	        0
 6740000.000 	    3.420 	        0 	        0 	       19 	       35 	       31 	       15 	        0
 6760000.000 	    3.400 	        0 	        0 	       21 	       33 	       31 	       15 	        0
 6780000.000 	    3.400 	        0 	        0 	       21 	       33 	       31 	       15 	        0
 6800000.000 	    3.400 	        0 	        0 	       21 	       33 	       31 	       15 	        0
 6820000.000 	    3.380 	        0 	        0 	       22 	       33 	       30 	       15 	        0
 6840000.000 	    3.380 	        0 	        0 	       22 	       33 	       30 	       15 	        0
 6860000.000 	    3.360 	        0 	        0 	       24 	       31 	       30 	       15 	        0
 6880000.000 	    3.380 	        0 	        0 	       22 	       33 	       30 	       15 	        0
 6900000.000 	    3.400 	        0 	        0 	       21 	       33 	       31 	       15 	        0
 6920000.000 	    3.400 	        0 	        0 	       21 	       33 	       31 	       15 	        0
 6940000.000 	    3.400 	        0 	        0 	       21 	       33 	       31 	       15 	        0
 6960000.000 	    3.400 	        0 	        0 	       21 	       33 	       31 	       15 	        0
 6980000.000 	    3.400 	        0 	        0 	       21 	       33 	       31 	       15 	        0
 7000000.000 	    3.400 	        0 	        0 	       21 	       33 	       31 	       15 	        0
 7020000.000 	    3.400 	        0 	        0 	       21 	       33 	       31 	       15 	        0
 7040000.000 	    3.400 	        0 	        0 	       21 	       33 	       31 	       15 	        0
 7060000.000 	    3.400 	        0 	        0 	       21 	       33 	       31 	       15 	        0
 7080000.000 	    3.400 	        0 	        0 	       21 	       33 	       31 	       15 	        0
 7100000.000 	    3.400 	        0 	        0 	       21 	       33 	       31 	       15 	        0
 7120000.000 	    3.400 	        0 	        0 	       21 	       33 	       31 	       15 	        0
 7140000.000 	    3.400 	        0 	        0 	       21 	       33 	       31 	       15 	        0
 7160000.000 	    3.400 	        0 	        0 	       21 	       33 	       31 	       15 	        0
 7180000.000 	    3.400 	        0 	        0 	       21 	       33 	       31 	       15 	        0
 7200000.000 	    3.400 	        0 	        0 	       21 	       33 	       31 	       15 	        0
 7220000.000 	    3.400 	        0 	        0 	       21 	       33 	       31 	       15 	        0
 7240000.000 	    3.400 	        0 	        0 	       21 	       33 	       31 	       15 	        0
 7260000.000 	    3.400 	        0 	        0 	       21 	       33 	       31 	       15 	        0
 7280000.000 	    3.400 	        0 	        0 	       21 	       33 	       31 	       15 	        0
 7300000.000 	    3.400 	        0 	        0 	       21 	       33 	       31 	       15 	        0
 7320000.000 	    3.380 	        0 	        0 	       22 	       33 	       30 	       15 	        0
 7340000.000 	    3.380 	        0 	        0 	       22 	       33 	       30 	       15 	        0
 7360000.000 	    3.380 	        0 	        0 	       22 	       33 	       30 	       15 	        0
 7380000.000 	    3.380 	        0 	        0 	       22 	       33 	       30 	       15 	        0
 7400000.000 	    3.380 	        0 	        0 	       22 	       33 	       30 	       15 	        0
 7420000.000 	    3.380 	        0 	        0 	       22 	       33 	       30 	       15 	        0
 7440000.000 	    3.380 	        0 	        0 	       22 	       33 	       30 	       15 	        0
 7460000.000 	    3.380 	        0 	        0 	       22 	       33 	       30 	       15 	        0
 7480000.000 	    3.380 	        0 	        0 	       22 	       33 	       30 	       15 	        0
 7500000.000 	    3.380 	        0 	        0 	       22 	       33 	       30 	       15 	        0
 7520000.000 	    3.380 	        0 	        0 	       22 	       33 	       30 	       15 	        0
 7540000.000 	    3.380 	        0 	        0 	       22 	       33 	       30 	       15 	        0
 7560000.000 	    3.380 	        0 	        0 	       22 	       33 	       30 	       15 	        0
 7580000.000 	    3.380 	        0 	        0 	       22 	       33 	       30 	       15 	        0
 7600000.000 	    3.400 	        0 	        0 	       21 	       33 	       31 	       15 	        0
 7620000.000 	    3.380 	        0 	        0 	       23 	       31 	       31 	       15 	        0
 7640000.000 	    3.380 	        0 	        0 	       23 	       31 	       31 	       15 	        0
 7660000.000 	    3.360 	        0 	        0 	       24 	       31 	       30 	       15 	        0
 7680000.000 	    3.360 	        0 	        0 	       24 	       31 	       30 	       15 	        0
 7700000.000 	    3.360 	        0 	        0 	       24 	       31 	       30 	       15 	        0
 7720000.000 	    3.360 	        0 	        0 	       24 	       31 	       30 	       15 	        0
 7740000.000 	    3.360 	        0 	        0 	       24 	       31 	       30 	       15 	        0
 7760000.000 	    3.360 	        0 	        0 	       24 	       31 	       30 	       15 	        0
 7780000.000 	    3.380 	        0 	        0 	       23 	       31 	       31 	       15 	        0
 7800000.000 	    3.380 	        0 	        0 	       23 	       31 	       31 	       15 	        0
 7820000.000 	    3.380 	        0 	        0 	       23 	       31 	       31 	       15 	        0
 7840000.000 	    3.380 	        0 	        0 	       23 	       31 	       31 	       15 	        0
 7860000.000 	    3.380 	        0 	        0 	       23 	       31 	       31 	       15 	        0
 7880000.000 	    3.380 	        0 	        0 	       23 	       31 	       31 	       15 	        0
 7900000.000 	    3.380 	        0 	        0 	       23 	       31 	       31 	       15 	        0
 7920000.000 	    3.380 	        0 	        0 	       23 	       31 	       31 	       15 	        0
 7940000.000 	    3.400 	        0 	        0 	       21 	       33 	       31 	       15 	        0
 7960000.000 	    3.400 	        0 	        0 	       21 	       33 	       31 	       15 	        0
 7980000.000 	    3.400 	        0 	        0 	       21 	       33 	       31 	       15 	        0
 8000000.000 	    3.400 	        0 	        0 	       21 	       33 	       31 	       15 	        0
 8020000.000 	    3.400 	        0 	        0 	       21 	       33 	       31 	       15 	        0
 8040000.000 	    3.400 	        0 	        0 	       21 	       33 	       31 	       15 	        0
 8060000.000 	    3.400 	        0 	        0 	       21 	       33 	       31 	       15 	        0
 8080000.000 	    3.400 	        0 	        0 	       21 	       33 	       31 	       15 	        0
 8100000.000 	    3.400 	        0 	        0 	       21 	       33 	       31 	       15 	        0
 8120000.000 	    3.400 	        0 	        0 	       21 	       33 	       31 	       15 	        0
 8140000.000 	    3.380 	        0 	        0 	       22 	       33 	       30 	       15 	        0
 8160000.000 	    3.400 	        0 	        0 	       21 	       33 	       31 	       15 	        0
 8180000.000 	    3.400 	        0 	        0 	       21 	       33 	       31 	       15 	        0
 8200000.000 	    3.400 	        0 	        0 	       21 	       33 	       31 	       15 	        0
 8220000.000 	    3.400 	        0 	        0 	       21 	       33 	       31 	       15 	        0
 8240000.000 	    3.400 	        0 	        0 	       21 	       33 	       31 	       15 	        0
 8260000.000 	    3.400 	        0 	        0 	       21 	       33 	       31 	       15 	        0
 8280000.000 	    3.400 	        0 	        0 	       21 	       33 	       31 	       15 	        0
 8300000.000 	    3.400 	        0 	        0 	       21 	       33 	       31 	       15 	        0
 8320000.000 	    3.400 	        0 	        0 	       21 	       33 	       31 	       15 	        0
 8340000.000 	    3.400 	        0 	        0 	       21 	       33 	       31 	       15 	        0
 8360000.000 	    3.400 	        0 	        0 	       21 	       33 	       31 	       15 	        0
 8380000.000 	    3.400 	        0 	        0 	       21 	       33 	       31 	       15 	        0
 8400000.000 	    3.400 	        0 	        0 	       21 	       33 	       31 	       15 	        0
 8420000.000 	    3.400 	        0 	        0 	       21 	       33 	       31 	       15 	        0
 8440000.000 	    3.400 	        0 	        0 	       21 	       33 	       31 	       15 	        0
 8460000.000 	    3.400 	        0 	        0 	       21 	       33 	       31 	       15 	        0
 8480000.000 	    3.420 	        0 	        0 	       21 	       32 	       31 	       16 	        0
 8500000.000 	    3.420 	        0 	        0 	       21 	       32 	       31 	       16 	        0
 8520000.000 	    3.420 	        0 	        0 	       21 	       32 	       31 	       16 	        0
 8540000.000 	    3.420 	        0 	        0 	       21 	       32 	       31 	       16 	        0
 8560000.000 	    3.420 	        0 	        0 	       21 	       32 	       31 	       16 	        0
 8580000.000 	    3.420 	        0 	        0 	       21 	       32 	       31 	       16 	        0
 8600000.000 	    3.420 	        0 	        0 	       21 	       32 	       31 	       16 	        0
 8620000.000 	    3.420 	        0 	        0 	       21 	       32 	       31 	       16 	        0
 8640000.000 	    3.420 	        0 	        0 	       21 	       32 	       31 	       16 	        0
 8660000.000 	    3.420 	        0 	        0 	       21 	       32 	       31 	       16 	        0
 8680000.000 	    3.420 	        0 	        0 	       21 	       32 	       31 	       16 	        0
 8700000.000 	    3.420 	        0 	        0 	       21 	       32 	       31 	       16 	        0
 8720000.000 	    3.420 	        0 	        0 	       21 	       32 	       31 	       16 	        0
 8740000.000 	    3.420 	        0 	        0 	       21 	       32 	       31 	       16 	        0
 8760000.000 	    3.420 	        0 	        0 	       21 	       32 	       31 	       16 	        0
 8780000.000 	    3.420 	        0 	        0 	       21 	       32 	       31 	       16 	        0
 8800000.000 	    3.420 	        0 	        0 	       21 	       32 	       31 	       16 	        0
 8820000.000 	    3.440 	        0 	        0 	       21 	       31 	       31 	       17 	        0
 8840000.000 	    3.440 	        0 	        0 	       21 	       31 	       31 	       17 	        0
 8860000.000 	    3.440 	        0 	        0 	       21 	       31 	       31 	       17 	        0
 8880000.000 	    3.440 	        0 	        0 	       21 	       31 	       31 	       17 	        0
 8900000.000 	    3.440 	        0 	        0 	       21 	       31 	       31 	       17 	        0
 8920000.000 	    3.440 	        0 	        0 	       21 	       31 	       31 	       17 	        0
 8940000.000 	    3.440 	        0 	        0 	       21 	       31 	       31 	       17 	        0
 8960000.000 	    3.440 	        0 	        0 	       21 	       31 	       31 	       17 	        0
 8980000.000 	    3.440 	        0 	        0 	       21 	       31 	       31 	       17 	        0
 9000000.000 	    3.440 	        0 	        0 	       21 	       31 	       31 	       17 	        0
 9020000.000 	    3.440 	        0 	        0 	       21 	       31 	       31 	       17 	        0
 9040000.000 	    3.440 	        0 	        0 	       21 	       31 	       31 	       17 	        0
 9060000.000 	    3.440 	        0 	        0 	       21 	       31 	       31 	       17 	        0
 9080000.000 	    3.440 	        0 	        0 	       21 	       31 	       31 	       17 	        0
 9100000.000 	    3.420 	        0 	        0 	       22 	       31 	       30 	       17 	        0
 9120000.000 	    3.420 	        0 	        0 	       22 	       31 	       30 	       17 	        0
 9140000.000 	    3.420 	        0 	        0 	       22 	       31 	       30 	       17 	        0
 9160000.000 	    3.420 	        0 	        0 	       22 	       31 	       30 	       17 	        0
 9180000.000 	    3.440 	        0 	        0 	       21 	       31 	       31 	       17 	        0
 9200000.000 	    3.440 	        0 	        0 	       21 	       31 	       31 	       17 	        0
 9220000.000 	    3.440 	        0 	        0 	       21 	       31 	       31 	       17 	        0
 9240000.000 	    3.440 	        0 	        0 	       21 	       31 	       31 	       17 	        0
 9260000.000 	    3.460 	        0 	        0 	       20 	       31 	       32 	       17 	        0
 9280000.000 	    3.440 	        0 	        0 	       20 	       33 	       30 	       17 	        0
 9300000.000 	    3.460 	        0 	        0 	       20 	       31 	       32 	       17 	        0
 9320000.000 	    3.460 	        0 	        0 	       20 	       31 	       32 	       17 	        0
 9340000.000 	    3.460 	        0 	        0 	       20 	       31 	       32 	       17 	        0
 9360000.000 	    3.460 	        0 	        0 	       20 	       31 	       32 	       17 	        0
 9380000.000 	    3.460 	        0 	        0 	       20 	       31 	       32 	       17 	        0
 9400000.000 	    3.460 	        0 	        0 	       20 	       31 	       32 	       17 	        0
 9420000.000 	    3.460 	        0 	        0 	       20 	       31 	       32 	       17 	        0
 9440000.000 	    3.460 	        0 	        0 	       20 	       31 	       32 	       17 	        0
 9460000.000 	    3.460 	        0 	        0 	       20 	       31 	       32 	       17 	        0
 9480000.000 	    3.480 	        0 	        0 	       19 	       31 	       33 	       17 	        0
 9500000.000 	    3.480 	        0 	        0 	       19 	       31 	       33 	       17 	        0
 9520000.000 	    3.480 	        0 	        0 	       19 	       31 	       33 	       17 	        0
 9540000.000 	    3.480 	        0 	        0 	       19 	       31 	       33 	       17 	        0
 9560000.000 	    3.480 	        0 	        0 	       19 	       31 	       33 	       17 	        0
 9580000.000 	    3.480 	        0 	        0 	       19 	       31 	       33 	       17 	        0
 9600000.000 	    3.480 	        0 	        0 	       19 	       31 	       33 	       17 	        0
 9620000.000 	    3.480 	        0 	        0 	       19 	       31 	       33 	       17 	        0
 9640000.000 	    3.480 	        0 	        0 	       19 	       31 	       33 	       17 	        0
 9660000.000 	    3.480 	        0 	        0 	       19 	       31 	       33 	       17 	        0
 9680000.000 	    3.480 	        0 	        0 	       19 	       31 	       33 	       17 	        0
 9700000.000 	    3.480 	        0 	        0 	       19 	       31 	       33 	       17 	        0
 9720000.000 	    3.480 	        0 	        0 	       19 	       31 	       33 	       17 	        0
 9740000.000 	    3.480 	        0 	        0 	       19 	       31 	       33 	       17 	        0
 9760000.000 	    3.480 	        0 	        0 	       19 	       31 	       33 	       17 	        0
 9780000.000 	    3.480 	        0 	        0 	       19 	       31 	       33 	       17 	        0
 9800000.000 	    3.480 	        0 	        0 	       19 	       31 	       33 	       17 	        0
 9820000.000 	    3.480 	        0 	        0 	       19 	       31 	       33 	       17 	        0
 9840000.000 	    3.480 	        0 	        0 	       19 	       31 	       33 	       17 	        0
 9860000.000 	    3.480 	        0 	        0 	       19 	       31 	       33 	       17 	        0
 9880000.000 	    3.480 	        0 	        0 	       19 	       31 	       33 	       17 	        0
 9900000.000 	    3.480 	        0 	        0 	       19 	       31 	       33 	       17 	        0
 9920000.000 	    3.480 	        0 	        0 	       19 	       31 	       33 	       17 	        0
 9940000.000 	    3.480 	        0 	        0 	       19 	       31 	       33 	       17 	        0
 9960000.000 	    3.480 	        0 	        0 	       19 	       31 	       33 	       17 	        0
 9980000.000 	    3.480 	        0 	        0 	       19 	       31 	       33 	       17 	        0
10000000.000 	    3.480 	        0 	        0 	       19 	       31 	       33 	       17 	        0
