       0.000 	    0.000 	      100 	        0 	        0 	        0 	        0 	        0 	        0
   20000.000 	    0.160 	       84 	       16 	        0 	        0 	        0 	        0 	        0
   40000.000 	    0.220 	       78 	       22 	        0 	        0 	        0 	        0 	        0
   60000.000 	    0.260 	       74 	       26 	        0 	        0 	        0 	        0 	        0
   80000.000 	    0.420 	       61 	       36 	        3 	        0 	        0 	        0 	        0
  100000.000 	    0.500 	       56 	       39 	        4 	        1 	        0 	        0 	        0
  120000.000 	    0.640 	       47 	       43 	        9 	        1 	        0 	        0 	        0
  140000.000 	    0.740 	       43 	       41 	       15 	        1 	        0 	        0 	        0
  160000.000 	    0.760 	       41 	       43 	       15 	        1 	        0 	        0 	        0
  180000.000 	    0.900 	       35 	       42 	       21 	        2 	        0 	        0 	        0
  200000.000 	    0.960 	       33 	       41 	       23 	        3 	        0 	        0 	        0
  220000.000 	    1.180 	       23 	       41 	       31 	        5 	        0 	        0 	        0
  240000.000 	    1.360 	       19 	       34 	       39 	        8 	        0 	        0 	        0
  260000.000 	    1.400 	       15 	       40 	       35 	       10 	        0 	        0 	        0
  280000.000 	    1.480 	       14 	       35 	       41 	        9 	        1 	        0 	        0
  300000.000 	    1.600 	       12 	       33 	       40 	       13 	        2 	        0 	        0
  320000.000 	    1.700 	        8 	       31 	       46 	       13 	        2 	        0 	        0
  340000.000 	    1.760 	        7 	       29 	       47 	       15 	        2 	        0 	        0
  360000.000 	    1.700 	        8 	       32 	       44 	       14 	        2 	        0 	        0
  380000.000 	    1.840 	        6 	       26 	       48 	       18 	        2 	        0 	        0
  400000.000 	    1.880 	        4 	       27 	       49 	       17 	        3 	        0 	        0
  420000.000 	    1.980 	        3 	       27 	       44 	       22 	        3 	        1 	        0
  440000.000 	    1.980 	        5 	       23 	       46 	       22 	        3 	        1 	        0
  460000.000 	    2.040 	        2 	       26 	       42 	       27 	        2 	        1 	        0
  480000.000 	    2.100 	        2 	       23 	       42 	       30 	        2 	        1 	        0
  500000.000 	    2.200 	        3 	       18 	       41 	       33 	        4 	        1 	        0
  520000.000 	    2.200 	        4 	       17 	       40 	       34 	        4 	        1 	        0
  540000.000 	    2.220 	        4 	       15 	       42 	       34 	        4 	        1 	        0
  560000.000 	    2.280 	        4 	       14 	       40 	       35 	        6 	        1 	        0
  580000.000 	    2.280 	        5 	       14 	       38 	       35 	        7 	        1 	        0
  600000.000 	    2.380 	        4 	       13 	       36 	       36 	       10 	        1 	        0
  620000.000 	    2.380 	        4 	       14 	       34 	       37 	       10 	        1 	        0
  640000.000 	    2.420 	        4 	       13 	       33 	       38 	       11 	        1 	        0
  660000.000 	    2.460 	        2 	       14 	       34 	       37 	       12 	        1 	        0
  680000.000 	    2.500 	        2 	       12 	       34 	       39 	       12 	        1 	        0
  700000.000 	    2.600 	        1 	       10 	       31 	       45 	       12 	        1 	        0
  720000.000 	    2.620 	        1 	       10 	       30 	       45 	       13 	        1 	        0
  740000.000 	    2.620 	        1 	       10 	       30 	       45 	       13 	        1 	        0
  760000.000 	    2.640 	        1 	        9 	       30 	       46 	       13 	        1 	        0
  780000.000 	    2.680 	        1 	        7 	       31 	       46 	       14 	        1 	        0
  800000.000 	    2.640 	        1 	        9 	       30 	       46 	       13 	        1 	        0
  820000.000 	    2.660 	        1 	       10 	       30 	       41 	       17 	        1 	        0
  840000.000 	    2.640 	        1 	       10 	       32 	       39 	       17 	        1 	        0
  860000.000 	    2.640 	        1 	       10 	       32 	       39 	       17 	        1 	        0
  880000.000 	    2.660 	        1 	       11 	       29 	       40 	       18 	        1 	        0
  900000.000 	    2.700 	        1 	       10 	       28 	       41 	       19 	        1 	        0
  920000.000 	    2.700 	        1 	       11 	       26 	       42 	       19 	        1 	        0
  940000.000 	    2.700 	        1 	       12 	       24 	       43 	       19 	        1 	        0
  960000.000 	    2.720 	        1 	       12 	       24 	       42 	       19 	        2 	        0
  980000.000 	    2.740 	        1 	       11 	       24 	       43 	       19 	        2 	        0
 1000000.000 	    2.780 	        1 	        9 	       25 	       43 	       20 	        2 	        0
 1020000.000 	    2.760 	        2 	        8 	       25 	       44 	       19 	        2 	        0
 1040000.000 	    2.800 	        2 	        6 	       26 	       44 	       20 	        2 	        0
 1060000.000 	    2.800 	        2 	        6 	       26 	       44 	       20 	        2 	        0
 1080000.000 	    2.820 	        2 	        5 	       27 	       43 	       21 	        2 	        0
 1100000.000 	    2.840 	        2 	        5 	       26 	       43 	       22 	        2 	        0
 1120000.000 	    2.860 	        2 	        4 	       26 	       44 	       22 	        2 	        0
 1140000.000 	    2.880 	        2 	        4 	       24 	       46 	       22 	        2 	        0
 1160000.000 	    2.860 	        3 	        3 	       25 	       45 	       22 	        2 	        0
 1180000.000 	    2.940 	        3 	        3 	       19 	       49 	       24 	        2 	        0
 1200000.000 	    2.980 	        3 	        2 	       19 	       48 	       26 	        2 	        0
 1220000.000 	    2.980 	        2 	        3 	       20 	       47 	       26 	        2 	        0
 1240000.000 	    2.980 	        2 	        3 	       20 	       47 	       26 	        2 	        0
 1260000.000 	    3.000 	        1 	        4 	       20 	       46 	       27 	        2 	        0
 1280000.000 	    3.020 	        1 	        4 	       21 	       42 	       30 	        2 	        0
 1300000.000 	    3.040 	        1 	        4 	       20 	       42 	       31 	        2 	        0
 1320000.000 	    3.060 	        1 	        4 	       18 	       44 	       31 	        2 	        0
 1340000.000 	    3.040 	        2 	        3 	       19 	       43 	       31 	        2 	        0
 1360000.000 	    3.060 	        1 	        4 	       19 	       42 	       32 	        2 	        0
 1380000.000 	    3.060 	        1 	        4 	       19 	       42 	       32 	        2 	        0
 1400000.000 	    3.040 	        2 	        3 	       19 	       43 	       31 	        2 	        0
 1420000.000 	    3.040 	        2 	        3 	       18 	       45 	       30 	        2 	        0
 1440000.000 	    3.080 	        1 	        4 	       17 	       44 	       32 	        2 	        0
 1460000.000 	    3.100 	        1 	        4 	       16 	       44 	       33 	        2 	        0
 1480000.000 	    3.120 	        1 	        3 	       17 	       43 	       34 	        2 	        0
 1500000.000 	    3.120 	        1 	        3 	       17 	       43 	       34 	        2 	        0
 1520000.000 	    3.120 	        1 	        3 	       17 	       43 	       34 	        2 	        0
 1540000.000 	    3.140 	        1 	        2 	       18 	       42 	       35 	        2 	        0
 1560000.000 	    3.140 	        1 	        2 	       18 	       42 	       35 	        2 	        0
 1580000.000 	    3.120 	        1 	        3 	       18 	       41 	       35 	        2 	        0
 1600000.000 	    3.120 	        1 	        3 	       18 	       41 	       35 	        2 	        0
 1620000.000 	    3.160 	        1 	        2 	       18 	       40 	       37 	        2 	        0
 1640000.000 	    3.160 	        1 	        2 	       18 	       40 	       37 	        2 	        0
 1660000.000 	    3.120 	        1 	        3 	       19 	       39 	       36 	        2 	        0
 1680000.000 	    3.120 	        1 	        3 	       19 	       39 	       36 	        2 	        0
 1700000.000 	    3.120 	        1 	        3 	       19 	       39 	       36 	        2 	        0
 1720000.000 	    3.120 	        1 	        3 	       19 	       39 	       36 	        2 	        0
 1740000.000 	    3.140 	        1 	        3 	       18 	       39 	       37 	        2 	        0
 1760000.000 	    3.140 	        1 	        2 	       20 	       38 	       37 	        2 	        0
 1780000.000 	    3.140 	        1 	        2 	       20 	       38 	       37 	        2 	        0
 1800000.000 	    3.140 	        1 	        2 	       20 	       38 	       37 	        2 	        0
 1820000.000 	    3.180 	        1 	        0 	       20 	       40 	       37 	        2 	        0
 1840000.000 	    3.180 	        1 	        0 	       20 	       40 	       37 	        2 	        0
 1860000.000 	    3.180 	        1 	        0 	       20 	       40 	       37 	        2 	        0
 1880000.000 	    3.200 	        0 	        1 	       19 	       41 	       37 	        2 	        0
 1900000.000 	    3.200 	        0 	        1 	       19 	       41 	       37 	        2 	        0
 1920000.000 	    3.200 	        0 	        1 	       19 	       41 	       37 	        2 	        0
 1940000.000 	    3.200 	        0 	        1 	       19 	       41 	       37 	        2 	        0
 1960000.000 	    3.220 	        0 	        1 	       19 	       39 	       39 	        2 	        0
 1980000.000 	    3.220 	        0 	        1 	       19 	       39 	       39 	        2 	        0
 2000000.000 	    3.220 	        0 	        1 	       19 	       39 	       39 	        2 	        0
 2020000.000 	    3.180 	        0 	        2 	       18 	       42 	       36 	        2 	        0
 2040000.000 	    3.180 	        0 	        2 	       18 	       42 	       36 	        2 	        0
 2060000.000 	    3.200 	        0 	        1 	       19 	       41 	       37 	        2 	        0
 2080000.000 	    3.200 	        0 	        1 	       19 	       41 	       37 	        2 	        0
 2100000.000 	    3.220 	        0 	        1 	       18 	       41 	       38 	        2 	        0
 2120000.000 	    3.200 	        0 	        3 	       16 	       41 	       38 	        2 	        0
 2140000.000 	    3.200 	        0 	        3 	       17 	       40 	       37 	        3 	        0
 2160000.000 	    3.200 	        0 	        3 	       17 	       40 	       37 	        3 	        0
 2180000.000 	    3.180 	        0 	        3 	       18 	       40 	       36 	        3 	        0
 2200000.000 	    3.200 	        0 	        3 	       17 	       40 	       37 	        3 	        0
 2220000.000 	    3.180 	        0 	        3 	       18 	       40 	       36 	        3 	        0
 2240000.000 	    3.200 	        0 	        3 	       17 	       40 	       37 	        3 	        0
 2260000.000 	    3.200 	        0 	        3 	       17 	       40 	       37 	        3 	        0
 2280000.000 	    3.200 	        0 	        3 	       17 	       40 	       37 	        3 	        0
 2300000.000 	    3.200 	        0 	        3 	       17 	       40 	       37 	        3 	        0
 2320000.000 	    3.200 	        0 	        3 	       17 	       40 	       37 	        3 	        0
 2340000.000 	    3.200 	        0 	        3 	       17 	       40 	       37 	        3 	        0
 2360000.000 	    3.200 	        0 	        3 	       17 	       40 	       37 	        3 	        0
 2380000.000 	    3.220 	        0 	        3 	       15 	       42 	       37 	        3 	        0
 2400000.000 	    3.220 	        0 	        3 	       15 	       42 	       37 	        3 	        0
 2420000.000 	    3.220 	        0 	        3 	       15 	       42 	       37 	        3 	        0
 2440000.000 	    3.220 	        0 	        3 	       15 	       42 	       37 	        3 	        0
 2460000.000 	    3.240 	        0 	        3 	       15 	       40 	       39 	        3 	        0
 2480000.000 	    3.220 	        0 	        3 	       16 	       40 	       38 	        3 	        0
 2500000.000 	    3.220 	        0 	        3 	       16 	       40 	       38 	        3 	        0
 2520000.000 	    3.240 	        0 	        3 	       17 	       37 	       39 	        4 	        0
 2540000.000 	    3.240 	        0 	        3 	       17 	       37 	       39 	        4 	        0
 2560000.000 	    3.240 	        0 	        3 	       17 	       37 	       39 	        4 	        0
 2580000.000 	    3.220 	        0 	        3 	       19 	       35 	       39 	        4 	        0
 2600000.000 	    3.240 	        0 	        1 	       21 	       35 	       39 	        4 	        0
 2620000.000 	    3.260 	        0 	        2 	       19 	       35 	       39 	        5 	        0
 2640000.000 	    3.280 	        0 	        2 	       18 	       35 	       40 	        5 	        0
 2660000.000 	    3.280 	        0 	        2 	       18 	       35 	       40 	        5 	        0
 2680000.000 	    3.300 	        0 	        2 	       17 	       35 	       41 	        5 	        0
 2700000.000 	    3.300 	        0 	        2 	       17 	       35 	       41 	        5 	        0
 2720000.000 	    3.300 	        0 	        2 	       17 	       35 	       41 	        5 	        0
 2740000.000 	    3.300 	        0 	        2 	       17 	       35 	       41 	        5 	        0
 2760000.000 	    3.300 	        0 	        2 	       17 	       35 	       41 	        5 	        0
 2780000.000 	    3.300 	        0 	        2 	       17 	       35 	       41 	        5 	        0
 2800000.000 	    3.300 	        0 	        2 	       17 	       35 	       41 	        5 	        0
 2820000.000 	    3.280 	        1 	        1 	       17 	       36 	       40 	        5 	        0
 2840000.000 	    3.280 	        1 	        1 	       17 	       36 	       40 	        5 	        0
 2860000.000 	    3.300 	        1 	        0 	       17 	       37 	       40 	        5 	        0
 2880000.000 	    3.320 	        1 	        0 	       17 	       35 	       42 	        5 	        0
 2900000.000 	    3.340 	        0 	        1 	       17 	       35 	       41 	        6 	        0
 2920000.000 	    3.340 	        0 	        1 	       17 	       35 	       41 	        6 	        0
 2940000.000 	    3.340 	        0 	        1 	       17 	       35 	       41 	        6 	        0
 2960000.000 	    3.340 	        0 	        1 	       17 	       35 	       41 	        6 	        0
 2980000.000 	    3.340 	        0 	        1 	       17 	       35 	       41 	        6 	        0
 3000000.000 	    3.340 	        0 	        1 	       17 	       35 	       41 	        6 	        0
 3020000.000 	    3.340 	        0 	        1 	       17 	       35 	       41 	        6 	        0
 3040000.000 	    3.340 	        0 	        1 	       17 	       35 	       41 	        6 	        0
 3060000.000 	    3.340 	        0 	        1 	       17 	       35 	       41 	        6 	        0
 3080000.000 	    3.340 	        0 	        1 	       17 	       35 	       41 	        6 	        0
 3100000.000 	    3.320 	        0 	        1 	       19 	       33 	       41 	        6 	        0
 3120000.000 	    3.340 	        0 	        1 	       17 	       35 	       41 	        6 	        0
 3140000.000 	    3.320 	        0 	        1 	       17 	       37 	       39 	        6 	        0
 3160000.000 	    3.320 	        0 	        1 	       17 	       37 	       39 	        6 	        0
 3180000.000 	    3.320 	        0 	        1 	       17 	       37 	       39 	        6 	        0
 3200000.000 	    3.320 	        0 	        1 	       17 	       37 	       39 	        6 	        0
 3220000.000 	    3.320 	        0 	        1 	       17 	       37 	       39 	        6 	        0
 3240000.000 	    3.320 	        0 	        1 	       17 	       37 	       39 	        6 	        0
 3260000.000 	    3.320 	        0 	        1 	       17 	       37 	       39 	        6 	        0
 3280000.000 	    3.320 	        0 	        1 	       17 	       37 	       39 	        6 	        0
 3300000.000 	    3.320 	        1 	        0 	       17 	       35 	       42 	        5 	        0
 3320000.000 	    3.340 	        0 	        1 	       16 	       36 	       42 	        5 	        0
 3340000.000 	    3.340 	        0 	        1 	       16 	       36 	       42 	        5 	        0
 3360000.000 	    3.340 	        0 	        1 	       16 	       36 	       42 	        5 	        0
 3380000.000 	    3.340 	        0 	        1 	       16 	       36 	       42 	        5 	        0
 3400000.000 	    3.340 	        0 	        1 	       16 	       36 	       42 	        5 	        0
 3420000.000 	    3.340 	        0 	        1 	       17 	       34 	       43 	        5 	        0
 3440000.000 	    3.360 	        0 	        0 	       17 	       35 	       43 	        5 	        0
 3460000.000 	    3.360 	        0 	        0 	       17 	       35 	       43 	        5 	        0
 3480000.000 	    3.360 	        0 	        0 	       17 	       35 	       43 	        5 	        0
 3500000.000 	    3.360 	        0 	        0 	       17 	       35 	       43 	        5 	        0
 3520000.000 	    3.340 	        0 	        0 	       18 	       35 	       42 	        5 	        0
 3540000.000 	    3.340 	        0 	        0 	       18 	       35 	       42 	        5 	        0
 3560000.000 	    3.340 	        0 	        0 	       18 	       35 	       42 	        5 	        0
 3580000.000 	    3.340 	        0 	        0 	       18 	       35 	       42 	        5 	        0
 3600000.000 	    3.340 	        0 	        0 	       18 	       35 	       42 	        5 	        0
 3620000.000 	    3.340 	        0 	        0 	       18 	       35 	       42 	        5 	        0
 3640000.000 	    3.320 	        0 	        0 	       20 	       33 	       42 	        5 	        0
 3660000.000 	    3.320 	        0 	        0 	       20 	       33 	       42 	        5 	        0
 3680000.000 	    3.320 	        0 	        0 	       20 	       33 	       42 	        5 	        0
 3700000.000 	    3.340 	        0 	        0 	       19 	       33 	       43 	        5 	        0
 3720000.000 	    3.340 	        0 	        0 	       19 	       33 	       43 	        5 	        0
 3740000.000 	    3.340 	        0 	        0 	       19 	       33 	       43 	        5 	        0
 3760000.000 	    3.340 	        0 	        0 	       19 	       33 	       43 	        5 	        0
 3780000.000 	    3.340 	        0 	        0 	       19 	       33 	       43 	        5 	        0
 3800000.000 	    3.360 	        0 	        0 	       18 	       33 	       44 	        5 	        0
 3820000.000 	    3.360 	        0 	        0 	       18 	       33 	       44 	        5 	        0
 3840000.000 	    3.360 	        0 	        0 	       18 	       33 	       44 	        5 	        0
 3860000.000 	    3.360 	        0 	        0 	       18 	       33 	       44 	        5 	        0
 3880000.000 	    3.360 	        0 	        0 	       18 	       33 	       44 	        5 	        0
 3900000.000 	    3.380 	        0 	        0 	       16 	       35 	       44 	        5 	        0
 3920000.000 	    3.380 	        0 	        0 	       16 	       35 	       44 	        5 	        0
 3940000.000 	    3.380 	        0 	        0 	       16 	       35 	       44 	        5 	        0
 3960000.000 	    3.380 	        0 	        0 	       16 	       35 	       44 	        5 	        0
 3980000.000 	    3.380 	        0 	        0 	       16 	       35 	       44 	        5 	        0
 4000000.000 	    3.380 	        0 	        0 	       16 	       35 	       44 	        5 	        0
 4020000.000 	    3.360 	        0 	        0 	       17 	       35 	       43 	        5 	        0
 4040000.000 	    3.360 	        0 	        0 	       17 	       35 	       43 	        5 	        0
 4060000.000 	    3.360 	        0 	        0 	       17 	       35 	       43 	        5 	        0
 4080000.000 	    3.360 	        0 	        0 	       17 	       35 	       43 	        5 	        0
 4100000.000 	    3.360 	        0 	        0 	       17 	       35 	       43 	        5 	        0
 4120000.000 	    3.360 	        0 	        0 	       17 	       35 	       43 	        5 	        0
 4140000.000 	    3.360 	        0 	        0 	       17 	       35 	       43 	        5 	        0
 4160000.000 	    3.360 	        0 	        0 	       17 	       35 	       43 	        5 	        0
 4180000.000 	    3.360 	        0 	        0 	       17 	       35 	       43 	        5 	        0
 4200000.000 	    3.360 	        0 	        0 	       17 	       35 	       43 	        5 	        0
 4220000.000 	    3.360 	        0 	        0 	       17 	       35 	       43 	        5 	        0
 4240000.000 	    3.360 	        0 	        0 	       17 	       35 	       43 	        5 	        0
 4260000.000 	    3.360 	        0 	        0 	       17 	       35 	       43 	        5 	        0
 4280000.000 	    3.360 	        0 	        0 	       17 	       35 	       43 	        5 	        0
 4300000.000 	    3.360 	        0 	        0 	       17 	       35 	       43 	        5 	        0
 4320000.000 	    3.360 	        0 	        0 	       17 	       35 	       43 	        5 	        0
 4340000.000 	    3.360 	        0 	        0 	       17 	       35 	       43 	        5 	        0
 4360000.000 	    3.380 	        0 	        0 	       16 	       35 	       44 	        5 	        0
 4380000.000 	    3.380 	        0 	        0 	       16 	       35 	       44 	        5 	        0
 4400000.000 	    3.380 	        0 	        0 	       16 	       35 	       44 	        5 	        0
 4420000.000 	    3.380 	        0 	        0 	       16 	       35 	       44 	        5 	        0
 4440000.000 	    3.380 	        0 	        0 	       16 	       35 	       44 	        5 	        0
 4460000.000 	    3.380 	        0 	        0 	       16 	       35 	       44 	        5 	        0
 4480000.000 	    3.380 	        0 	        0 	       16 	       35 	       44 	        5 	        0
 4500000.000 	    3.380 	        0 	        0 	       16 	       35 	       44 	        5 	        0
 4520000.000 	    3.380 	        0 	        0 	       16 	       35 	       44 	        5 	        0
 4540000.000 	    3.380 	        0 	        0 	       16 	       35 	       44 	        5 	        0
 4560000.000 	    3.400 	        0 	        0 	       15 	       35 	       45 	        5 	        0
 4580000.000 	    3.400 	        0 	        0 	       15 	       35 	       45 	        5 	        0
 4600000.000 	    3.400 	        0 	        0 	       15 	       35 	       45 	        5 	        0
 4620000.000 	    3.380 	        0 	        1 	       14 	       36 	       44 	        5 	        0
 4640000.000 	    3.400 	        0 	        0 	       15 	       35 	       45 	        5 	        0
 4660000.000 	    3.400 	        0 	        0 	       15 	       35 	       45 	        5 	        0
 4680000.000 	    3.380 	        0 	        1 	       14 	       36 	       44 	        5 	        0
 4700000.000 	    3.380 	        0 	        1 	       14 	       36 	       44 	        5 	        0
 4720000.000 	    3.380 	        0 	        1 	       14 	       36 	       44 	        5 	        0
 4740000.000 	    3.380 	        0 	        1 	       14 	       36 	       44 	        5 	        0
 4760000.000 	    3.380 	        0 	        1 	       14 	       36 	       44 	        5 	        0
 4780000.000 	    3.360 	        0 	        2 	       13 	       37 	       43 	        5 	        0
 4800000.000 	    3.380 	        0 	        1 	       14 	       36 	       44 	        5 	        0
 4820000.000 	    3.380 	        0 	        1 	       14 	       36 	       44 	        5 	        0
 4840000.000 	    3.380 	        0 	        1 	       14 	       36 	       44 	        5 	        0
 4860000.000 	    3.380 	        0 	        1 	       14 	       36 	       44 	        5 	        0
 4880000.000 	    3.380 	        0 	        1 	       14 	       36 	       44 	        5 	        0
 4900000.000 	    3.380 	        0 	        1 	       14 	       36 	       44 	        5 	        0
 4920000.000 	    3.380 	        0 	        1 	       14 	       36 	       44 	        5 	        0
 4940000.000 	    3.380 	        0 	        1 	       14 	       36 	       44 	        5 	        0
 4960000.000 	    3.380 	        0 	        1 	       14 	       36 	       44 	        5 	        0
 4980000.000 	    3.380 	        0 	        1 	       14 	       36 	       44 	        5 	        0
 5000000.000 	    3.380 	        0 	        1 	       14 	       36 	       44 	        5 	        0
 5020000.000 	    3.380 	        0 	        1 	       14 	       36 	       44 	        5 	        0
 5040000.000 	    3.400 	        0 	        0 	       15 	       35 	       45 	        5 	        0
 5060000.000 	    3.380 	        0 	        1 	       14 	       36 	       44 	        5 	        0
 5080000.000 	    3.380 	        0 	        1 	       14 	       36 	       44 	        5 	        0
 5100000.000 	    3.380 	        0 	        1 	       14 	       36 	       44 	        5 	        0
 5120000.000 	    3.360 	        0 	        1 	       15 	       36 	       43 	        5 	        0
 5140000.000 	    3.360 	        0 	        1 	       15 	       36 	       43 	        5 	        0
 5160000.000 	    3.380 	        0 	        0 	       16 	       35 	       44 	        5 	        0
 5180000.000 	    3.380 	        0 	        0 	       16 	       35 	       44 	        5 	        0
 5200000.000 	    3.380 	        0 	        0 	       16 	       35 	       44 	        5 	        0
 5220000.000 	    3.380 	        0 	        1 	       15 	       34 	       45 	        5 	        0
 5240000.000 	    3.380 	        0 	        1 	       15 	       34 	       45 	        5 	        0
 5260000.000 	    3.380 	        0 	        1 	       15 	       34 	       45 	        5 	        0
 5280000.000 	    3.380 	        0 	        1 	       15 	       34 	       45 	        5 	        0
 5300000.000 	    3.380 	        0 	        1 	       15 	       34 	       45 	        5 	        0
 5320000.000 	    3.400 	        0 	        0 	       15 	       35 	       45 	        5 	        0
 5340000.000 	    3.400 	        0 	        0 	       15 	       35 	       45 	        5 	        0
 5360000.000 	    3.400 	        0 	        0 	       15 	       35 	       45 	        5 	        0
 5380000.000 	    3.400 	        0 	        0 	       15 	       35 	       45 	        5 	        0
 5400000.000 	    3.400 	        0 	        0 	       15 	       35 	       45 	        5 	        0
 5420000.000 	    3.400 	        0 	        0 	       15 	       35 	       45 	        5 	        0
 5440000.000 	    3.400 	        0 	        0 	       15 	       35 	       45 	        5 	        0
 5460000.000 	    3.400 	        0 	        0 	       15 	       35 	       45 	        5 	        0
 5480000.000 	    3.400 	        0 	        0 	       15 	       35 	       45 	        5 	        0
 5500000.000 	    3.400 	        0 	        0 	       15 	       35 	       45 	        5 	        0
 5520000.000 	    3.400 	        0 	        0 	       15 	       35 	       45 	        5 	        0
 5540000.000 	    3.400 	        0 	        0 	       15 	       35 	       45 	        5 	        0
 5560000.000 	    3.400 	        0 	        0 	       15 	       35 	       45 	        5 	        0
 5580000.000 	    3.400 	        0 	        0 	       15 	       35 	       45 	        5 	        0
 5600000.000 	    3.400 	        0 	        0 	       15 	       35 	       45 	        5 	        0
 5620000.000 	    3.400 	        0 	        0 	       15 	       35 	       45 	        5 	        0
 5640000.000 	    3.400 	        0 	        0 	       15 	       35 	       45 	        5 	        0
 5660000.000 	    3.400 	        0 	        0 	       15 	       35 	       45 	        5 	        0
 5680000.000 	    3.400 	        0 	        0 	       15 	       35 	       45 	        5 	        0
 5700000.000 	    3.400 	        0 	        0 	       15 	       35 	       45 	        5 	        0
 5720000.000 	    3.400 	        0 	        0 	       15 	       35 	       45 	        5 	        0
 5740000.000 	    3.400 	        0 	        0 	       15 	       35 	       45 	        5 	        0
 5760000.000 	    3.400 	        0 	        0 	       15 	       35 	       45 	        5 	        0
 5780000.000 	    3.400 	        0 	        0 	       15 	       35 	       45 	        5 	        0
 5800000.000 	    3.400 	        0 	        0 	       15 	       35 	       45 	        5 	        0
 5820000.000 	    3.400 	        0 	        0 	       15 	       35 	       45 	        5 	        0
 5840000.000 	    3.400 	        0 	        0 	       15 	       35 	       45 	        5 	        0
 5860000.000 	    3.420 	        0 	        0 	       15 	       35 	       43 	        7 	        0
 5880000.000 	    3.420 	        0 	        0 	       15 	       35 	       43 	        7 	        0
 5900000.000 	    3.420 	        0 	        0 	       15 	       35 	       43 	        7 	        0
 5920000.000 	    3.420 	        0 	        0 	       15 	       35 	       43 	        7 	        0
 5940000.000 	    3.420 	        0 	        0 	       15 	       35 	       43 	        7 	        0
 5960000.000 	    3.420 	        0 	        0 	       15 	       35 	       43 	        7 	        0
 5980000.000 	    3.420 	        0 	        0 	       15 	       35 	       43 	        7 	        0
 6000000.000 	    3.420 	        0 	        0 	       15 	       35 	       43 	        7 	        0
 6020000.000 	    3.420 	        0 	        0 	       15 	       35 	       43 	        7 	        0
 6040000.000 	    3.420 	        0 	        0 	       15 	       35 	       43 	        7 	        0
 6060000.000 	    3.420 	        0 	        0 	       15 	       35 	       43 	        7 	        0
 6080000.000 	    3.420 	        0 	        0 	       15 	       35 	       43 	        7 	        0
 6100000.000 	    3.420 	        0 	        0 	       15 	       35 	       43 	        7 	        0
 6120000.000 	    3.420 	        0 	        0 	       15 	       35 	       43 	        7 	        0
 6140000.000 	    3.420 	        0 	        0 	       15 	       35 	       43 	        7 	        0
 6160000.000 	    3.420 	        0 	        0 	       15 	       35 	       43 	        7 	        0
 6180000.000 	    3.420 	        0 	        0 	       15 	       35 	       43 	        7 	        0
 6200000.000 	    3.420 	        0 	        0 	       15 	       35 	       43 	        7 	        0
 6220000.000 	    3.420 	        0 	        0 	       15 	       35 	       43 	        7 	        0
 6240000.000 	    3.420 	        0 	        0 	       15 	       35 	       43 	        7 	        0
 6260000.000 	    3.420 	        0 	        0 	       15 	       35 	       43 	        7 	        0
 6280000.000 	    3.420 	        0 	        0 	       15 	       35 	       43 	        7 	        0
 6300000.000 	    3.420 	        0 	        0 	       15 	       35 	       43 	        7 	        0
 6320000.000 	    3.420 	        0 	        0 	       15 	       35 	       43 	        7 	        0
 6340000.000 	    3.420 	        0 	        0 	       15 	       35 	       43 	        7 	        0
 6360000.000 	    3.420 	        0 	        0 	       15 	       35 	       43 	        7 	        0
 6380000.000 	    3.420 	        0 	        0 	       15 	       35 	       43 	        7 	        0
 6400000.000 	    3.420 	        0 	        0 	       15 	       35 	       43 	        7 	        0
 6420000.000 	    3.420 	        0 	        0 	       15 	       35 	       43 	        7 	        0
 6440000.000 	    3.420 	        0 	        0 	       15 	       35 	       43 	        7 	        0
 6460000.000 	    3.420 	        0 	        0 	       15 	       35 	       43 	        7 	        0
 6480000.000 	    3.420 	        0 	        0 	       15 	       35 	       43 	        7 	        0
 6500000.000 	    3.420 	        0 	        0 	       15 	       35 	       43 	        7 	        0
 6520000.000 	    3.420 	        0 	        0 	       15 	       35 	       43 	        7 	        0
 6540000.000 	    3.420 	        0 	        0 	       15 	       35 	       43 	        7 	        0
 6560000.000 	    3.420 	        0 	        0 	       15 	       35 	       43 	        7 	        0
 6580000.000 	    3.420 	        0 	        0 	       15 	       35 	       43 	        7 	        0
 6600000.000 	    3.420 	        0 	        0 	       15 	       35 	       43 	        7 	        0
 6620000.000 	    3.420 	        0 	        0 	       15 	       35 	       43 	        7 	        0
 6640000.000 	    3.420 	        0 	        0 	       15 	       35 	       43 	        7 	        0
 6660000.000 	    3.420 	        0 	        0 	       15 	       35 	       43 	        7 	        0
 6680000.000 	    3.420 	        0 	        0 	       15 	       35 	       43 	        7 	        0
 6700000.000 	    3.420 	        0 	        0 	       15 	       35 	       43 	        7 	        0
 6720000.000 	    3.420 	        0 	        0 	       15 	       35 	       43 	        7 	        0
 6740000.000 	    3.420 	        0 	        0 	       15 	       35 	       43 	        7 	        0
 6760000.000 	    3.420 	        0 	        0 	       15 	       35 	       43 	        7 	        0
 6780000.000 	    3.420 	        0 	        0 	       15 	       35 	       43 	        7 	        0
 6800000.000 	    3.420 	        0 	        0 	       15 	       35 	       43 	        7 	        0
 6820000.000 	    3.420 	        0 	        0 	       15 	       35 	       43 	        7 	        0
 6840000.000 	    3.420 	        0 	        0 	       15 	       35 	       43 	        7 	        0
 6860000.000 	    3.420 	        0 	        0 	       15 	       35 	       43 	        7 	        0
 6880000.000 	    3.420 	        0 	        0 	       15 	       35 	       43 	        7 	        0
 6900000.000 	    3.420 	        0 	        0 	       15 	       35 	       43 	        7 	        0
 6920000.000 	    3.420 	        0 	        0 	       15 	       35 	       43 	        7 	        0
 6940000.000 	    3.420 	        0 	        0 	       15 	       35 	       43 	        7 	        0
 6960000.000 	    3.420 	        0 	        0 	       15 	       35 	       43 	        7 	        0
 6980000.000 	    3.420 	        0 	        0 	       15 	       35 	       43 	        7 	        0
 7000000.000 	    3.420 	        0 	        0 	       15 	       35 	       43 	        7 	        0
 7020000.000 	    3.420 	        0 	        0 	       15 	       35 	       43 	        7 	        0
 7040000.000 	    3.420 	        0 	        0 	       15 	       35 	       43 	        7 	        0
 7060000.000 	    3.420 	        0 	        0 	       15 	       35 	       43 	        7 	        0
 7080000.000 	    3.440 	        0 	        0 	       14 	       35 	       44 	        7 	        0
 7100000.000 	    3.460 	        0 	        0 	       14 	       33 	       46 	        7 	        0
 7120000.000 	    3.460 	        0 	        0 	       14 	       33 	       46 	        7 	        0
 7140000.000 	    3.460 	        0 	        0 	       14 	       33 	       46 	        7 	        0
 7160000.000 	    3.460 	        0 	        0 	       14 	       33 	       46 	        7 	        0
 7180000.000 	    3.460 	        0 	        0 	       14 	       33 	       46 	        7 	        0
 7200000.000 	    3.460 	        0 	        0 	       14 	       33 	       46 	        7 	        0
 7220000.000 	    3.460 	        0 	        0 	       14 	       33 	       46 	        7 	        0
 7240000.000 	    3.460 	        0 	        0 	       14 	       33 	       46 	        7 	        0
 7260000.000 	    3.460 	        0 	        0 	       14 	       33 	       46 	        7 	        0
 7280000.000 	    3.460 	        0 	        0 	       14 	       33 	       46 	        7 	        0
 7300000.000 	    3.460 	        0 	        0 	       14 	       33 	       46 	        7 	        0
 7320000.000 	    3.460 	        0 	        0 	       14 	       33 	       46 	        7 	        0
 7340000.000 	    3.460 	        0 	        0 	       14 	       33 	       46 	        7 	        0
 7360000.000 	    3.460 	        0 	        0 	       14 	       33 	       46 	        7 	        0
 7380000.000 	    3.460 	        0 	        0 	       14 	       33 	       46 	        7 	        0
 7400000.000 	    3.460 	        0 	        0 	       14 	       33 	       46 	        7 	        0
 7420000.000 	    3.460 	        0 	        0 	       14 	       33 	       46 	        7 	        0
 7440000.000 	    3.460 	        0 	        0 	       14 	       33 	       46 	        7 	        0
 7460000.000 	    3.460 	        0 	        0 	       14 	       33 	       46 	        7 	        0
 7480000.000 	    3.460 	        0 	        0 	       14 	       33 	       46 	        7 	        0
 7500000.000 	    3.460 	        0 	        0 	       14 	       33 	       46 	        7 	        0
 7520000.000 	    3.460 	        0 	        0 	       14 	       33 	       46 	        7 	        0
 7540000.000 	    3.480 	        0 	        0 	       13 	       33 	       47 	        7 	        0
 7560000.000 	    3.480 	        0 	        0 	       13 	       33 	       47 	        7 	        0
 7580000.000 	    3.480 	        0 	        0 	       13 	       33 	       47 	        7 	        0
 7600000.000 	    3.480 	        0 	        0 	       13 	       33 	       47 	        7 	        0
 7620000.000 	    3.480 	        0 	        0 	       13 	       33 	       47 	        7 	        0
 7640000.000 	    3.480 	        0 	        0 	       13 	       33 	       47 	        7 	        0
 7660000.000 	    3.480 	        0 	        0 	       13 	       33 	       47 	        7 	        0
 7680000.000 	    3.500 	        0 	        0 	       13 	       31 	       49 	        7 	        0
 7700000.000 	    3.480 	        0 	        0 	       13 	       33 	       47 	        7 	        0
 7720000.000 	    3.500 	        0 	        0 	       13 	       31 	       49 	        7 	        0
 7740000.000 	    3.500 	        0 	        0 	       13 	       31 	       49 	        7 	        0
 7760000.000 	    3.500 	        0 	        0 	       13 	       31 	       49 	        7 	        0
 7780000.000 	    3.500 	        0 	        0 	       13 	       31 	       49 	        7 	        0
 7800000.000 	    3.500 	        0 	        0 	       13 	       31 	       49 	        7 	        0
 7820000.000 	    3.500 	        0 	        0 	       13 	       31 	       49 	        7 	        0
 7840000.000 	    3.500 	        0 	        0 	       13 	       31 	       49 	        7 	        0
 7860000.000 	    3.500 	        0 	        0 	       13 	       31 	       49 	        7 	        0
 7880000.000 	    3.500 	        0 	        0 	       13 	       31 	       49 	        7 	        0
 7900000.000 	    3.500 	        0 	        0 	       13 	       31 	       49 	        7 	        0
 7920000.000 	    3.500 	        0 	        0 	       13 	       31 	       49 	        7 	        0
 7940000.000 	    3.500 	        0 	        0 	       13 	       31 	       49 	        7 	        0
 7960000.000 	    3.500 	        0 	        0 	       13 	       31 	       49 	        7 	        0
 7980000.000 	    3.500 	        0 	        0 	       13 	       31 	       49 	        7 	        0
 8000000.000 	    3.500 	        0 	        0 	       13 	       31 	       49 	        7 	        0
 8020000.000 	    3.500 	        0 	        0 	       13 	       31 	       49 	        7 	        0
 8040000.000 	    3.500 	        0 	        0 	       13 	       31 	       49 	        7 	        0
 8060000.000 	    3.500 	        0 	        0 	       13 	       31 	       49 	        7 	        0
 8080000.000 	    3.500 	        0 	        0 	       13 	       31 	       49 	        7 	        0
 8100000.000 	    3.500 	        0 	        0 	       13 	       31 	       49 	        7 	        0
 8120000.000 	    3.500 	        0 	        0 	       13 	       31 	       49 	        7 	        0
 8140000.000 	    3.500 	        0 	        0 	       13 	       31 	       49 	        7 	        0
 8160000.000 	    3.500 	        0 	        0 	       13 	       31 	       49 	        7 	        0
 8180000.000 	    3.500 	        0 	        0 	       13 	       31 	       49 	        7 	        0
 8200000.000 	    3.500 	        0 	        0 	       13 	       31 	       49 	        7 	        0
 8220000.000 	    3.500 	        0 	        0 	       13 	       31 	       49 	        7 	        0
 8240000.000 	    3.500 	        0 	        0 	       13 	       31 	       49 	        7 	        0
 8260000.000 	    3.500 	        0 	        0 	       13 	       31 	       49 	        7 	        0
 8280000.000 	    3.500 	        0 	        0 	       13 	       31 	       49 	        7 	        0
 8300000.000 	    3.500 	        0 	        0 	       13 	       31 	       49 	        7 	        0
 8320000.000 	    3.500 	        0 	        0 	       13 	       31 	       49 	        7 	        0
 8340000.000 	    3.500 	        0 	        0 	       13 	       31 	       49 	        7 	        0
 8360000.000 	    3.500 	        0 	        0 	       13 	       31 	       49 	        7 	        0
 8380000.000 	    3.500 	        0 	        0 	       13 	       31 	       49 	        7 	        0
 8400000.000 	    3.500 	        0 	        0 	       13 	       31 	       49 	        7 	        0
 8420000.000 	    3.500 	        0 	        0 	       13 	       31 	       49 	        7 	        0
 8440000.000 	    3.500 	        0 	        0 	       13 	       31 	       49 	        7 	        0
 8460000.000 	    3.500 	        0 	        0 	       13 	       31 	       49 	        7 	        0
 8480000.000 	    3.500 	        0 	        0 	       13 	       31 	       49 	        7 	        0
 8500000.000 	    3.500 	        0 	        0 	       13 	       31 	       49 	        7 	        0
 8520000.000 	    3.500 	        0 	        0 	       13 	       31 	       49 	        7 	        0
 8540000.000 	    3.500 	        0 	        0 	       13 	       31 	       49 	        7 	        0
 8560000.000 	    3.500 	        0 	        0 	       13 	       31 	       49 	        7 	        0
 8580000.000 	    3.500 	        0 	        0 	       13 	       31 	       49 	        7 	        0
 8600000.000 	    3.500 	        0 	        0 	       13 	       31 	       49 	        7 	        0
 8620000.000 	    3.500 	        0 	        0 	       13 	       31 	       49 	        7 	        0
 8640000.000 	    3.500 	        0 	        0 	       13 	       31 	       49 	        7 	        0
 8660000.000 	    3.500 	        0 	        0 	       13 	       31 	       49 	        7 	        0
 8680000.000 	    3.500 	        0 	        0 	       13 	       31 	       49 	        7 	        0
 8700000.000 	    3.500 	        0 	        0 	       13 	       31 	       49 	        7 	        0
 8720000.000 	    3.500 	        0 	        0 	       13 	       31 	       49 	        7 	        0
 8740000.000 	    3.500 	        0 	        0 	       13 	       31 	       49 	        7 	        0
 8760000.000 	    3.500 	        0 	        0 	       13 	       31 	       49 	        7 	        0
 8780000.000 	    3.500 	        0 	        0 	       13 	       31 	       49 	        7 	        0
 8800000.000 	    3.500 	        0 	        0 	       13 	       31 	       49 	        7 	        0
 8820000.000 	    3.500 	        0 	        0 	       13 	       31 	       49 	        7 	        0
 8840000.000 	    3.500 	        0 	        0 	       13 	       31 	       49 	        7 	        0
 8860000.000 	    3.500 	        0 	        0 	       13 	       31 	       49 	        7 	        0
 8880000.000 	    3.500 	        0 	        0 	       13 	       31 	       49 	        7 	        0
 8900000.000 	    3.500 	        0 	        0 	       13 	       31 	       49 	        7 	        0
 8920000.000 	    3.500 	        0 	        0 	       13 	       31 	       49 	        7 	        0
 8940000.000 	    3.500 	        0 	        0 	       13 	       31 	       49 	        7 	        0
 8960000.000 	    3.500 	        0 	        0 	       13 	       31 	       49 	        7 	        0
 8980000.000 	    3.500 	        0 	        0 	       13 	       31 	       49 	        7 	        0
 9000000.000 	    3.500 	        0 	        0 	       13 	       31 	       49 	        7 	        0
 9020000.000 	    3.500 	        0 	        0 	       13 	       31 	       49 	        7 	        0
 9040000.000 	    3.500 	        0 	        0 	       13 	       31 	       49 	        7 	        0
 9060000.000 	    3.500 	        0 	        0 	       13 	       31 	       49 	        7 	        0
 9080000.000 	    3.500 	        0 	        0 	       13 	       31 	       49 	        7 	        0
 9100000.000 	    3.500 	        0 	        0 	       13 	       31 	       49 	        7 	        0
 9120000.000 	    3.500 	        0 	        0 	       13 	       31 	       49 	        7 	        0
 9140000.000 	    3.500 	        0 	        0 	       13 	       31 	       49 	        7 	        0
 9160000.000 	    3.500 	        0 	        0 	       13 	       31 	       49 	        7 	        0
 9180000.000 	    3.500 	        0 	        0 	       13 	       31 	       49 	        7 	        0
 9200000.000 	    3.500 	        0 	        0 	       13 	       31 	       49 	        7 	        0
 9220000.000 	    3.500 	        0 	        0 	       13 	       31 	       49 	        7 	        0
 9240000.000 	    3.500 	        0 	        0 	       13 	       31 	       49 	        7 	        0
 9260000.000 	    3.500 	        0 	        0 	       13 	       31 	       49 	        7 	        0
 9280000.000 	    3.500 	        0 	        0 	       13 	       31 	       49 	        7 	        0
 9300000.000 	    3.500 	        0 	        0 	       13 	       31 	       49 	        7 	        0
 9320000.000 	    3.500 	        0 	        0 	       13 	       31 	       49 	        7 	        0
 9340000.000 	    3.500 	        0 	        0 	       13 	       31 	       49 	        7 	        0
 9360000.000 	    3.500 	        0 	        0 	       13 	       31 	       49 	        7 	        0
 9380000.000 	    3.500 	        0 	        0 	       13 	       31 	       49 	        7 	        0
 9400000.000 	    3.500 	        0 	        0 	       13 	       31 	       49 	        7 	        0
 9420000.000 	    3.500 	        0 	        0 	       13 	       31 	       49 	        7 	        0
 9440000.000 	    3.500 	        0 	        0 	       13 	       31 	       49 	        7 	        0
 9460000.000 	    3.500 	        0 	        0 	       13 	       31 	       49 	        7 	        0
 9480000.000 	    3.500 	        0 	        0 	       13 	       31 	       49 	        7 	        0
 9500000.000 	    3.500 	        0 	        0 	       13 	       31 	       49 	        7 	        0
 9520000.000 	    3.500 	        0 	        0 	       13 	       31 	       49 	        7 	        0
 9540000.000 	    3.500 	        0 	        0 	       13 	       31 	       49 	        7 	        0
 9560000.000 	    3.500 	        0 	        0 	       13 	       31 	       49 	        7 	        0
 9580000.000 	    3.500 	        0 	        0 	       13 	       31 	       49 	        7 	        0
 9600000.000 	    3.500 	        0 	        0 	       13 	       31 	       49 	        7 	        0
 9620000.000 	    3.500 	        0 	        0 	       13 	       31 	       49 	        7 	        0
 9640000.000 	    3.500 	        0 	        0 	       13 	       31 	       49 	        7 	        0
 9660000.000 	    3.500 	        0 	        0 	       13 	       31 	       49 	        7 	        0
 9680000.000 	    3.500 	        0 	        0 	       13 	       31 	       49 	        7 	        0
 9700000.000 	    3.500 	        0 	        0 	       13 	       31 	       49 	        7 	        0
 9720000.000 	    3.500 	        0 	        0 	       13 	       31 	       49 	        7 	        0
 9740000.000 	    3.500 	        0 	        0 	       13 	       31 	       49 	        7 	        0
 9760000.000 	    3.500 	        0 	        0 	       13 	       31 	       49 	        7 	        0
 9780000.000 	    3.500 	        0 	        0 	       13 	       31 	       49 	        7 	        0
 9800000.000 	    3.500 	        0 	        0 	       13 	       31 	       49 	        7 	        0
 9820000.000 	    3.500 	        0 	        0 	       13 	       31 	       49 	        7 	        0
 9840000.000 	    3.500 	        0 	        0 	       13 	       31 	       49 	        7 	        0
 9860000.000 	    3.500 	        0 	        0 	       13 	       31 	       49 	        7 	        0
 9880000.000 	    3.500 	        0 	        0 	       13 	       31 	       49 	        7 	        0
 9900000.000 	    3.500 	        0 	        0 	       13 	       31 	       49 	        7 	        0
 9920000.000 	    3.500 	        0 	        0 	       13 	       31 	       49 	        7 	        0
 9940000.000 	    3.500 	        0 	        0 	       13 	       31 	       49 	        7 	        0
 9960000.000 	    3.500 	        0 	        0 	       13 	       31 	       49 	        7 	        0
 9980000.000 	    3.500 	        0 	        0 	       13 	       31 	       49 	        7 	        0
10000000.000 	    3.500 	        0 	        0 	       13 	       31 	       49 	        7 	        0
