       0.000 	 0.943105 	 0.039497 
   20000.000 	 0.943107 	 0.040183 
   40000.000 	 0.946335 	 0.045314 
   60000.000 	 0.954834 	 0.038296 
   80000.000 	 0.951222 	 0.034228 
  100000.000 	 0.955240 	 0.033599 
  120000.000 	 0.958477 	 0.036250 
  140000.000 	 0.958872 	 0.030157 
  160000.000 	 0.958961 	 0.036776 
  180000.000 	 0.965511 	 0.029577 
  200000.000 	 0.964315 	 0.033627 
  220000.000 	 0.966988 	 0.029977 
  240000.000 	 0.972573 	 0.027065 
  260000.000 	 0.971484 	 0.028483 
  280000.000 	 0.973517 	 0.023889 
  300000.000 	 0.973130 	 0.027431 
  320000.000 	 0.971853 	 0.032665 
  340000.000 	 0.972618 	 0.033361 
  360000.000 	 0.976312 	 0.023664 
  380000.000 	 0.977388 	 0.026407 
  400000.000 	 0.978955 	 0.025930 
  420000.000 	 0.979869 	 0.024095 
  440000.000 	 0.973661 	 0.029955 
  460000.000 	 0.978298 	 0.024385 
  480000.000 	 0.978083 	 0.023819 
  500000.000 	 0.980811 	 0.021820 
  520000.000 	 0.982042 	 0.021849 
  540000.000 	 0.982933 	 0.027366 
  560000.000 	 0.987774 	 0.016129 
  580000.000 	 0.980422 	 0.023747 
  600000.000 	 0.981395 	 0.019646 
  620000.000 	 0.982569 	 0.020931 
  640000.000 	 0.980797 	 0.021668 
  660000.000 	 0.979710 	 0.025521 
  680000.000 	 0.982958 	 0.021501 
  700000.000 	 0.987735 	 0.014008 
  720000.000 	 0.985540 	 0.022667 
  740000.000 	 0.986013 	 0.022785 
  760000.000 	 0.983494 	 0.023853 
  780000.000 	 0.983347 	 0.021433 
  800000.000 	 0.987320 	 0.017311 
  820000.000 	 0.989254 	 0.014784 
  840000.000 	 0.986903 	 0.017475 
  860000.000 	 0.983406 	 0.020882 
  880000.000 	 0.988373 	 0.015758 
  900000.000 	 0.989823 	 0.011368 
  920000.000 	 0.991799 	 0.010801 
  940000.000 	 0.991017 	 0.011779 
  960000.000 	 0.989250 	 0.011291 
  980000.000 	 0.990958 	 0.012981 
 1000000.000 	 0.986873 	 0.017374 
 1020000.000 	 0.990094 	 0.012418 
 1040000.000 	 0.989666 	 0.011613 
 1060000.000 	 0.992252 	 0.009130 
 1080000.000 	 0.989812 	 0.014444 
 1100000.000 	 0.991611 	 0.010661 
 1120000.000 	 0.992409 	 0.011241 
 1140000.000 	 0.988539 	 0.015784 
 1160000.000 	 0.990478 	 0.012949 
 1180000.000 	 0.989734 	 0.017746 
 1200000.000 	 0.990345 	 0.014793 
 1220000.000 	 0.990931 	 0.017729 
 1240000.000 	 0.989227 	 0.017079 
 1260000.000 	 0.987851 	 0.018671 
 1280000.000 	 0.987780 	 0.014249 
 1300000.000 	 0.988874 	 0.015641 
 1320000.000 	 0.987024 	 0.015028 
 1340000.000 	 0.993224 	 0.009977 
 1360000.000 	 0.989338 	 0.013940 
 1380000.000 	 0.992715 	 0.011604 
 1400000.000 	 0.992358 	 0.014299 
 1420000.000 	 0.989881 	 0.017375 
 1440000.000 	 0.992580 	 0.012485 
 1460000.000 	 0.990834 	 0.012219 
 1480000.000 	 0.991769 	 0.015463 
 1500000.000 	 0.992141 	 0.016028 
 1520000.000 	 0.991277 	 0.012812 
 1540000.000 	 0.993515 	 0.018876 
 1560000.000 	 0.990874 	 0.015484 
 1580000.000 	 0.994971 	 0.012060 
 1600000.000 	 0.993036 	 0.010492 
 1620000.000 	 0.993483 	 0.011056 
 1640000.000 	 0.993933 	 0.009587 
 1660000.000 	 0.991797 	 0.018913 
 1680000.000 	 0.991735 	 0.024511 
 1700000.000 	 0.992207 	 0.009605 
 1720000.000 	 0.992928 	 0.017984 
 1740000.000 	 0.995391 	 0.010887 
 1760000.000 	 0.993198 	 0.008447 
 1780000.000 	 0.991399 	 0.012768 
 1800000.000 	 0.992644 	 0.008550 
 1820000.000 	 0.993945 	 0.007681 
 1840000.000 	 0.995489 	 0.009753 
 1860000.000 	 0.993689 	 0.011013 
 1880000.000 	 0.992988 	 0.009675 
 1900000.000 	 0.992318 	 0.012779 
 1920000.000 	 0.993907 	 0.018254 
 1940000.000 	 0.991068 	 0.014078 
 1960000.000 	 0.993319 	 0.014673 
 1980000.000 	 0.994603 	 0.008665 
 2000000.000 	 0.993525 	 0.016336 
 2020000.000 	 0.993038 	 0.010021 
 2040000.000 	 0.995033 	 0.005969 
 2060000.000 	 0.995789 	 0.010071 
 2080000.000 	 0.995403 	 0.009589 
 2100000.000 	 0.992623 	 0.008233 
 2120000.000 	 0.992808 	 0.019469 
 2140000.000 	 0.995163 	 0.005097 
 2160000.000 	 0.991641 	 0.019693 
 2180000.000 	 0.993275 	 0.012047 
 2200000.000 	 0.993040 	 0.008322 
 2220000.000 	 0.996312 	 0.004756 
 2240000.000 	 0.993611 	 0.008228 
 2260000.000 	 0.995456 	 0.009629 
 2280000.000 	 0.994813 	 0.012779 
 2300000.000 	 0.995472 	 0.008772 
 2320000.000 	 0.995860 	 0.005522 
 2340000.000 	 0.994601 	 0.016273 
 2360000.000 	 0.997122 	 0.012233 
 2380000.000 	 0.995665 	 0.004849 
 2400000.000 	 0.995844 	 0.010149 
 2420000.000 	 0.995334 	 0.012942 
 2440000.000 	 0.995264 	 0.010811 
 2460000.000 	 0.994688 	 0.011574 
 2480000.000 	 0.995721 	 0.007316 
 2500000.000 	 0.996684 	 0.007928 
 2520000.000 	 0.993977 	 0.014187 
 2540000.000 	 0.997636 	 0.003866 
 2560000.000 	 0.993399 	 0.008236 
 2580000.000 	 0.992869 	 0.013947 
 2600000.000 	 0.992078 	 0.008164 
 2620000.000 	 0.994643 	 0.011652 
 2640000.000 	 0.993667 	 0.017449 
 2660000.000 	 0.993141 	 0.007918 
 2680000.000 	 0.995714 	 0.009322 
 2700000.000 	 0.995242 	 0.007284 
 2720000.000 	 0.995095 	 0.013031 
 2740000.000 	 0.994045 	 0.012092 
 2760000.000 	 0.994692 	 0.016338 
 2780000.000 	 0.996884 	 0.004744 
 2800000.000 	 0.996208 	 0.007809 
 2820000.000 	 0.996762 	 0.005895 
 2840000.000 	 0.995700 	 0.008414 
 2860000.000 	 0.996264 	 0.005165 
 2880000.000 	 0.994881 	 0.021393 
 2900000.000 	 0.995604 	 0.017493 
 2920000.000 	 0.996236 	 0.004774 
 2940000.000 	 0.996313 	 0.004336 
 2960000.000 	 0.995488 	 0.006639 
 2980000.000 	 0.995549 	 0.010679 
 3000000.000 	 0.995901 	 0.007906 
 3020000.000 	 0.993962 	 0.011073 
 3040000.000 	 0.997029 	 0.004958 
 3060000.000 	 0.996219 	 0.006169 
 3080000.000 	 0.996597 	 0.005102 
 3100000.000 	 0.996949 	 0.004212 
 3120000.000 	 0.994605 	 0.010440 
 3140000.000 	 0.993914 	 0.010004 
 3160000.000 	 0.996660 	 0.005156 
 3180000.000 	 0.994126 	 0.012961 
 3200000.000 	 0.997033 	 0.005629 
 3220000.000 	 0.997113 	 0.004855 
 3240000.000 	 0.994451 	 0.008273 
 3260000.000 	 0.994561 	 0.016835 
 3280000.000 	 0.994720 	 0.007185 
 3300000.000 	 0.997051 	 0.005007 
 3320000.000 	 0.996617 	 0.004227 
 3340000.000 	 0.994515 	 0.013334 
 3360000.000 	 0.995599 	 0.008533 
 3380000.000 	 0.995629 	 0.006836 
 3400000.000 	 0.993466 	 0.013359 
 3420000.000 	 0.993548 	 0.019415 
 3440000.000 	 0.996558 	 0.003447 
 3460000.000 	 0.995513 	 0.010288 
 3480000.000 	 0.994592 	 0.008758 
 3500000.000 	 0.995670 	 0.012631 
 3520000.000 	 0.996221 	 0.005794 
 3540000.000 	 0.997218 	 0.006902 
 3560000.000 	 0.995229 	 0.009615 
 3580000.000 	 0.996814 	 0.004218 
 3600000.000 	 0.996816 	 0.004582 
 3620000.000 	 0.997133 	 0.003818 
 3640000.000 	 0.994376 	 0.027214 
 3660000.000 	 0.995344 	 0.007494 
 3680000.000 	 0.995993 	 0.005548 
 3700000.000 	 0.995301 	 0.016181 
 3720000.000 	 0.996401 	 0.008939 
 3740000.000 	 0.996762 	 0.010594 
 3760000.000 	 0.997224 	 0.004782 
 3780000.000 	 0.996133 	 0.005660 
 3800000.000 	 0.995591 	 0.008984 
 3820000.000 	 0.996669 	 0.006417 
 3840000.000 	 0.995664 	 0.004857 
 3860000.000 	 0.994668 	 0.012514 
 3880000.000 	 0.995436 	 0.007317 
 3900000.000 	 0.997518 	 0.004766 
 3920000.000 	 0.997392 	 0.003472 
 3940000.000 	 0.997511 	 0.002008 
 3960000.000 	 0.996319 	 0.010421 
 3980000.000 	 0.996517 	 0.003699 
 4000000.000 	 0.997076 	 0.009853 
 4020000.000 	 0.997919 	 0.002235 
 4040000.000 	 0.996218 	 0.007286 
 4060000.000 	 0.997216 	 0.004457 
 4080000.000 	 0.996604 	 0.015012 
 4100000.000 	 0.997516 	 0.003594 
 4120000.000 	 0.996927 	 0.004019 
 4140000.000 	 0.995016 	 0.005956 
 4160000.000 	 0.996611 	 0.013790 
 4180000.000 	 0.996887 	 0.005493 
 4200000.000 	 0.994529 	 0.016234 
 4220000.000 	 0.996556 	 0.008389 
 4240000.000 	 0.995262 	 0.010399 
 4260000.000 	 0.997011 	 0.006814 
 4280000.000 	 0.993535 	 0.006505 
 4300000.000 	 0.995571 	 0.008653 
 4320000.000 	 0.995581 	 0.009279 
 4340000.000 	 0.995016 	 0.006184 
 4360000.000 	 0.996840 	 0.005126 
 4380000.000 	 0.997347 	 0.005022 
 4400000.000 	 0.993530 	 0.019167 
 4420000.000 	 0.996799 	 0.004134 
 4440000.000 	 0.996539 	 0.005266 
 4460000.000 	 0.998223 	 0.001335 
 4480000.000 	 0.996721 	 0.002735 
 4500000.000 	 0.996880 	 0.007570 
 4520000.000 	 0.995257 	 0.015183 
 4540000.000 	 0.997489 	 0.005947 
 4560000.000 	 0.995229 	 0.013374 
 4580000.000 	 0.997829 	 0.003619 
 4600000.000 	 0.997003 	 0.006487 
 4620000.000 	 0.996238 	 0.010312 
 4640000.000 	 0.996161 	 0.005182 
 4660000.000 	 0.996108 	 0.008187 
 4680000.000 	 0.997217 	 0.002901 
 4700000.000 	 0.998104 	 0.002126 
 4720000.000 	 0.994596 	 0.008823 
 4740000.000 	 0.997481 	 0.007087 
 4760000.000 	 0.995543 	 0.008535 
 4780000.000 	 0.997203 	 0.005570 
 4800000.000 	 0.996715 	 0.007705 
 4820000.000 	 0.996438 	 0.005505 
 4840000.000 	 0.997580 	 0.003025 
 4860000.000 	 0.996982 	 0.003174 
 4880000.000 	 0.996888 	 0.006859 
 4900000.000 	 0.997283 	 0.003563 
 4920000.000 	 0.997319 	 0.004348 
 4940000.000 	 0.996831 	 0.004402 
 4960000.000 	 0.995912 	 0.010810 
 4980000.000 	 0.997358 	 0.007475 
 5000000.000 	 0.995290 	 0.004506 
 5020000.000 	 0.997694 	 0.002779 
 5040000.000 	 0.994625 	 0.012409 
 5060000.000 	 0.996714 	 0.014997 
 5080000.000 	 0.998012 	 0.004270 
 5100000.000 	 0.997279 	 0.004591 
 5120000.000 	 0.996771 	 0.005541 
 5140000.000 	 0.996378 	 0.009309 
 5160000.000 	 0.997793 	 0.007285 
 5180000.000 	 0.997083 	 0.003584 
 5200000.000 	 0.994347 	 0.012066 
 5220000.000 	 0.995849 	 0.004568 
 5240000.000 	 0.996589 	 0.004703 
 5260000.000 	 0.996277 	 0.011802 
 5280000.000 	 0.994516 	 0.010525 
 5300000.000 	 0.997040 	 0.009277 
 5320000.000 	 0.994715 	 0.009997 
 5340000.000 	 0.994468 	 0.006630 
 5360000.000 	 0.997086 	 0.005847 
 5380000.000 	 0.997684 	 0.003184 
 5400000.000 	 0.996037 	 0.011160 
 5420000.000 	 0.997082 	 0.009863 
 5440000.000 	 0.996460 	 0.011508 
 5460000.000 	 0.996187 	 0.019930 
 5480000.000 	 0.995999 	 0.009064 
 5500000.000 	 0.997020 	 0.003837 
 5520000.000 	 0.997103 	 0.009496 
 5540000.000 	 0.997178 	 0.004581 
 5560000.000 	 0.996924 	 0.003837 
 5580000.000 	 0.997854 	 0.006912 
 5600000.000 	 0.997603 	 0.007879 
 5620000.000 	 0.997843 	 0.006451 
 5640000.000 	 0.996710 	 0.008850 
 5660000.000 	 0.997962 	 0.004268 
 5680000.000 	 0.995105 	 0.012440 
 5700000.000 	 0.996116 	 0.004665 
 5720000.000 	 0.995245 	 0.014774 
 5740000.000 	 0.996957 	 0.009635 
 5760000.000 	 0.997532 	 0.003791 
 5780000.000 	 0.995048 	 0.005053 
 5800000.000 	 0.996557 	 0.003406 
 5820000.000 	 0.998068 	 0.001822 
 5840000.000 	 0.997185 	 0.005192 
 5860000.000 	 0.995821 	 0.011974 
 5880000.000 	 0.996704 	 0.006784 
 5900000.000 	 0.996302 	 0.010244 
 5920000.000 	 0.997274 	 0.007325 
 5940000.000 	 0.997318 	 0.004351 
 5960000.000 	 0.997090 	 0.003855 
 5980000.000 	 0.997723 	 0.008727 
 6000000.000 	 0.996708 	 0.010671 
 6020000.000 	 0.998445 	 0.002062 
 6040000.000 	 0.997712 	 0.003613 
 6060000.000 	 0.998093 	 0.003138 
 6080000.000 	 0.995661 	 0.015799 
 6100000.000 	 0.995625 	 0.010671 
 6120000.000 	 0.997311 	 0.006641 
 6140000.000 	 0.996333 	 0.006426 
 6160000.000 	 0.997529 	 0.015727 
 6180000.000 	 0.998121 	 0.006281 
 6200000.000 	 0.997106 	 0.006322 
 6220000.000 	 0.996338 	 0.013190 
 6240000.000 	 0.995913 	 0.008813 
 6260000.000 	 0.994837 	 0.013198 
 6280000.000 	 0.998012 	 0.004822 
 6300000.000 	 0.998045 	 0.004877 
 6320000.000 	 0.997228 	 0.008556 
 6340000.000 	 0.997107 	 0.007755 
 6360000.000 	 0.998240 	 0.001858 
 6380000.000 	 0.996474 	 0.011997 
 6400000.000 	 0.996891 	 0.007314 
 6420000.000 	 0.997421 	 0.009095 
 6440000.000 	 0.998475 	 0.002167 
 6460000.000 	 0.996009 	 0.013450 
 6480000.000 	 0.997784 	 0.009918 
 6500000.000 	 0.996998 	 0.014076 
 6520000.000 	 0.996985 	 0.004779 
 6540000.000 	 0.996990 	 0.005040 
 6560000.000 	 0.998120 	 0.006006 
 6580000.000 	 0.997686 	 0.003466 
 6600000.000 	 0.996901 	 0.006623 
 6620000.000 	 0.997352 	 0.004126 
 6640000.000 	 0.998152 	 0.004747 
 6660000.000 	 0.996834 	 0.009573 
 6680000.000 	 0.996465 	 0.005217 
 6700000.000 	 0.996137 	 0.006959 
 6720000.000 	 0.996782 	 0.009827 
 6740000.000 	 0.997327 	 0.007589 
 6760000.000 	 0.997479 	 0.010078 
 6780000.000 	 0.996365 	 0.009114 
 6800000.000 	 0.997210 	 0.012667 
 6820000.000 	 0.997072 	 0.007678 
 6840000.000 	 0.994996 	 0.009151 
 6860000.000 	 0.997136 	 0.002738 
 6880000.000 	 0.994900 	 0.013147 
 6900000.000 	 0.996904 	 0.009813 
 6920000.000 	 0.998234 	 0.006136 
 6940000.000 	 0.997559 	 0.003157 
 6960000.000 	 0.996549 	 0.011689 
 6980000.000 	 0.997052 	 0.015363 
 7000000.000 	 0.997232 	 0.008732 
 7020000.000 	 0.996519 	 0.003995 
 7040000.000 	 0.997150 	 0.005462 
 7060000.000 	 0.995982 	 0.004739 
 7080000.000 	 0.997260 	 0.003005 
 7100000.000 	 0.997820 	 0.004474 
 7120000.000 	 0.997546 	 0.003334 
 7140000.000 	 0.998250 	 0.002210 
 7160000.000 	 0.997596 	 0.002939 
 7180000.000 	 0.997964 	 0.001631 
 7200000.000 	 0.997009 	 0.002979 
 7220000.000 	 0.998517 	 0.001799 
 7240000.000 	 0.998033 	 0.002063 
 7260000.000 	 0.995308 	 0.003898 
 7280000.000 	 0.997754 	 0.002371 
 7300000.000 	 0.997990 	 0.002275 
 7320000.000 	 0.997467 	 0.003976 
 7340000.000 	 0.998158 	 0.001589 
 7360000.000 	 0.997422 	 0.003608 
 7380000.000 	 0.997913 	 0.004642 
 7400000.000 	 0.998082 	 0.006382 
 7420000.000 	 0.995714 	 0.004496 
 7440000.000 	 0.998658 	 0.001320 
 7460000.000 	 0.997216 	 0.003078 
 7480000.000 	 0.998384 	 0.001882 
 7500000.000 	 0.996909 	 0.002487 
 7520000.000 	 0.997894 	 0.002316 
 7540000.000 	 0.997793 	 0.001815 
 7560000.000 	 0.997058 	 0.003166 
 7580000.000 	 0.997792 	 0.003002 
 7600000.000 	 0.997860 	 0.002286 
 7620000.000 	 0.997422 	 0.002557 
 7640000.000 	 0.997546 	 0.002801 
 7660000.000 	 0.998540 	 0.001515 
 7680000.000 	 0.997873 	 0.002992 
 7700000.000 	 0.997543 	 0.002981 
 7720000.000 	 0.997943 	 0.003163 
 7740000.000 	 0.998312 	 0.001246 
 7760000.000 	 0.998255 	 0.002209 
 7780000.000 	 0.997749 	 0.002290 
 7800000.000 	 0.997392 	 0.003723 
 7820000.000 	 0.998562 	 0.001556 
 7840000.000 	 0.997701 	 0.002856 
 7860000.000 	 0.996993 	 0.003527 
 7880000.000 	 0.998057 	 0.002126 
 7900000.000 	 0.997102 	 0.006082 
 7920000.000 	 0.997099 	 0.004422 
 7940000.000 	 0.998080 	 0.001806 
 7960000.000 	 0.998563 	 0.001187 
 7980000.000 	 0.997023 	 0.003014 
 8000000.000 	 0.998606 	 0.001171 
 8020000.000 	 0.998704 	 0.001615 
 8040000.000 	 0.998337 	 0.001756 
 8060000.000 	 0.998261 	 0.001436 
 8080000.000 	 0.996922 	 0.003740 
 8100000.000 	 0.998015 	 0.001824 
 8120000.000 	 0.997315 	 0.003538 
 8140000.000 	 0.998383 	 0.001535 
 8160000.000 	 0.998197 	 0.001794 
 8180000.000 	 0.997174 	 0.004247 
 8200000.000 	 0.998127 	 0.001809 
 8220000.000 	 0.997353 	 0.003399 
 8240000.000 	 0.998011 	 0.002156 
 8260000.000 	 0.997426 	 0.002734 
 8280000.000 	 0.998021 	 0.002320 
 8300000.000 	 0.997143 	 0.003103 
 8320000.000 	 0.998354 	 0.001890 
 8340000.000 	 0.996817 	 0.003436 
 8360000.000 	 0.996705 	 0.003424 
 8380000.000 	 0.998058 	 0.001665 
 8400000.000 	 0.997992 	 0.002177 
 8420000.000 	 0.998648 	 0.001387 
 8440000.000 	 0.998237 	 0.002057 
 8460000.000 	 0.998005 	 0.002296 
 8480000.000 	 0.997599 	 0.003995 
 8500000.000 	 0.997932 	 0.002320 
 8520000.000 	 0.998317 	 0.001618 
 8540000.000 	 0.998585 	 0.001490 
 8560000.000 	 0.998330 	 0.001803 
 8580000.000 	 0.997384 	 0.003401 
 8600000.000 	 0.997818 	 0.002464 
 8620000.000 	 0.998600 	 0.001477 
 8640000.000 	 0.997900 	 0.002002 
 8660000.000 	 0.996325 	 0.002442 
 8680000.000 	 0.998276 	 0.001788 
 8700000.000 	 0.997515 	 0.001998 
 8720000.000 	 0.998680 	 0.001069 
 8740000.000 	 0.998416 	 0.001662 
 8760000.000 	 0.998498 	 0.002552 
 8780000.000 	 0.997659 	 0.002084 
 8800000.000 	 0.998388 	 0.001455 
 8820000.000 	 0.998524 	 0.001757 
 8840000.000 	 0.997283 	 0.003431 
 8860000.000 	 0.996799 	 0.003203 
 8880000.000 	 0.998637 	 0.001187 
 8900000.000 	 0.997355 	 0.003243 
 8920000.000 	 0.998069 	 0.001980 
 8940000.000 	 0.997582 	 0.003256 
 8960000.000 	 0.997929 	 0.002498 
 8980000.000 	 0.997471 	 0.003198 
 9000000.000 	 0.997026 	 0.003192 
 9020000.000 	 0.998833 	 0.001277 
 9040000.000 	 0.999035 	 0.001414 
 9060000.000 	 0.998138 	 0.003019 
 9080000.000 	 0.997922 	 0.002269 
 9100000.000 	 0.997894 	 0.001937 
 9120000.000 	 0.998466 	 0.001386 
 9140000.000 	 0.998348 	 0.001671 
 9160000.000 	 0.997822 	 0.001682 
 9180000.000 	 0.996977 	 0.002418 
 9200000.000 	 0.997843 	 0.003011 
 9220000.000 	 0.998641 	 0.001542 
 9240000.000 	 0.998480 	 0.001498 
 9260000.000 	 0.997045 	 0.003995 
 9280000.000 	 0.998742 	 0.001573 
 9300000.000 	 0.998832 	 0.001065 
 9320000.000 	 0.996864 	 0.002699 
 9340000.000 	 0.998640 	 0.001284 
 9360000.000 	 0.997794 	 0.001790 
 9380000.000 	 0.998310 	 0.001904 
 9400000.000 	 0.997416 	 0.004132 
 9420000.000 	 0.998111 	 0.003061 
 9440000.000 	 0.998062 	 0.001695 
 9460000.000 	 0.997972 	 0.002209 
 9480000.000 	 0.998869 	 0.001316 
 9500000.000 	 0.998707 	 0.001093 
 9520000.000 	 0.997430 	 0.003099 
 9540000.000 	 0.998195 	 0.001469 
 9560000.000 	 0.998665 	 0.001343 
 9580000.000 	 0.998042 	 0.002298 
 9600000.000 	 0.998696 	 0.001533 
 9620000.000 	 0.997268 	 0.002961 
 9640000.000 	 0.997581 	 0.002227 
 9660000.000 	 0.997041 	 0.002399 
 9680000.000 	 0.997791 	 0.002040 
 9700000.000 	 0.998526 	 0.002138 
 9720000.000 	 0.997730 	 0.002465 
 9740000.000 	 0.998271 	 0.001823 
 9760000.000 	 0.998385 	 0.001339 
 9780000.000 	 0.998595 	 0.001332 
 9800000.000 	 0.998198 	 0.002437 
 9820000.000 	 0.997983 	 0.001533 
 9840000.000 	 0.996943 	 0.004163 
 9860000.000 	 0.998536 	 0.002489 
 9880000.000 	 0.997876 	 0.003222 
 9900000.000 	 0.998122 	 0.002517 
 9920000.000 	 0.998564 	 0.001300 
 9940000.000 	 0.998225 	 0.001571 
 9960000.000 	 0.996104 	 0.003598 
 9980000.000 	 0.998651 	 0.001271 
10000000.000 	 0.998680 	 0.001563 
10020000.000 	 0.997913 	 0.002043 
10040000.000 	 0.998869 	 0.001211 
10060000.000 	 0.998025 	 0.002440 
10080000.000 	 0.998251 	 0.002347 
10100000.000 	 0.998867 	 0.001197 
10120000.000 	 0.998082 	 0.001496 
10140000.000 	 0.998326 	 0.002489 
10160000.000 	 0.996832 	 0.002186 
10180000.000 	 0.998136 	 0.001540 
10200000.000 	 0.997466 	 0.002609 
10220000.000 	 0.998587 	 0.001595 
10240000.000 	 0.998641 	 0.001198 
10260000.000 	 0.998565 	 0.001235 
10280000.000 	 0.997985 	 0.002130 
10300000.000 	 0.998493 	 0.002010 
10320000.000 	 0.998282 	 0.002011 
10340000.000 	 0.996773 	 0.002671 
10360000.000 	 0.998269 	 0.003219 
10380000.000 	 0.997021 	 0.004051 
10400000.000 	 0.997972 	 0.001614 
10420000.000 	 0.998628 	 0.001476 
10440000.000 	 0.997499 	 0.001778 
10460000.000 	 0.998740 	 0.002264 
10480000.000 	 0.995337 	 0.005252 
10500000.000 	 0.997732 	 0.001670 
10520000.000 	 0.996556 	 0.003557 
10540000.000 	 0.996247 	 0.005164 
10560000.000 	 0.998089 	 0.001367 
10580000.000 	 0.998360 	 0.001664 
10600000.000 	 0.996589 	 0.003314 
10620000.000 	 0.997793 	 0.002334 
10640000.000 	 0.998158 	 0.001751 
10660000.000 	 0.997383 	 0.003057 
10680000.000 	 0.998256 	 0.001580 
10700000.000 	 0.997507 	 0.003128 
10720000.000 	 0.997856 	 0.002221 
10740000.000 	 0.997085 	 0.002406 
10760000.000 	 0.997819 	 0.001605 
10780000.000 	 0.998357 	 0.001909 
10800000.000 	 0.999200 	 0.000752 
10820000.000 	 0.998642 	 0.001435 
10840000.000 	 0.998411 	 0.001833 
10860000.000 	 0.998092 	 0.001955 
10880000.000 	 0.997630 	 0.002113 
10900000.000 	 0.996948 	 0.004309 
10920000.000 	 0.998593 	 0.001214 
10940000.000 	 0.998400 	 0.001916 
10960000.000 	 0.997595 	 0.002381 
10980000.000 	 0.997745 	 0.001980 
11000000.000 	 0.997082 	 0.003337 
11020000.000 	 0.998543 	 0.001490 
11040000.000 	 0.998734 	 0.001337 
11060000.000 	 0.998804 	 0.001332 
11080000.000 	 0.998483 	 0.001252 
11100000.000 	 0.997410 	 0.003283 
11120000.000 	 0.998533 	 0.001447 
11140000.000 	 0.998295 	 0.001555 
11160000.000 	 0.997717 	 0.002527 
11180000.000 	 0.996852 	 0.003755 
11200000.000 	 0.998282 	 0.001728 
11220000.000 	 0.998308 	 0.001543 
11240000.000 	 0.998040 	 0.002034 
11260000.000 	 0.998632 	 0.001319 
11280000.000 	 0.998454 	 0.002022 
11300000.000 	 0.997827 	 0.002370 
11320000.000 	 0.997168 	 0.003469 
11340000.000 	 0.997149 	 0.003096 
11360000.000 	 0.996021 	 0.003284 
11380000.000 	 0.998428 	 0.001548 
11400000.000 	 0.996553 	 0.002510 
11420000.000 	 0.998028 	 0.001810 
11440000.000 	 0.997472 	 0.002137 
11460000.000 	 0.997602 	 0.003415 
11480000.000 	 0.997590 	 0.001652 
11500000.000 	 0.997508 	 0.002616 
11520000.000 	 0.998318 	 0.001991 
11540000.000 	 0.998162 	 0.001895 
11560000.000 	 0.996870 	 0.003601 
11580000.000 	 0.995646 	 0.004594 
11600000.000 	 0.998515 	 0.001583 
11620000.000 	 0.997077 	 0.002308 
11640000.000 	 0.998172 	 0.001653 
11660000.000 	 0.996759 	 0.003921 
11680000.000 	 0.997766 	 0.002788 
11700000.000 	 0.997734 	 0.002491 
11720000.000 	 0.998170 	 0.001741 
11740000.000 	 0.998535 	 0.001860 
11760000.000 	 0.998038 	 0.002174 
11780000.000 	 0.998441 	 0.002420 
11800000.000 	 0.998853 	 0.001701 
11820000.000 	 0.998517 	 0.001660 
11840000.000 	 0.997341 	 0.003641 
11860000.000 	 0.998876 	 0.001019 
11880000.000 	 0.998276 	 0.001718 
11900000.000 	 0.998355 	 0.001779 
11920000.000 	 0.996341 	 0.003490 
11940000.000 	 0.997985 	 0.002115 
11960000.000 	 0.998640 	 0.001162 
11980000.000 	 0.998431 	 0.001776 
12000000.000 	 0.998217 	 0.001766 
12020000.000 	 0.999012 	 0.001015 
12040000.000 	 0.998659 	 0.001179 
12060000.000 	 0.998603 	 0.001352 
12080000.000 	 0.996536 	 0.002989 
12100000.000 	 0.998409 	 0.001397 
12120000.000 	 0.997716 	 0.002485 
12140000.000 	 0.998109 	 0.002195 
12160000.000 	 0.997837 	 0.002832 
12180000.000 	 0.998228 	 0.002674 
12200000.000 	 0.998666 	 0.001304 
12220000.000 	 0.998949 	 0.001634 
12240000.000 	 0.998032 	 0.002620 
12260000.000 	 0.998614 	 0.002841 
12280000.000 	 0.997443 	 0.003580 
12300000.000 	 0.997357 	 0.004538 
12320000.000 	 0.997079 	 0.004020 
12340000.000 	 0.997717 	 0.001939 
12360000.000 	 0.997679 	 0.003348 
12380000.000 	 0.997865 	 0.002898 
12400000.000 	 0.997981 	 0.002285 
12420000.000 	 0.998491 	 0.001466 
12440000.000 	 0.998491 	 0.001674 
12460000.000 	 0.998832 	 0.001399 
12480000.000 	 0.997777 	 0.003516 
12500000.000 	 0.997828 	 0.002137 
12520000.000 	 0.998514 	 0.001693 
12540000.000 	 0.998421 	 0.001734 
12560000.000 	 0.998051 	 0.002071 
12580000.000 	 0.997867 	 0.002995 
12600000.000 	 0.998929 	 0.001035 
12620000.000 	 0.998386 	 0.001963 
12640000.000 	 0.998991 	 0.000939 
12660000.000 	 0.997785 	 0.002947 
12680000.000 	 0.998936 	 0.000884 
12700000.000 	 0.996606 	 0.003802 
12720000.000 	 0.997181 	 0.002875 
12740000.000 	 0.998889 	 0.001033 
12760000.000 	 0.998403 	 0.001795 
12780000.000 	 0.997915 	 0.002147 
12800000.000 	 0.998034 	 0.002021 
12820000.000 	 0.996618 	 0.003776 
12840000.000 	 0.997513 	 0.002420 
12860000.000 	 0.998663 	 0.001334 
12880000.000 	 0.999117 	 0.000788 
12900000.000 	 0.998627 	 0.001069 
12920000.000 	 0.998128 	 0.001389 
12940000.000 	 0.999169 	 0.000759 
12960000.000 	 0.997697 	 0.002728 
12980000.000 	 0.997405 	 0.002698 
13000000.000 	 0.997648 	 0.002467 
13020000.000 	 0.998284 	 0.001797 
13040000.000 	 0.998377 	 0.001972 
13060000.000 	 0.998131 	 0.003291 
13080000.000 	 0.998681 	 0.001145 
13100000.000 	 0.998103 	 0.003062 
13120000.000 	 0.998518 	 0.001674 
13140000.000 	 0.998000 	 0.001853 
13160000.000 	 0.997139 	 0.002972 
13180000.000 	 0.997957 	 0.002330 
13200000.000 	 0.997838 	 0.004024 
13220000.000 	 0.999025 	 0.000951 
13240000.000 	 0.998349 	 0.001442 
13260000.000 	 0.998238 	 0.002157 
13280000.000 	 0.998172 	 0.002481 
13300000.000 	 0.998400 	 0.002065 
13320000.000 	 0.997964 	 0.002651 
13340000.000 	 0.996989 	 0.002678 
13360000.000 	 0.997655 	 0.002077 
13380000.000 	 0.998164 	 0.001550 
13400000.000 	 0.997790 	 0.003216 
13420000.000 	 0.998826 	 0.001105 
13440000.000 	 0.998199 	 0.001520 
13460000.000 	 0.997480 	 0.003563 
13480000.000 	 0.998312 	 0.001826 
13500000.000 	 0.997223 	 0.002854 
13520000.000 	 0.997302 	 0.002961 
13540000.000 	 0.997480 	 0.002653 
13560000.000 	 0.997368 	 0.002925 
13580000.000 	 0.997278 	 0.002504 
13600000.000 	 0.998583 	 0.001979 
13620000.000 	 0.998590 	 0.001217 
13640000.000 	 0.998546 	 0.001318 
13660000.000 	 0.999156 	 0.001024 
13680000.000 	 0.998125 	 0.002977 
13700000.000 	 0.998656 	 0.001347 
13720000.000 	 0.997033 	 0.003295 
13740000.000 	 0.998837 	 0.001407 
13760000.000 	 0.997869 	 0.002869 
13780000.000 	 0.997675 	 0.002500 
13800000.000 	 0.997759 	 0.002162 
13820000.000 	 0.996909 	 0.002778 
13840000.000 	 0.997633 	 0.001795 
13860000.000 	 0.997163 	 0.003168 
13880000.000 	 0.998418 	 0.001543 
13900000.000 	 0.997620 	 0.002298 
13920000.000 	 0.998647 	 0.001264 
13940000.000 	 0.998338 	 0.001224 
13960000.000 	 0.998267 	 0.001290 
13980000.000 	 0.998186 	 0.001746 
14000000.000 	 0.998532 	 0.001362 
14020000.000 	 0.998554 	 0.001077 
14040000.000 	 0.998644 	 0.001248 
14060000.000 	 0.997780 	 0.002242 
14080000.000 	 0.997674 	 0.004475 
14100000.000 	 0.998154 	 0.001954 
14120000.000 	 0.997984 	 0.002187 
14140000.000 	 0.996793 	 0.002891 
14160000.000 	 0.995885 	 0.004315 
14180000.000 	 0.997964 	 0.004084 
14200000.000 	 0.998480 	 0.001740 
14220000.000 	 0.998763 	 0.001381 
14240000.000 	 0.998403 	 0.002310 
14260000.000 	 0.997076 	 0.003041 
14280000.000 	 0.998632 	 0.001063 
14300000.000 	 0.998989 	 0.000962 
14320000.000 	 0.998119 	 0.002272 
14340000.000 	 0.998612 	 0.001457 
14360000.000 	 0.997364 	 0.002873 
14380000.000 	 0.998391 	 0.001626 
14400000.000 	 0.997186 	 0.003302 
14420000.000 	 0.996617 	 0.004551 
14440000.000 	 0.997652 	 0.002436 
14460000.000 	 0.998154 	 0.002212 
14480000.000 	 0.998637 	 0.001279 
14500000.000 	 0.998832 	 0.001050 
14520000.000 	 0.998656 	 0.001337 
14540000.000 	 0.997217 	 0.002895 
14560000.000 	 0.997470 	 0.002663 
14580000.000 	 0.997584 	 0.002049 
14600000.000 	 0.998459 	 0.001416 
14620000.000 	 0.998098 	 0.001812 
14640000.000 	 0.998528 	 0.001486 
14660000.000 	 0.998226 	 0.001936 
14680000.000 	 0.999112 	 0.000800 
14700000.000 	 0.997811 	 0.001935 
14720000.000 	 0.996388 	 0.004118 
14740000.000 	 0.996597 	 0.003829 
14760000.000 	 0.998202 	 0.002604 
14780000.000 	 0.995647 	 0.004049 
14800000.000 	 0.995708 	 0.003596 
14820000.000 	 0.997919 	 0.002308 
14840000.000 	 0.997655 	 0.003068 
14860000.000 	 0.997895 	 0.002830 
14880000.000 	 0.997896 	 0.002730 
14900000.000 	 0.997989 	 0.002081 
14920000.000 	 0.998559 	 0.001522 
14940000.000 	 0.997958 	 0.002296 
14960000.000 	 0.997848 	 0.001500 
14980000.000 	 0.998795 	 0.001378 
15000000.000 	 0.998242 	 0.004591 
15020000.000 	 0.998150 	 0.002201 
15040000.000 	 0.997361 	 0.002806 
15060000.000 	 0.996227 	 0.003994 
15080000.000 	 0.998839 	 0.001120 
15100000.000 	 0.998110 	 0.002241 
15120000.000 	 0.998394 	 0.001891 
15140000.000 	 0.998246 	 0.001712 
15160000.000 	 0.997008 	 0.003166 
15180000.000 	 0.998464 	 0.001724 
15200000.000 	 0.998186 	 0.001746 
15220000.000 	 0.998375 	 0.001403 
15240000.000 	 0.998447 	 0.001377 
15260000.000 	 0.998327 	 0.001745 
15280000.000 	 0.997736 	 0.002221 
15300000.000 	 0.998061 	 0.001969 
15320000.000 	 0.998299 	 0.002147 
15340000.000 	 0.997232 	 0.002819 
15360000.000 	 0.997181 	 0.002946 
15380000.000 	 0.997629 	 0.002427 
15400000.000 	 0.997738 	 0.001994 
15420000.000 	 0.996220 	 0.003694 
15440000.000 	 0.997581 	 0.001898 
15460000.000 	 0.998432 	 0.001743 
15480000.000 	 0.997819 	 0.002868 
15500000.000 	 0.998536 	 0.001391 
15520000.000 	 0.997967 	 0.002259 
15540000.000 	 0.998071 	 0.001571 
15560000.000 	 0.998396 	 0.001583 
15580000.000 	 0.998172 	 0.002616 
15600000.000 	 0.998659 	 0.001120 
15620000.000 	 0.997381 	 0.002977 
15640000.000 	 0.998522 	 0.001623 
15660000.000 	 0.998071 	 0.001698 
15680000.000 	 0.998477 	 0.001407 
15700000.000 	 0.998355 	 0.002073 
15720000.000 	 0.998502 	 0.001313 
15740000.000 	 0.996415 	 0.003523 
15760000.000 	 0.998795 	 0.001069 
15780000.000 	 0.998437 	 0.002180 
15800000.000 	 0.997849 	 0.001660 
15820000.000 	 0.997953 	 0.001859 
15840000.000 	 0.998097 	 0.001997 
15860000.000 	 0.998325 	 0.001585 
15880000.000 	 0.998441 	 0.001926 
15900000.000 	 0.996694 	 0.003773 
15920000.000 	 0.998452 	 0.001456 
15940000.000 	 0.997065 	 0.002202 
15960000.000 	 0.998155 	 0.002052 
15980000.000 	 0.998430 	 0.001831 
16000000.000 	 0.998064 	 0.002014 
16020000.000 	 0.998559 	 0.001658 
16040000.000 	 0.996932 	 0.003458 
16060000.000 	 0.997791 	 0.001684 
16080000.000 	 0.998234 	 0.001652 
16100000.000 	 0.998321 	 0.001650 
16120000.000 	 0.998925 	 0.001097 
16140000.000 	 0.998712 	 0.001567 
16160000.000 	 0.997955 	 0.002202 
16180000.000 	 0.997621 	 0.002543 
16200000.000 	 0.997171 	 0.004166 
16220000.000 	 0.998436 	 0.002146 
16240000.000 	 0.998589 	 0.001596 
16260000.000 	 0.997662 	 0.002787 
16280000.000 	 0.999032 	 0.000856 
16300000.000 	 0.998838 	 0.001310 
16320000.000 	 0.998502 	 0.001720 
16340000.000 	 0.998313 	 0.001774 
16360000.000 	 0.998116 	 0.002500 
16380000.000 	 0.998376 	 0.001806 
16400000.000 	 0.998284 	 0.002217 
16420000.000 	 0.998103 	 0.001613 
16440000.000 	 0.998233 	 0.001772 
16460000.000 	 0.997820 	 0.002020 
16480000.000 	 0.997139 	 0.003539 
16500000.000 	 0.997970 	 0.001777 
16520000.000 	 0.997767 	 0.002875 
16540000.000 	 0.997740 	 0.002774 
16560000.000 	 0.997698 	 0.002957 
16580000.000 	 0.998243 	 0.001238 
16600000.000 	 0.997289 	 0.002173 
16620000.000 	 0.998065 	 0.003715 
16640000.000 	 0.998947 	 0.001061 
16660000.000 	 0.998114 	 0.002405 
16680000.000 	 0.997506 	 0.002552 
16700000.000 	 0.997460 	 0.003416 
16720000.000 	 0.998197 	 0.003269 
16740000.000 	 0.998226 	 0.001734 
16760000.000 	 0.998054 	 0.003435 
16780000.000 	 0.998317 	 0.001997 
16800000.000 	 0.996451 	 0.002926 
16820000.000 	 0.997817 	 0.001705 
16840000.000 	 0.997677 	 0.003025 
16860000.000 	 0.997550 	 0.003389 
16880000.000 	 0.998662 	 0.002573 
16900000.000 	 0.998554 	 0.001512 
16920000.000 	 0.998306 	 0.001731 
16940000.000 	 0.996600 	 0.003471 
16960000.000 	 0.998533 	 0.001627 
16980000.000 	 0.998055 	 0.002190 
17000000.000 	 0.996305 	 0.005004 
17020000.000 	 0.997340 	 0.003056 
17040000.000 	 0.997469 	 0.003201 
17060000.000 	 0.997982 	 0.002680 
17080000.000 	 0.998665 	 0.001686 
17100000.000 	 0.997312 	 0.003206 
17120000.000 	 0.996973 	 0.003513 
17140000.000 	 0.997892 	 0.003733 
17160000.000 	 0.997821 	 0.002187 
17180000.000 	 0.997713 	 0.002240 
17200000.000 	 0.998653 	 0.001774 
17220000.000 	 0.998598 	 0.002345 
17240000.000 	 0.997070 	 0.003293 
17260000.000 	 0.997111 	 0.002310 
17280000.000 	 0.997904 	 0.001999 
17300000.000 	 0.998377 	 0.001873 
17320000.000 	 0.998762 	 0.001659 
17340000.000 	 0.996629 	 0.003476 
17360000.000 	 0.995487 	 0.004150 
17380000.000 	 0.998340 	 0.001632 
17400000.000 	 0.996870 	 0.004091 
17420000.000 	 0.997895 	 0.002797 
17440000.000 	 0.997593 	 0.002941 
17460000.000 	 0.998774 	 0.001267 
17480000.000 	 0.998505 	 0.001854 
17500000.000 	 0.998550 	 0.001897 
17520000.000 	 0.998926 	 0.001100 
17540000.000 	 0.997997 	 0.002486 
17560000.000 	 0.997564 	 0.002698 
17580000.000 	 0.998146 	 0.001919 
17600000.000 	 0.997120 	 0.003142 
17620000.000 	 0.997459 	 0.002275 
17640000.000 	 0.997248 	 0.002474 
17660000.000 	 0.996958 	 0.006808 
17680000.000 	 0.996106 	 0.007916 
17700000.000 	 0.997784 	 0.004495 
17720000.000 	 0.998093 	 0.001823 
17740000.000 	 0.998049 	 0.001838 
17760000.000 	 0.998660 	 0.001605 
17780000.000 	 0.993771 	 0.006897 
17800000.000 	 0.996887 	 0.003540 
17820000.000 	 0.997140 	 0.003003 
17840000.000 	 0.997756 	 0.002272 
17860000.000 	 0.997637 	 0.002452 
17880000.000 	 0.998791 	 0.001014 
17900000.000 	 0.997570 	 0.003011 
17920000.000 	 0.998790 	 0.001241 
17940000.000 	 0.997925 	 0.001880 
17960000.000 	 0.997916 	 0.002211 
17980000.000 	 0.998624 	 0.001563 
18000000.000 	 0.997088 	 0.003175 
18020000.000 	 0.998379 	 0.001625 
18040000.000 	 0.997647 	 0.002562 
18060000.000 	 0.998201 	 0.001360 
18080000.000 	 0.998646 	 0.002010 
18100000.000 	 0.997064 	 0.002791 
18120000.000 	 0.997328 	 0.002209 
18140000.000 	 0.998341 	 0.001653 
18160000.000 	 0.996892 	 0.002951 
18180000.000 	 0.998287 	 0.001726 
18200000.000 	 0.998627 	 0.002361 
18220000.000 	 0.997261 	 0.005172 
18240000.000 	 0.997074 	 0.003342 
18260000.000 	 0.998619 	 0.001627 
18280000.000 	 0.998794 	 0.002492 
18300000.000 	 0.997187 	 0.002653 
18320000.000 	 0.997638 	 0.002005 
18340000.000 	 0.997753 	 0.002323 
18360000.000 	 0.998046 	 0.002697 
18380000.000 	 0.998348 	 0.001426 
18400000.000 	 0.998360 	 0.002431 
18420000.000 	 0.998723 	 0.001921 
18440000.000 	 0.998109 	 0.001906 
18460000.000 	 0.996356 	 0.003133 
18480000.000 	 0.998243 	 0.001761 
18500000.000 	 0.998588 	 0.001364 
18520000.000 	 0.998209 	 0.001872 
18540000.000 	 0.997490 	 0.002520 
18560000.000 	 0.998905 	 0.001601 
18580000.000 	 0.997510 	 0.002039 
18600000.000 	 0.997666 	 0.002133 
18620000.000 	 0.997610 	 0.002182 
18640000.000 	 0.998676 	 0.001787 
18660000.000 	 0.998044 	 0.002432 
18680000.000 	 0.996239 	 0.005807 
18700000.000 	 0.998219 	 0.002170 
18720000.000 	 0.996825 	 0.002510 
18740000.000 	 0.997991 	 0.001937 
18760000.000 	 0.998447 	 0.001658 
18780000.000 	 0.998107 	 0.002143 
18800000.000 	 0.998507 	 0.001900 
18820000.000 	 0.997972 	 0.001934 
18840000.000 	 0.998000 	 0.002099 
18860000.000 	 0.997536 	 0.002332 
18880000.000 	 0.998539 	 0.001728 
18900000.000 	 0.998347 	 0.001650 
18920000.000 	 0.996726 	 0.003083 
18940000.000 	 0.996749 	 0.003886 
18960000.000 	 0.997807 	 0.002488 
18980000.000 	 0.997085 	 0.002620 
19000000.000 	 0.998407 	 0.001936 
19020000.000 	 0.998826 	 0.001432 
19040000.000 	 0.997459 	 0.001548 
19060000.000 	 0.999081 	 0.000989 
19080000.000 	 0.998212 	 0.002468 
19100000.000 	 0.998943 	 0.001208 
19120000.000 	 0.998601 	 0.001918 
19140000.000 	 0.997522 	 0.003343 
19160000.000 	 0.998014 	 0.002363 
19180000.000 	 0.997758 	 0.002128 
19200000.000 	 0.998617 	 0.001578 
19220000.000 	 0.996527 	 0.004208 
19240000.000 	 0.996820 	 0.003207 
19260000.000 	 0.998209 	 0.001936 
19280000.000 	 0.997966 	 0.002751 
19300000.000 	 0.997692 	 0.001890 
19320000.000 	 0.996593 	 0.006642 
19340000.000 	 0.999200 	 0.000700 
19360000.000 	 0.998373 	 0.002172 
19380000.000 	 0.997544 	 0.002116 
19400000.000 	 0.996960 	 0.003335 
19420000.000 	 0.998557 	 0.001571 
19440000.000 	 0.996921 	 0.002438 
19460000.000 	 0.998394 	 0.001542 
19480000.000 	 0.999004 	 0.001022 
19500000.000 	 0.998675 	 0.001861 
19520000.000 	 0.996293 	 0.004403 
19540000.000 	 0.997636 	 0.002258 
19560000.000 	 0.997672 	 0.003433 
19580000.000 	 0.997653 	 0.002656 
19600000.000 	 0.998166 	 0.001960 
19620000.000 	 0.997863 	 0.002432 
19640000.000 	 0.997073 	 0.005366 
19660000.000 	 0.998378 	 0.002247 
19680000.000 	 0.998687 	 0.002084 
19700000.000 	 0.997478 	 0.002456 
19720000.000 	 0.998319 	 0.001432 
19740000.000 	 0.997626 	 0.002383 
19760000.000 	 0.997840 	 0.001871 
19780000.000 	 0.997519 	 0.002666 
19800000.000 	 0.998795 	 0.001195 
19820000.000 	 0.998383 	 0.001443 
19840000.000 	 0.997226 	 0.002123 
19860000.000 	 0.998736 	 0.001391 
19880000.000 	 0.995965 	 0.004336 
19900000.000 	 0.996546 	 0.004627 
19920000.000 	 0.998427 	 0.001963 
19940000.000 	 0.997370 	 0.002696 
19960000.000 	 0.997781 	 0.002586 
19980000.000 	 0.998814 	 0.001052 
20000000.000 	 0.997374 	 0.002036 
20020000.000 	 0.998047 	 0.001701 
20040000.000 	 0.997581 	 0.002989 
20060000.000 	 0.998783 	 0.001234 
20080000.000 	 0.997658 	 0.002278 
20100000.000 	 0.998739 	 0.001275 
20120000.000 	 0.997672 	 0.002343 
20140000.000 	 0.998463 	 0.001922 
20160000.000 	 0.995725 	 0.004569 
20180000.000 	 0.995553 	 0.004367 
20200000.000 	 0.997405 	 0.003461 
20220000.000 	 0.998278 	 0.001849 
20240000.000 	 0.997584 	 0.002345 
20260000.000 	 0.998085 	 0.001851 
20280000.000 	 0.998151 	 0.001754 
20300000.000 	 0.997789 	 0.001990 
20320000.000 	 0.998002 	 0.002248 
20340000.000 	 0.997919 	 0.004050 
20360000.000 	 0.998688 	 0.001456 
20380000.000 	 0.996921 	 0.002969 
20400000.000 	 0.998176 	 0.001253 
20420000.000 	 0.998293 	 0.001674 
20440000.000 	 0.997719 	 0.002302 
20460000.000 	 0.998350 	 0.001473 
20480000.000 	 0.998578 	 0.001161 
20500000.000 	 0.998311 	 0.001746 
20520000.000 	 0.998050 	 0.001602 
20540000.000 	 0.997643 	 0.002056 
20560000.000 	 0.997486 	 0.002999 
20580000.000 	 0.998155 	 0.004006 
20600000.000 	 0.998018 	 0.001925 
20620000.000 	 0.997748 	 0.002987 
20640000.000 	 0.998746 	 0.001484 
20660000.000 	 0.999160 	 0.000752 
20680000.000 	 0.998224 	 0.003568 
20700000.000 	 0.998279 	 0.002381 
20720000.000 	 0.998527 	 0.001309 
20740000.000 	 0.998316 	 0.001665 
20760000.000 	 0.998235 	 0.001838 
20780000.000 	 0.998953 	 0.001154 
20800000.000 	 0.998639 	 0.001706 
20820000.000 	 0.998220 	 0.001337 
20840000.000 	 0.998575 	 0.001269 
20860000.000 	 0.998959 	 0.001211 
20880000.000 	 0.998872 	 0.001158 
20900000.000 	 0.998086 	 0.001886 
20920000.000 	 0.997906 	 0.002142 
20940000.000 	 0.998681 	 0.001050 
20960000.000 	 0.997476 	 0.002959 
20980000.000 	 0.997208 	 0.003240 
21000000.000 	 0.997994 	 0.001885 
21020000.000 	 0.998504 	 0.001812 
21040000.000 	 0.998164 	 0.001761 
21060000.000 	 0.998748 	 0.001352 
21080000.000 	 0.999307 	 0.000789 
21100000.000 	 0.998847 	 0.001138 
21120000.000 	 0.998721 	 0.000982 
21140000.000 	 0.998874 	 0.001614 
21160000.000 	 0.998327 	 0.001856 
21180000.000 	 0.998656 	 0.001373 
21200000.000 	 0.997807 	 0.001530 
21220000.000 	 0.998600 	 0.001529 
21240000.000 	 0.998346 	 0.001420 
21260000.000 	 0.998418 	 0.001828 
21280000.000 	 0.997407 	 0.003465 
21300000.000 	 0.997106 	 0.002234 
21320000.000 	 0.996382 	 0.002499 
21340000.000 	 0.998375 	 0.002120 
21360000.000 	 0.997773 	 0.002363 
21380000.000 	 0.998667 	 0.001353 
21400000.000 	 0.998353 	 0.002063 
21420000.000 	 0.998157 	 0.001432 
21440000.000 	 0.998429 	 0.001501 
21460000.000 	 0.998328 	 0.001302 
21480000.000 	 0.998160 	 0.001232 
21500000.000 	 0.998065 	 0.002097 
21520000.000 	 0.998015 	 0.002162 
21540000.000 	 0.998471 	 0.001603 
21560000.000 	 0.997655 	 0.002293 
21580000.000 	 0.995474 	 0.004218 
21600000.000 	 0.997685 	 0.002532 
21620000.000 	 0.998804 	 0.001385 
21640000.000 	 0.997410 	 0.002365 
21660000.000 	 0.998090 	 0.001681 
21680000.000 	 0.998100 	 0.001940 
21700000.000 	 0.997998 	 0.002781 
21720000.000 	 0.999125 	 0.000766 
21740000.000 	 0.998530 	 0.001763 
21760000.000 	 0.998313 	 0.001519 
21780000.000 	 0.997862 	 0.002192 
21800000.000 	 0.997485 	 0.001608 
21820000.000 	 0.998155 	 0.002081 
21840000.000 	 0.998819 	 0.001268 
21860000.000 	 0.998738 	 0.000973 
21880000.000 	 0.997894 	 0.002535 
21900000.000 	 0.998839 	 0.000907 
21920000.000 	 0.997846 	 0.001940 
21940000.000 	 0.997983 	 0.002492 
21960000.000 	 0.998394 	 0.001966 
21980000.000 	 0.998541 	 0.001412 
22000000.000 	 0.998618 	 0.001576 
22020000.000 	 0.998781 	 0.001365 
22040000.000 	 0.997638 	 0.002047 
22060000.000 	 0.998582 	 0.001939 
22080000.000 	 0.998039 	 0.002458 
22100000.000 	 0.998546 	 0.001152 
22120000.000 	 0.998178 	 0.001776 
22140000.000 	 0.998349 	 0.001298 
22160000.000 	 0.997719 	 0.002592 
22180000.000 	 0.996787 	 0.002161 
22200000.000 	 0.998230 	 0.001640 
22220000.000 	 0.996760 	 0.003597 
22240000.000 	 0.998344 	 0.002352 
22260000.000 	 0.998344 	 0.002136 
22280000.000 	 0.998937 	 0.001138 
22300000.000 	 0.998276 	 0.001508 
22320000.000 	 0.997935 	 0.002138 
22340000.000 	 0.998201 	 0.002702 
22360000.000 	 0.998552 	 0.001399 
22380000.000 	 0.999064 	 0.000984 
22400000.000 	 0.998778 	 0.001077 
22420000.000 	 0.998958 	 0.000999 
22440000.000 	 0.998368 	 0.001475 
22460000.000 	 0.997999 	 0.001856 
22480000.000 	 0.998491 	 0.001454 
22500000.000 	 0.998011 	 0.002779 
22520000.000 	 0.998750 	 0.001093 
22540000.000 	 0.998332 	 0.001647 
22560000.000 	 0.998341 	 0.001511 
22580000.000 	 0.997541 	 0.003050 
22600000.000 	 0.998417 	 0.001646 
22620000.000 	 0.997904 	 0.002061 
22640000.000 	 0.997993 	 0.002201 
22660000.000 	 0.996719 	 0.002966 
22680000.000 	 0.999050 	 0.001123 
22700000.000 	 0.998666 	 0.001434 
22720000.000 	 0.998439 	 0.001576 
22740000.000 	 0.997452 	 0.002460 
22760000.000 	 0.999103 	 0.000945 
22780000.000 	 0.998457 	 0.001873 
22800000.000 	 0.995876 	 0.003087 
22820000.000 	 0.997806 	 0.003307 
22840000.000 	 0.998769 	 0.001401 
22860000.000 	 0.998737 	 0.001309 
22880000.000 	 0.997381 	 0.003151 
22900000.000 	 0.998594 	 0.001717 
22920000.000 	 0.998241 	 0.001633 
22940000.000 	 0.998227 	 0.001763 
22960000.000 	 0.998931 	 0.000964 
22980000.000 	 0.997762 	 0.003263 
23000000.000 	 0.998550 	 0.001303 
23020000.000 	 0.998625 	 0.001497 
23040000.000 	 0.997124 	 0.003648 
23060000.000 	 0.998367 	 0.001858 
23080000.000 	 0.996436 	 0.003520 
23100000.000 	 0.997660 	 0.002151 
23120000.000 	 0.998485 	 0.001608 
23140000.000 	 0.997692 	 0.002150 
23160000.000 	 0.998486 	 0.001802 
23180000.000 	 0.997554 	 0.003834 
23200000.000 	 0.996617 	 0.002613 
23220000.000 	 0.997634 	 0.002833 
23240000.000 	 0.998676 	 0.001128 
23260000.000 	 0.999151 	 0.001270 
23280000.000 	 0.998841 	 0.001205 
23300000.000 	 0.997823 	 0.002553 
23320000.000 	 0.998223 	 0.001652 
23340000.000 	 0.997535 	 0.002513 
23360000.000 	 0.999566 	 0.000368 
23380000.000 	 0.998346 	 0.001521 
23400000.000 	 0.998525 	 0.001632 
23420000.000 	 0.998606 	 0.001499 
23440000.000 	 0.998095 	 0.001818 
23460000.000 	 0.999301 	 0.001003 
23480000.000 	 0.999035 	 0.001319 
23500000.000 	 0.997027 	 0.004118 
23520000.000 	 0.998577 	 0.001008 
23540000.000 	 0.998971 	 0.001099 
23560000.000 	 0.998664 	 0.001156 
23580000.000 	 0.997315 	 0.002826 
23600000.000 	 0.997551 	 0.002458 
23620000.000 	 0.998128 	 0.001926 
23640000.000 	 0.997932 	 0.001854 
23660000.000 	 0.998525 	 0.001800 
23680000.000 	 0.996716 	 0.007398 
23700000.000 	 0.998550 	 0.001620 
23720000.000 	 0.997486 	 0.002054 
23740000.000 	 0.997688 	 0.002855 
23760000.000 	 0.998173 	 0.002833 
23780000.000 	 0.997990 	 0.001652 
23800000.000 	 0.999167 	 0.000895 
23820000.000 	 0.998466 	 0.001457 
23840000.000 	 0.997499 	 0.002637 
23860000.000 	 0.998223 	 0.003916 
23880000.000 	 0.998141 	 0.002294 
23900000.000 	 0.997248 	 0.002664 
23920000.000 	 0.997113 	 0.001951 
23940000.000 	 0.997938 	 0.001646 
23960000.000 	 0.998326 	 0.001601 
23980000.000 	 0.999057 	 0.000897 
24000000.000 	 0.998257 	 0.001834 
24020000.000 	 0.998777 	 0.001370 
24040000.000 	 0.998516 	 0.002084 
24060000.000 	 0.998314 	 0.001423 
24080000.000 	 0.998807 	 0.001206 
24100000.000 	 0.997720 	 0.003162 
24120000.000 	 0.998860 	 0.001007 
24140000.000 	 0.997545 	 0.003514 
24160000.000 	 0.997741 	 0.003374 
24180000.000 	 0.998066 	 0.001686 
24200000.000 	 0.997935 	 0.002419 
24220000.000 	 0.998766 	 0.001677 
24240000.000 	 0.998356 	 0.001893 
24260000.000 	 0.998640 	 0.001374 
24280000.000 	 0.997793 	 0.001812 
24300000.000 	 0.997004 	 0.003667 
24320000.000 	 0.998349 	 0.001825 
24340000.000 	 0.998528 	 0.001203 
24360000.000 	 0.998746 	 0.001071 
24380000.000 	 0.997597 	 0.002290 
24400000.000 	 0.995844 	 0.003742 
24420000.000 	 0.997906 	 0.001535 
24440000.000 	 0.998560 	 0.001526 
24460000.000 	 0.998705 	 0.001169 
24480000.000 	 0.999036 	 0.000907 
24500000.000 	 0.998480 	 0.001305 
24520000.000 	 0.998159 	 0.001344 
24540000.000 	 0.998938 	 0.001047 
24560000.000 	 0.998785 	 0.001423 
24580000.000 	 0.997344 	 0.002079 
24600000.000 	 0.997932 	 0.001689 
24620000.000 	 0.996490 	 0.003197 
24640000.000 	 0.997725 	 0.003013 
24660000.000 	 0.998914 	 0.001126 
24680000.000 	 0.998595 	 0.001721 
24700000.000 	 0.998974 	 0.001081 
24720000.000 	 0.998733 	 0.001550 
24740000.000 	 0.997695 	 0.002490 
24760000.000 	 0.998619 	 0.001461 
24780000.000 	 0.998367 	 0.001632 
24800000.000 	 0.998110 	 0.001642 
24820000.000 	 0.998000 	 0.003023 
24840000.000 	 0.997232 	 0.002912 
24860000.000 	 0.998392 	 0.001278 
24880000.000 	 0.998082 	 0.001561 
24900000.000 	 0.998469 	 0.001484 
24920000.000 	 0.998790 	 0.001162 
24940000.000 	 0.997774 	 0.002424 
24960000.000 	 0.997518 	 0.002939 
24980000.000 	 0.997934 	 0.001705 
25000000.000 	 0.997221 	 0.003348 
25020000.000 	 0.998845 	 0.001438 
25040000.000 	 0.997944 	 0.003356 
25060000.000 	 0.998907 	 0.001018 
25080000.000 	 0.998330 	 0.001549 
25100000.000 	 0.997850 	 0.001886 
25120000.000 	 0.998407 	 0.001222 
25140000.000 	 0.998678 	 0.001357 
25160000.000 	 0.998941 	 0.001239 
25180000.000 	 0.997749 	 0.001831 
25200000.000 	 0.997391 	 0.002057 
25220000.000 	 0.998879 	 0.000944 
25240000.000 	 0.997965 	 0.002234 
25260000.000 	 0.998356 	 0.001633 
25280000.000 	 0.997588 	 0.002071 
25300000.000 	 0.998189 	 0.001634 
25320000.000 	 0.998630 	 0.001508 
25340000.000 	 0.997687 	 0.002217 
25360000.000 	 0.998248 	 0.001695 
25380000.000 	 0.998976 	 0.001329 
25400000.000 	 0.998478 	 0.001294 
25420000.000 	 0.998528 	 0.001217 
25440000.000 	 0.998610 	 0.001161 
25460000.000 	 0.997657 	 0.002126 
25480000.000 	 0.998362 	 0.002246 
25500000.000 	 0.998077 	 0.002094 
25520000.000 	 0.998523 	 0.001355 
25540000.000 	 0.996684 	 0.002166 
25560000.000 	 0.997903 	 0.002643 
25580000.000 	 0.997942 	 0.002172 
25600000.000 	 0.998126 	 0.001542 
25620000.000 	 0.997553 	 0.002301 
25640000.000 	 0.998771 	 0.001864 
25660000.000 	 0.998693 	 0.002149 
25680000.000 	 0.997505 	 0.002456 
25700000.000 	 0.996559 	 0.002949 
25720000.000 	 0.998202 	 0.001839 
25740000.000 	 0.998027 	 0.001762 
25760000.000 	 0.997539 	 0.002299 
25780000.000 	 0.998447 	 0.001599 
25800000.000 	 0.998216 	 0.001741 
25820000.000 	 0.998092 	 0.002296 
25840000.000 	 0.998392 	 0.001778 
25860000.000 	 0.997593 	 0.002328 
25880000.000 	 0.998692 	 0.001252 
25900000.000 	 0.998311 	 0.001993 
25920000.000 	 0.998402 	 0.001494 
25940000.000 	 0.998870 	 0.001255 
25960000.000 	 0.997814 	 0.002775 
25980000.000 	 0.999096 	 0.000763 
26000000.000 	 0.997904 	 0.002404 
26020000.000 	 0.998133 	 0.001474 
26040000.000 	 0.998599 	 0.001660 
26060000.000 	 0.998457 	 0.001452 
26080000.000 	 0.998363 	 0.001996 
26100000.000 	 0.997990 	 0.002175 
26120000.000 	 0.996700 	 0.003160 
26140000.000 	 0.997334 	 0.002658 
26160000.000 	 0.997524 	 0.002192 
26180000.000 	 0.997779 	 0.002232 
26200000.000 	 0.998409 	 0.001615 
26220000.000 	 0.998822 	 0.001486 
26240000.000 	 0.998792 	 0.001394 
26260000.000 	 0.997241 	 0.001937 
26280000.000 	 0.997390 	 0.002066 
26300000.000 	 0.998526 	 0.001352 
26320000.000 	 0.998070 	 0.002027 
26340000.000 	 0.996409 	 0.005067 
26360000.000 	 0.998016 	 0.002086 
26380000.000 	 0.998228 	 0.001533 
26400000.000 	 0.998618 	 0.001731 
26420000.000 	 0.996909 	 0.003132 
26440000.000 	 0.997450 	 0.003153 
26460000.000 	 0.998472 	 0.001829 
26480000.000 	 0.998974 	 0.001104 
26500000.000 	 0.999044 	 0.000717 
26520000.000 	 0.998566 	 0.001488 
26540000.000 	 0.998953 	 0.001186 
26560000.000 	 0.997571 	 0.002463 
26580000.000 	 0.998846 	 0.001160 
26600000.000 	 0.998796 	 0.001077 
26620000.000 	 0.998967 	 0.001156 
26640000.000 	 0.997954 	 0.002244 
26660000.000 	 0.998305 	 0.002016 
26680000.000 	 0.998129 	 0.002250 
26700000.000 	 0.998306 	 0.001583 
26720000.000 	 0.998102 	 0.001670 
26740000.000 	 0.998624 	 0.001358 
26760000.000 	 0.997870 	 0.002476 
26780000.000 	 0.997573 	 0.002229 
26800000.000 	 0.998346 	 0.002061 
26820000.000 	 0.997144 	 0.002607 
26840000.000 	 0.998996 	 0.000813 
26860000.000 	 0.997796 	 0.002693 
26880000.000 	 0.997505 	 0.002371 
26900000.000 	 0.998569 	 0.001769 
26920000.000 	 0.997805 	 0.001589 
26940000.000 	 0.998198 	 0.002294 
26960000.000 	 0.998873 	 0.000998 
26980000.000 	 0.998264 	 0.001940 
27000000.000 	 0.998095 	 0.001640 
27020000.000 	 0.996467 	 0.003002 
27040000.000 	 0.998342 	 0.001622 
27060000.000 	 0.998086 	 0.001669 
27080000.000 	 0.998702 	 0.001636 
27100000.000 	 0.998403 	 0.001314 
27120000.000 	 0.998001 	 0.001661 
27140000.000 	 0.998060 	 0.001866 
27160000.000 	 0.999060 	 0.000992 
27180000.000 	 0.998586 	 0.001205 
27200000.000 	 0.998714 	 0.001493 
27220000.000 	 0.997309 	 0.002843 
27240000.000 	 0.998170 	 0.002614 
27260000.000 	 0.997344 	 0.002341 
27280000.000 	 0.998664 	 0.001774 
27300000.000 	 0.997147 	 0.002754 
27320000.000 	 0.998413 	 0.002150 
27340000.000 	 0.997354 	 0.003007 
27360000.000 	 0.998512 	 0.001538 
27380000.000 	 0.998658 	 0.001499 
27400000.000 	 0.998460 	 0.001888 
27420000.000 	 0.997375 	 0.001918 
27440000.000 	 0.998291 	 0.001957 
27460000.000 	 0.998233 	 0.001628 
27480000.000 	 0.998004 	 0.002728 
27500000.000 	 0.998194 	 0.001857 
27520000.000 	 0.998552 	 0.001506 
27540000.000 	 0.998656 	 0.001199 
27560000.000 	 0.998379 	 0.002058 
27580000.000 	 0.996336 	 0.007138 
27600000.000 	 0.996397 	 0.002548 
27620000.000 	 0.998088 	 0.001558 
27640000.000 	 0.998785 	 0.001335 
27660000.000 	 0.998186 	 0.001652 
27680000.000 	 0.998663 	 0.001326 
27700000.000 	 0.997566 	 0.002014 
27720000.000 	 0.997937 	 0.002460 
27740000.000 	 0.998663 	 0.001446 
27760000.000 	 0.998016 	 0.001363 
27780000.000 	 0.997193 	 0.003901 
27800000.000 	 0.998760 	 0.001652 
27820000.000 	 0.998577 	 0.001259 
27840000.000 	 0.998460 	 0.001577 
27860000.000 	 0.998067 	 0.002140 
27880000.000 	 0.998309 	 0.001732 
27900000.000 	 0.998643 	 0.001935 
27920000.000 	 0.998883 	 0.001258 
27940000.000 	 0.998389 	 0.001755 
27960000.000 	 0.998528 	 0.001722 
27980000.000 	 0.998437 	 0.001747 
28000000.000 	 0.998025 	 0.001672 
28020000.000 	 0.998651 	 0.001528 
28040000.000 	 0.998202 	 0.001515 
28060000.000 	 0.998924 	 0.001320 
28080000.000 	 0.998066 	 0.002314 
28100000.000 	 0.997709 	 0.004468 
28120000.000 	 0.998517 	 0.001467 
28140000.000 	 0.997223 	 0.003876 
28160000.000 	 0.998516 	 0.001770 
28180000.000 	 0.998526 	 0.001467 
28200000.000 	 0.998391 	 0.001600 
28220000.000 	 0.998453 	 0.002641 
28240000.000 	 0.998496 	 0.001659 
28260000.000 	 0.998769 	 0.001197 
28280000.000 	 0.997163 	 0.002488 
28300000.000 	 0.999174 	 0.000732 
28320000.000 	 0.997293 	 0.003039 
28340000.000 	 0.999160 	 0.000756 
28360000.000 	 0.998514 	 0.001391 
28380000.000 	 0.998976 	 0.000866 
28400000.000 	 0.997786 	 0.002013 
28420000.000 	 0.996120 	 0.002866 
28440000.000 	 0.997328 	 0.002244 
28460000.000 	 0.998512 	 0.001272 
28480000.000 	 0.997354 	 0.002793 
28500000.000 	 0.997804 	 0.001918 
28520000.000 	 0.998398 	 0.001704 
28540000.000 	 0.997675 	 0.002097 
28560000.000 	 0.998149 	 0.001557 
28580000.000 	 0.998000 	 0.002567 
28600000.000 	 0.998953 	 0.001131 
28620000.000 	 0.998301 	 0.001493 
28640000.000 	 0.998407 	 0.001280 
28660000.000 	 0.999014 	 0.001069 
28680000.000 	 0.997980 	 0.002063 
28700000.000 	 0.997702 	 0.001990 
28720000.000 	 0.998029 	 0.001726 
28740000.000 	 0.997995 	 0.001459 
28760000.000 	 0.997713 	 0.003577 
28780000.000 	 0.997462 	 0.002505 
28800000.000 	 0.996853 	 0.003483 
28820000.000 	 0.995323 	 0.005894 
28840000.000 	 0.998404 	 0.001980 
28860000.000 	 0.997763 	 0.001747 
28880000.000 	 0.998783 	 0.001011 
28900000.000 	 0.998592 	 0.001702 
28920000.000 	 0.997650 	 0.003034 
28940000.000 	 0.998294 	 0.001813 
28960000.000 	 0.998524 	 0.001717 
28980000.000 	 0.997362 	 0.002409 
29000000.000 	 0.998187 	 0.001597 
29020000.000 	 0.998060 	 0.001730 
29040000.000 	 0.998780 	 0.001542 
29060000.000 	 0.997428 	 0.002096 
29080000.000 	 0.997805 	 0.002737 
29100000.000 	 0.998143 	 0.001534 
29120000.000 	 0.997850 	 0.002489 
29140000.000 	 0.997351 	 0.003398 
29160000.000 	 0.998239 	 0.002587 
29180000.000 	 0.997974 	 0.002279 
29200000.000 	 0.997696 	 0.002235 
29220000.000 	 0.997547 	 0.003635 
29240000.000 	 0.998358 	 0.001514 
29260000.000 	 0.997980 	 0.002321 
29280000.000 	 0.998188 	 0.001440 
29300000.000 	 0.997652 	 0.002243 
29320000.000 	 0.998019 	 0.002039 
29340000.000 	 0.996962 	 0.002646 
29360000.000 	 0.997591 	 0.002179 
29380000.000 	 0.997728 	 0.002291 
29400000.000 	 0.997516 	 0.002692 
29420000.000 	 0.998452 	 0.002781 
29440000.000 	 0.998418 	 0.001222 
29460000.000 	 0.997113 	 0.003634 
29480000.000 	 0.998275 	 0.001686 
29500000.000 	 0.997558 	 0.002819 
29520000.000 	 0.998811 	 0.001508 
29540000.000 	 0.998685 	 0.001177 
29560000.000 	 0.997575 	 0.001991 
29580000.000 	 0.997454 	 0.002187 
29600000.000 	 0.997350 	 0.003560 
29620000.000 	 0.999181 	 0.000970 
29640000.000 	 0.998233 	 0.001344 
29660000.000 	 0.998175 	 0.001592 
29680000.000 	 0.998218 	 0.001690 
29700000.000 	 0.998311 	 0.001647 
29720000.000 	 0.998250 	 0.001915 
29740000.000 	 0.998541 	 0.001208 
29760000.000 	 0.998798 	 0.001238 
29780000.000 	 0.998151 	 0.001777 
29800000.000 	 0.999323 	 0.000643 
29820000.000 	 0.999257 	 0.000694 
29840000.000 	 0.997013 	 0.003075 
29860000.000 	 0.998155 	 0.001533 
29880000.000 	 0.998569 	 0.001300 
29900000.000 	 0.998440 	 0.001692 
29920000.000 	 0.998968 	 0.000978 
29940000.000 	 0.998891 	 0.001372 
29960000.000 	 0.998385 	 0.001155 
29980000.000 	 0.997875 	 0.001464 
30000000.000 	 0.998308 	 0.002835 
30020000.000 	 0.998106 	 0.002999 
30040000.000 	 0.998220 	 0.001752 
30060000.000 	 0.998359 	 0.001514 
30080000.000 	 0.998364 	 0.001520 
30100000.000 	 0.998352 	 0.001256 
30120000.000 	 0.998325 	 0.002379 
30140000.000 	 0.998812 	 0.001116 
30160000.000 	 0.998881 	 0.001114 
30180000.000 	 0.999010 	 0.000982 
30200000.000 	 0.995348 	 0.003845 
30220000.000 	 0.998531 	 0.001532 
30240000.000 	 0.998291 	 0.001409 
30260000.000 	 0.998608 	 0.001854 
30280000.000 	 0.998183 	 0.001803 
30300000.000 	 0.997052 	 0.003085 
30320000.000 	 0.997546 	 0.003830 
30340000.000 	 0.998295 	 0.002264 
30360000.000 	 0.998061 	 0.001806 
30380000.000 	 0.998663 	 0.001550 
30400000.000 	 0.998711 	 0.001401 
30420000.000 	 0.997980 	 0.002527 
30440000.000 	 0.997819 	 0.003701 
30460000.000 	 0.998916 	 0.001054 
30480000.000 	 0.998557 	 0.001339 
30500000.000 	 0.998845 	 0.001600 
30520000.000 	 0.997533 	 0.001724 
30540000.000 	 0.998857 	 0.000861 
30560000.000 	 0.998132 	 0.001755 
30580000.000 	 0.998271 	 0.002288 
30600000.000 	 0.997352 	 0.003107 
30620000.000 	 0.998388 	 0.001975 
30640000.000 	 0.998263 	 0.002046 
30660000.000 	 0.998667 	 0.001359 
30680000.000 	 0.997473 	 0.003068 
30700000.000 	 0.998942 	 0.001561 
30720000.000 	 0.998470 	 0.002089 
30740000.000 	 0.998605 	 0.001464 
30760000.000 	 0.997989 	 0.001658 
30780000.000 	 0.998206 	 0.001745 
30800000.000 	 0.998031 	 0.002054 
30820000.000 	 0.997460 	 0.002613 
30840000.000 	 0.997218 	 0.003367 
30860000.000 	 0.998474 	 0.002280 
30880000.000 	 0.998576 	 0.001266 
30900000.000 	 0.997954 	 0.001799 
30920000.000 	 0.998715 	 0.001214 
30940000.000 	 0.999121 	 0.000968 
30960000.000 	 0.998022 	 0.002796 
30980000.000 	 0.997243 	 0.002385 
31000000.000 	 0.996995 	 0.002447 
31020000.000 	 0.997651 	 0.001966 
31040000.000 	 0.998308 	 0.001359 
31060000.000 	 0.998630 	 0.002441 
31080000.000 	 0.997630 	 0.002248 
31100000.000 	 0.997392 	 0.003450 
31120000.000 	 0.997572 	 0.001875 
31140000.000 	 0.998092 	 0.001777 
31160000.000 	 0.997765 	 0.001998 
31180000.000 	 0.998591 	 0.002326 
31200000.000 	 0.998577 	 0.001863 
31220000.000 	 0.997842 	 0.001964 
31240000.000 	 0.996442 	 0.002864 
31260000.000 	 0.998765 	 0.001249 
31280000.000 	 0.999146 	 0.000942 
31300000.000 	 0.998801 	 0.001413 
31320000.000 	 0.998095 	 0.002279 
31340000.000 	 0.997495 	 0.001838 
31360000.000 	 0.996167 	 0.002107 
31380000.000 	 0.997873 	 0.001782 
31400000.000 	 0.998781 	 0.001349 
31420000.000 	 0.998932 	 0.001187 
31440000.000 	 0.995247 	 0.003911 
31460000.000 	 0.998488 	 0.001413 
31480000.000 	 0.995384 	 0.006394 
31500000.000 	 0.998181 	 0.001400 
31520000.000 	 0.995527 	 0.003887 
31540000.000 	 0.998144 	 0.002762 
31560000.000 	 0.998096 	 0.002632 
31580000.000 	 0.998661 	 0.001236 
31600000.000 	 0.997625 	 0.001902 
31620000.000 	 0.998624 	 0.001149 
31640000.000 	 0.999020 	 0.000800 
31660000.000 	 0.998491 	 0.001896 
31680000.000 	 0.997897 	 0.001866 
31700000.000 	 0.998063 	 0.002341 
31720000.000 	 0.997857 	 0.001717 
31740000.000 	 0.999083 	 0.000758 
31760000.000 	 0.997667 	 0.002349 
31780000.000 	 0.998885 	 0.001002 
31800000.000 	 0.998645 	 0.001306 
31820000.000 	 0.998011 	 0.002149 
31840000.000 	 0.997760 	 0.002673 
31860000.000 	 0.998837 	 0.001396 
31880000.000 	 0.997920 	 0.002711 
31900000.000 	 0.997852 	 0.002146 
31920000.000 	 0.998336 	 0.002476 
31940000.000 	 0.997931 	 0.001642 
31960000.000 	 0.998271 	 0.001550 
31980000.000 	 0.998176 	 0.001533 
32000000.000 	 0.997090 	 0.002984 
32020000.000 	 0.999076 	 0.000904 
32040000.000 	 0.998603 	 0.002030 
32060000.000 	 0.998481 	 0.001451 
32080000.000 	 0.998451 	 0.001625 
32100000.000 	 0.997873 	 0.001903 
32120000.000 	 0.997857 	 0.001723 
32140000.000 	 0.998509 	 0.001786 
32160000.000 	 0.997844 	 0.002853 
32180000.000 	 0.997848 	 0.001771 
32200000.000 	 0.997855 	 0.002665 
32220000.000 	 0.998110 	 0.002293 
32240000.000 	 0.998320 	 0.001703 
32260000.000 	 0.998392 	 0.002085 
32280000.000 	 0.997628 	 0.001723 
32300000.000 	 0.998016 	 0.004938 
32320000.000 	 0.998584 	 0.001540 
32340000.000 	 0.998703 	 0.002213 
32360000.000 	 0.998210 	 0.001729 
32380000.000 	 0.998845 	 0.001765 
32400000.000 	 0.997703 	 0.001867 
32420000.000 	 0.998206 	 0.001439 
32440000.000 	 0.998621 	 0.001681 
32460000.000 	 0.994616 	 0.006073 
32480000.000 	 0.997345 	 0.003258 
32500000.000 	 0.998437 	 0.001347 
32520000.000 	 0.999053 	 0.001192 
32540000.000 	 0.998176 	 0.002046 
32560000.000 	 0.997531 	 0.002111 
32580000.000 	 0.998773 	 0.001143 
32600000.000 	 0.997931 	 0.002345 
32620000.000 	 0.997368 	 0.002698 
32640000.000 	 0.997772 	 0.001656 
32660000.000 	 0.997853 	 0.002144 
32680000.000 	 0.998796 	 0.001199 
32700000.000 	 0.998943 	 0.001196 
32720000.000 	 0.998765 	 0.001947 
32740000.000 	 0.998558 	 0.001689 
32760000.000 	 0.998144 	 0.001818 
32780000.000 	 0.997629 	 0.002642 
32800000.000 	 0.998599 	 0.001175 
32820000.000 	 0.999211 	 0.001067 
32840000.000 	 0.998369 	 0.001783 
32860000.000 	 0.998608 	 0.001673 
32880000.000 	 0.999317 	 0.000704 
32900000.000 	 0.998835 	 0.001457 
32920000.000 	 0.997415 	 0.002495 
32940000.000 	 0.997556 	 0.001855 
32960000.000 	 0.997526 	 0.002651 
32980000.000 	 0.997813 	 0.002080 
33000000.000 	 0.998177 	 0.001620 
33020000.000 	 0.997964 	 0.001422 
33040000.000 	 0.996938 	 0.002527 
33060000.000 	 0.998039 	 0.001667 
33080000.000 	 0.996743 	 0.004853 
33100000.000 	 0.997228 	 0.002053 
33120000.000 	 0.997834 	 0.001500 
33140000.000 	 0.998797 	 0.000963 
33160000.000 	 0.997924 	 0.002297 
33180000.000 	 0.997433 	 0.002301 
33200000.000 	 0.996698 	 0.003144 
33220000.000 	 0.998468 	 0.001632 
33240000.000 	 0.998434 	 0.001506 
33260000.000 	 0.998758 	 0.001347 
33280000.000 	 0.997332 	 0.002864 
33300000.000 	 0.997794 	 0.002470 
33320000.000 	 0.998052 	 0.001840 
33340000.000 	 0.996991 	 0.002762 
33360000.000 	 0.997845 	 0.002078 
33380000.000 	 0.997339 	 0.001997 
33400000.000 	 0.995769 	 0.003306 
33420000.000 	 0.998260 	 0.001844 
33440000.000 	 0.996664 	 0.008026 
33460000.000 	 0.999107 	 0.001044 
33480000.000 	 0.994594 	 0.007376 
33500000.000 	 0.998865 	 0.002083 
33520000.000 	 0.998322 	 0.001626 
33540000.000 	 0.998299 	 0.003134 
33560000.000 	 0.998572 	 0.002032 
33580000.000 	 0.997546 	 0.003670 
33600000.000 	 0.997473 	 0.002073 
33620000.000 	 0.998755 	 0.001362 
33640000.000 	 0.997910 	 0.002527 
33660000.000 	 0.997717 	 0.003335 
33680000.000 	 0.997948 	 0.001998 
33700000.000 	 0.998368 	 0.001500 
33720000.000 	 0.998374 	 0.001551 
33740000.000 	 0.998123 	 0.001489 
33760000.000 	 0.997934 	 0.001890 
33780000.000 	 0.996181 	 0.005187 
33800000.000 	 0.998807 	 0.001132 
33820000.000 	 0.997224 	 0.002570 
33840000.000 	 0.998154 	 0.003290 
33860000.000 	 0.998346 	 0.002129 
33880000.000 	 0.997731 	 0.002257 
33900000.000 	 0.996045 	 0.004382 
33920000.000 	 0.998411 	 0.001728 
33940000.000 	 0.997292 	 0.004005 
33960000.000 	 0.998799 	 0.001268 
33980000.000 	 0.997976 	 0.001612 
34000000.000 	 0.999151 	 0.000944 
34020000.000 	 0.998724 	 0.001088 
34040000.000 	 0.998504 	 0.001277 
34060000.000 	 0.997075 	 0.003138 
34080000.000 	 0.998318 	 0.001546 
34100000.000 	 0.998744 	 0.001247 
34120000.000 	 0.997968 	 0.001403 
34140000.000 	 0.998134 	 0.002138 
34160000.000 	 0.998069 	 0.001852 
34180000.000 	 0.998243 	 0.001892 
34200000.000 	 0.997986 	 0.001943 
34220000.000 	 0.996150 	 0.002972 
34240000.000 	 0.998558 	 0.001311 
34260000.000 	 0.998492 	 0.002908 
34280000.000 	 0.998743 	 0.001048 
34300000.000 	 0.996056 	 0.002905 
34320000.000 	 0.998729 	 0.001263 
34340000.000 	 0.997757 	 0.002300 
34360000.000 	 0.996550 	 0.003547 
34380000.000 	 0.998368 	 0.001460 
34400000.000 	 0.997335 	 0.003145 
34420000.000 	 0.997768 	 0.001757 
34440000.000 	 0.998287 	 0.002060 
34460000.000 	 0.998747 	 0.001454 
34480000.000 	 0.997526 	 0.003038 
34500000.000 	 0.998826 	 0.001024 
34520000.000 	 0.998580 	 0.001347 
34540000.000 	 0.998426 	 0.002275 
34560000.000 	 0.998684 	 0.001172 
34580000.000 	 0.997934 	 0.002107 
34600000.000 	 0.999266 	 0.000618 
34620000.000 	 0.998996 	 0.001295 
34640000.000 	 0.998557 	 0.001657 
34660000.000 	 0.998312 	 0.001817 
34680000.000 	 0.998867 	 0.001219 
34700000.000 	 0.998597 	 0.001422 
34720000.000 	 0.998926 	 0.001260 
34740000.000 	 0.998873 	 0.001000 
34760000.000 	 0.997537 	 0.001798 
34780000.000 	 0.998395 	 0.001523 
34800000.000 	 0.998401 	 0.001349 
34820000.000 	 0.998424 	 0.001671 
34840000.000 	 0.998195 	 0.001703 
34860000.000 	 0.998368 	 0.001474 
34880000.000 	 0.996907 	 0.003302 
34900000.000 	 0.998619 	 0.001230 
34920000.000 	 0.998720 	 0.001290 
34940000.000 	 0.997855 	 0.002432 
34960000.000 	 0.998019 	 0.002042 
34980000.000 	 0.998877 	 0.001022 
35000000.000 	 0.998759 	 0.001047 
35020000.000 	 0.997816 	 0.002246 
35040000.000 	 0.998253 	 0.002048 
35060000.000 	 0.996916 	 0.003002 
35080000.000 	 0.998632 	 0.001364 
35100000.000 	 0.996518 	 0.004770 
35120000.000 	 0.997889 	 0.001958 
35140000.000 	 0.998299 	 0.001397 
35160000.000 	 0.998309 	 0.002115 
35180000.000 	 0.998481 	 0.001398 
35200000.000 	 0.998771 	 0.001080 
35220000.000 	 0.999096 	 0.001160 
35240000.000 	 0.998892 	 0.001770 
35260000.000 	 0.998736 	 0.000986 
35280000.000 	 0.996821 	 0.002972 
35300000.000 	 0.997060 	 0.003584 
35320000.000 	 0.998264 	 0.001317 
35340000.000 	 0.998421 	 0.002112 
35360000.000 	 0.998105 	 0.001974 
35380000.000 	 0.997346 	 0.004225 
35400000.000 	 0.998987 	 0.001128 
35420000.000 	 0.997677 	 0.002751 
35440000.000 	 0.999088 	 0.000980 
35460000.000 	 0.998940 	 0.001226 
35480000.000 	 0.998574 	 0.001887 
35500000.000 	 0.997579 	 0.002140 
35520000.000 	 0.998940 	 0.001242 
35540000.000 	 0.998515 	 0.001575 
35560000.000 	 0.998568 	 0.001676 
35580000.000 	 0.998438 	 0.001563 
35600000.000 	 0.999039 	 0.000812 
35620000.000 	 0.998512 	 0.001523 
35640000.000 	 0.999217 	 0.000856 
35660000.000 	 0.997911 	 0.001845 
35680000.000 	 0.998359 	 0.001410 
35700000.000 	 0.998360 	 0.002494 
35720000.000 	 0.998016 	 0.002013 
35740000.000 	 0.997823 	 0.002368 
35760000.000 	 0.998400 	 0.001955 
35780000.000 	 0.997205 	 0.002628 
35800000.000 	 0.998540 	 0.001652 
35820000.000 	 0.997976 	 0.002280 
35840000.000 	 0.998579 	 0.001074 
35860000.000 	 0.998143 	 0.001753 
35880000.000 	 0.996980 	 0.002730 
35900000.000 	 0.998196 	 0.001376 
35920000.000 	 0.998566 	 0.001156 
35940000.000 	 0.997948 	 0.001865 
35960000.000 	 0.998613 	 0.001561 
35980000.000 	 0.996674 	 0.002412 
36000000.000 	 0.998560 	 0.001009 
36020000.000 	 0.998988 	 0.001227 
36040000.000 	 0.998885 	 0.001189 
36060000.000 	 0.998770 	 0.001268 
36080000.000 	 0.998618 	 0.000999 
36100000.000 	 0.997830 	 0.002736 
36120000.000 	 0.998260 	 0.002280 
36140000.000 	 0.998890 	 0.001101 
36160000.000 	 0.998123 	 0.003049 
36180000.000 	 0.998711 	 0.001343 
36200000.000 	 0.997915 	 0.002256 
36220000.000 	 0.998422 	 0.001596 
36240000.000 	 0.997764 	 0.002799 
36260000.000 	 0.998561 	 0.001696 
36280000.000 	 0.998458 	 0.001779 
36300000.000 	 0.998251 	 0.002070 
36320000.000 	 0.998466 	 0.002581 
36340000.000 	 0.998422 	 0.001667 
36360000.000 	 0.998638 	 0.001185 
36380000.000 	 0.998618 	 0.001208 
36400000.000 	 0.998964 	 0.000968 
36420000.000 	 0.997381 	 0.002434 
36440000.000 	 0.998843 	 0.001082 
36460000.000 	 0.999052 	 0.001263 
36480000.000 	 0.999054 	 0.000883 
36500000.000 	 0.998996 	 0.001119 
36520000.000 	 0.998724 	 0.001369 
36540000.000 	 0.998202 	 0.001540 
36560000.000 	 0.998742 	 0.001341 
36580000.000 	 0.998258 	 0.001385 
36600000.000 	 0.998179 	 0.002129 
36620000.000 	 0.996628 	 0.003638 
36640000.000 	 0.998750 	 0.001276 
36660000.000 	 0.998150 	 0.001682 
36680000.000 	 0.998510 	 0.001857 
36700000.000 	 0.997656 	 0.002714 
36720000.000 	 0.998180 	 0.002137 
36740000.000 	 0.998943 	 0.001168 
36760000.000 	 0.998415 	 0.001246 
36780000.000 	 0.999043 	 0.001014 
36800000.000 	 0.998678 	 0.001123 
36820000.000 	 0.998037 	 0.001485 
36840000.000 	 0.997791 	 0.001561 
36860000.000 	 0.998719 	 0.001088 
36880000.000 	 0.998611 	 0.001365 
36900000.000 	 0.998634 	 0.001555 
36920000.000 	 0.998717 	 0.001142 
36940000.000 	 0.998142 	 0.001493 
36960000.000 	 0.996442 	 0.002279 
36980000.000 	 0.998837 	 0.001249 
37000000.000 	 0.998110 	 0.001553 
37020000.000 	 0.998810 	 0.001807 
37040000.000 	 0.997978 	 0.001992 
37060000.000 	 0.998648 	 0.001567 
37080000.000 	 0.998037 	 0.001751 
37100000.000 	 0.998885 	 0.000919 
37120000.000 	 0.999198 	 0.000890 
37140000.000 	 0.998393 	 0.001596 
37160000.000 	 0.998278 	 0.001753 
37180000.000 	 0.998683 	 0.001286 
37200000.000 	 0.998794 	 0.001481 
37220000.000 	 0.998693 	 0.001422 
37240000.000 	 0.997885 	 0.002476 
37260000.000 	 0.999217 	 0.000795 
37280000.000 	 0.998466 	 0.001773 
37300000.000 	 0.998155 	 0.001529 
37320000.000 	 0.998518 	 0.001298 
37340000.000 	 0.998076 	 0.002002 
37360000.000 	 0.998286 	 0.002078 
37380000.000 	 0.998534 	 0.001700 
37400000.000 	 0.999173 	 0.000911 
37420000.000 	 0.996538 	 0.004877 
37440000.000 	 0.997702 	 0.001948 
37460000.000 	 0.998140 	 0.002066 
37480000.000 	 0.996979 	 0.002594 
37500000.000 	 0.998218 	 0.001796 
37520000.000 	 0.998866 	 0.000962 
37540000.000 	 0.996796 	 0.003147 
37560000.000 	 0.996888 	 0.002443 
37580000.000 	 0.998479 	 0.001361 
37600000.000 	 0.998352 	 0.001512 
37620000.000 	 0.998246 	 0.002464 
37640000.000 	 0.998781 	 0.001282 
37660000.000 	 0.996135 	 0.003575 
37680000.000 	 0.998059 	 0.001454 
37700000.000 	 0.998419 	 0.001321 
37720000.000 	 0.999097 	 0.000952 
37740000.000 	 0.998269 	 0.001897 
37760000.000 	 0.998987 	 0.001054 
37780000.000 	 0.998969 	 0.000959 
37800000.000 	 0.998955 	 0.001487 
37820000.000 	 0.998590 	 0.002428 
37840000.000 	 0.998508 	 0.001115 
37860000.000 	 0.997679 	 0.002471 
37880000.000 	 0.997669 	 0.002405 
37900000.000 	 0.997779 	 0.001484 
37920000.000 	 0.998254 	 0.001761 
37940000.000 	 0.998304 	 0.001767 
37960000.000 	 0.998466 	 0.001363 
37980000.000 	 0.998963 	 0.001210 
38000000.000 	 0.999164 	 0.000846 
38020000.000 	 0.996920 	 0.002379 
38040000.000 	 0.998236 	 0.001606 
38060000.000 	 0.999275 	 0.000757 
38080000.000 	 0.998279 	 0.002062 
38100000.000 	 0.998367 	 0.001930 
38120000.000 	 0.997724 	 0.002506 
38140000.000 	 0.998645 	 0.002012 
38160000.000 	 0.998710 	 0.002204 
38180000.000 	 0.998005 	 0.001701 
38200000.000 	 0.998724 	 0.001930 
38220000.000 	 0.999234 	 0.000835 
38240000.000 	 0.998960 	 0.000817 
38260000.000 	 0.998206 	 0.001464 
38280000.000 	 0.998990 	 0.000995 
38300000.000 	 0.998581 	 0.001540 
38320000.000 	 0.998677 	 0.001016 
38340000.000 	 0.999158 	 0.000960 
38360000.000 	 0.997901 	 0.005495 
38380000.000 	 0.999130 	 0.000956 
38400000.000 	 0.998701 	 0.001271 
38420000.000 	 0.998596 	 0.001131 
38440000.000 	 0.997906 	 0.002318 
38460000.000 	 0.998725 	 0.002445 
38480000.000 	 0.998743 	 0.000866 
38500000.000 	 0.998539 	 0.001218 
38520000.000 	 0.998391 	 0.001341 
38540000.000 	 0.997289 	 0.002117 
38560000.000 	 0.997969 	 0.003221 
38580000.000 	 0.998950 	 0.001056 
38600000.000 	 0.998220 	 0.001556 
38620000.000 	 0.998115 	 0.001504 
38640000.000 	 0.998047 	 0.002509 
38660000.000 	 0.997749 	 0.001745 
38680000.000 	 0.998712 	 0.001316 
38700000.000 	 0.998918 	 0.001334 
38720000.000 	 0.997926 	 0.002535 
38740000.000 	 0.998613 	 0.001600 
38760000.000 	 0.999084 	 0.001233 
38780000.000 	 0.997943 	 0.001843 
38800000.000 	 0.998861 	 0.001601 
38820000.000 	 0.997312 	 0.002547 
38840000.000 	 0.998533 	 0.001269 
38860000.000 	 0.998690 	 0.001277 
38880000.000 	 0.998839 	 0.001331 
38900000.000 	 0.998163 	 0.003298 
38920000.000 	 0.997166 	 0.002153 
38940000.000 	 0.998637 	 0.001349 
38960000.000 	 0.996898 	 0.003617 
38980000.000 	 0.998908 	 0.001079 
39000000.000 	 0.998554 	 0.001511 
39020000.000 	 0.998502 	 0.001565 
39040000.000 	 0.997267 	 0.002517 
39060000.000 	 0.998506 	 0.002217 
39080000.000 	 0.998273 	 0.001613 
39100000.000 	 0.997022 	 0.004350 
39120000.000 	 0.997463 	 0.003386 
39140000.000 	 0.998361 	 0.001456 
39160000.000 	 0.998894 	 0.001006 
39180000.000 	 0.997297 	 0.003521 
39200000.000 	 0.998929 	 0.001126 
39220000.000 	 0.998673 	 0.001691 
39240000.000 	 0.998286 	 0.001459 
39260000.000 	 0.997873 	 0.001781 
39280000.000 	 0.998827 	 0.000931 
39300000.000 	 0.998474 	 0.001421 
39320000.000 	 0.998177 	 0.002325 
39340000.000 	 0.997840 	 0.001756 
39360000.000 	 0.997822 	 0.001907 
39380000.000 	 0.998845 	 0.001045 
39400000.000 	 0.998043 	 0.001235 
39420000.000 	 0.998912 	 0.001025 
39440000.000 	 0.998912 	 0.001001 
39460000.000 	 0.998379 	 0.001898 
39480000.000 	 0.998457 	 0.001334 
39500000.000 	 0.998780 	 0.001299 
39520000.000 	 0.998692 	 0.001458 
39540000.000 	 0.998643 	 0.001555 
39560000.000 	 0.998863 	 0.001021 
39580000.000 	 0.998379 	 0.002295 
39600000.000 	 0.998683 	 0.001126 
39620000.000 	 0.998911 	 0.001332 
39640000.000 	 0.998466 	 0.001624 
39660000.000 	 0.997998 	 0.002115 
39680000.000 	 0.998301 	 0.001779 
39700000.000 	 0.997740 	 0.001983 
39720000.000 	 0.998487 	 0.001516 
39740000.000 	 0.998333 	 0.002684 
39760000.000 	 0.998701 	 0.001696 
39780000.000 	 0.997627 	 0.001854 
39800000.000 	 0.998502 	 0.001441 
39820000.000 	 0.998808 	 0.001042 
39840000.000 	 0.998581 	 0.001023 
39860000.000 	 0.998275 	 0.001794 
39880000.000 	 0.998064 	 0.003830 
39900000.000 	 0.998542 	 0.001867 
39920000.000 	 0.998361 	 0.001400 
39940000.000 	 0.998465 	 0.001225 
39960000.000 	 0.995733 	 0.002546 
39980000.000 	 0.998361 	 0.001144 
40000000.000 	 0.999156 	 0.001309 
