       0.000 	 0.949285 	 0.038364 
   20000.000 	 0.945184 	 0.038090 
   40000.000 	 0.953097 	 0.040978 
   60000.000 	 0.954412 	 0.040985 
   80000.000 	 0.964660 	 0.029594 
  100000.000 	 0.966776 	 0.033926 
  120000.000 	 0.963001 	 0.035497 
  140000.000 	 0.974035 	 0.027881 
  160000.000 	 0.974647 	 0.025536 
  180000.000 	 0.977962 	 0.023830 
  200000.000 	 0.974529 	 0.026597 
  220000.000 	 0.979463 	 0.020851 
  240000.000 	 0.984560 	 0.025035 
  260000.000 	 0.978602 	 0.014735 
  280000.000 	 0.984851 	 0.015167 
  300000.000 	 0.988198 	 0.011614 
  320000.000 	 0.989806 	 0.011403 
  340000.000 	 0.980274 	 0.019325 
  360000.000 	 0.987534 	 0.012783 
  380000.000 	 0.990500 	 0.013978 
  400000.000 	 0.988479 	 0.013303 
  420000.000 	 0.988986 	 0.015553 
  440000.000 	 0.989469 	 0.015174 
  460000.000 	 0.992010 	 0.011009 
  480000.000 	 0.989961 	 0.016524 
  500000.000 	 0.987550 	 0.018984 
  520000.000 	 0.988195 	 0.016339 
  540000.000 	 0.990860 	 0.010400 
  560000.000 	 0.993508 	 0.009207 
  580000.000 	 0.988754 	 0.014744 
  600000.000 	 0.992931 	 0.008280 
  620000.000 	 0.991309 	 0.016266 
  640000.000 	 0.991219 	 0.011797 
  660000.000 	 0.986054 	 0.014194 
  680000.000 	 0.989293 	 0.016143 
  700000.000 	 0.994001 	 0.008434 
  720000.000 	 0.992553 	 0.009289 
  740000.000 	 0.988252 	 0.013312 
  760000.000 	 0.991737 	 0.014111 
  780000.000 	 0.991907 	 0.014431 
  800000.000 	 0.992735 	 0.007897 
  820000.000 	 0.991031 	 0.011421 
  840000.000 	 0.992725 	 0.007152 
  860000.000 	 0.989267 	 0.007426 
  880000.000 	 0.991191 	 0.011036 
  900000.000 	 0.993339 	 0.007574 
  920000.000 	 0.994230 	 0.006570 
  940000.000 	 0.993794 	 0.004836 
  960000.000 	 0.993705 	 0.006243 
  980000.000 	 0.992889 	 0.008968 
 1000000.000 	 0.990778 	 0.011201 
 1020000.000 	 0.993982 	 0.006475 
 1040000.000 	 0.994011 	 0.006663 
 1060000.000 	 0.991532 	 0.009449 
 1080000.000 	 0.994757 	 0.005909 
 1100000.000 	 0.993527 	 0.005996 
 1120000.000 	 0.989169 	 0.007780 
 1140000.000 	 0.997722 	 0.002053 
 1160000.000 	 0.992036 	 0.005483 
 1180000.000 	 0.995025 	 0.006245 
 1200000.000 	 0.996532 	 0.002234 
 1220000.000 	 0.994240 	 0.008674 
 1240000.000 	 0.995875 	 0.005775 
 1260000.000 	 0.994556 	 0.008212 
 1280000.000 	 0.992255 	 0.007105 
 1300000.000 	 0.994144 	 0.007511 
 1320000.000 	 0.994094 	 0.005493 
 1340000.000 	 0.993559 	 0.007536 
 1360000.000 	 0.993855 	 0.005688 
 1380000.000 	 0.995432 	 0.005545 
 1400000.000 	 0.994450 	 0.004381 
 1420000.000 	 0.996211 	 0.002811 
 1440000.000 	 0.995365 	 0.005664 
 1460000.000 	 0.998085 	 0.001707 
 1480000.000 	 0.994828 	 0.003954 
 1500000.000 	 0.994456 	 0.006355 
 1520000.000 	 0.993631 	 0.005845 
 1540000.000 	 0.996688 	 0.003837 
 1560000.000 	 0.993759 	 0.008711 
 1580000.000 	 0.995485 	 0.003532 
 1600000.000 	 0.994119 	 0.004039 
 1620000.000 	 0.984602 	 0.011027 
 1640000.000 	 0.991096 	 0.009649 
 1660000.000 	 0.992791 	 0.008234 
 1680000.000 	 0.991969 	 0.009295 
 1700000.000 	 0.992625 	 0.003487 
 1720000.000 	 0.993920 	 0.003873 
 1740000.000 	 0.994879 	 0.005300 
 1760000.000 	 0.995832 	 0.004607 
 1780000.000 	 0.995453 	 0.004867 
 1800000.000 	 0.996119 	 0.004439 
 1820000.000 	 0.993645 	 0.006489 
 1840000.000 	 0.995075 	 0.008023 
 1860000.000 	 0.994884 	 0.004619 
 1880000.000 	 0.992143 	 0.006327 
 1900000.000 	 0.995799 	 0.003849 
 1920000.000 	 0.994333 	 0.005215 
 1940000.000 	 0.992880 	 0.002578 
 1960000.000 	 0.995484 	 0.003295 
 1980000.000 	 0.992705 	 0.005970 
 2000000.000 	 0.992896 	 0.005980 
 2020000.000 	 0.997262 	 0.001839 
 2040000.000 	 0.996305 	 0.002085 
 2060000.000 	 0.995419 	 0.004365 
 2080000.000 	 0.992008 	 0.008741 
 2100000.000 	 0.993827 	 0.006705 
 2120000.000 	 0.991702 	 0.007820 
 2140000.000 	 0.994065 	 0.005031 
 2160000.000 	 0.992666 	 0.002858 
 2180000.000 	 0.996025 	 0.002647 
 2200000.000 	 0.995873 	 0.005389 
 2220000.000 	 0.993338 	 0.007069 
 2240000.000 	 0.997372 	 0.002419 
 2260000.000 	 0.995743 	 0.006343 
 2280000.000 	 0.995941 	 0.003250 
 2300000.000 	 0.993157 	 0.005576 
 2320000.000 	 0.995609 	 0.003593 
 2340000.000 	 0.997878 	 0.002472 
 2360000.000 	 0.995733 	 0.004331 
 2380000.000 	 0.995524 	 0.002803 
 2400000.000 	 0.993500 	 0.010340 
 2420000.000 	 0.991868 	 0.007010 
 2440000.000 	 0.992220 	 0.006967 
 2460000.000 	 0.995176 	 0.005685 
 2480000.000 	 0.996822 	 0.005899 
 2500000.000 	 0.998562 	 0.001787 
 2520000.000 	 0.996887 	 0.002658 
 2540000.000 	 0.989790 	 0.007665 
 2560000.000 	 0.988119 	 0.020095 
 2580000.000 	 0.996486 	 0.002967 
 2600000.000 	 0.990734 	 0.010014 
 2620000.000 	 0.988820 	 0.011994 
 2640000.000 	 0.993358 	 0.007314 
 2660000.000 	 0.994232 	 0.008681 
 2680000.000 	 0.995924 	 0.004112 
 2700000.000 	 0.994412 	 0.010890 
 2720000.000 	 0.994865 	 0.003592 
 2740000.000 	 0.995365 	 0.004168 
 2760000.000 	 0.997483 	 0.001981 
 2780000.000 	 0.998851 	 0.001167 
 2800000.000 	 0.996842 	 0.003669 
 2820000.000 	 0.996581 	 0.003335 
 2840000.000 	 0.995856 	 0.004166 
 2860000.000 	 0.996552 	 0.007912 
 2880000.000 	 0.996936 	 0.003391 
 2900000.000 	 0.997195 	 0.002910 
 2920000.000 	 0.995116 	 0.004793 
 2940000.000 	 0.995209 	 0.001764 
 2960000.000 	 0.993371 	 0.007025 
 2980000.000 	 0.993354 	 0.006789 
 3000000.000 	 0.996150 	 0.002083 
 3020000.000 	 0.996078 	 0.004984 
 3040000.000 	 0.996071 	 0.005991 
 3060000.000 	 0.993369 	 0.007105 
 3080000.000 	 0.994142 	 0.004282 
 3100000.000 	 0.995368 	 0.003911 
 3120000.000 	 0.996363 	 0.004667 
 3140000.000 	 0.998217 	 0.001396 
 3160000.000 	 0.994543 	 0.004620 
 3180000.000 	 0.997567 	 0.002115 
 3200000.000 	 0.996816 	 0.002431 
 3220000.000 	 0.997209 	 0.002895 
 3240000.000 	 0.997854 	 0.002917 
 3260000.000 	 0.995561 	 0.004807 
 3280000.000 	 0.992666 	 0.005753 
 3300000.000 	 0.996296 	 0.003063 
 3320000.000 	 0.996086 	 0.004465 
 3340000.000 	 0.997876 	 0.002230 
 3360000.000 	 0.997054 	 0.003400 
 3380000.000 	 0.996286 	 0.004762 
 3400000.000 	 0.994676 	 0.015904 
 3420000.000 	 0.996470 	 0.008303 
 3440000.000 	 0.997324 	 0.005685 
 3460000.000 	 0.994895 	 0.010667 
 3480000.000 	 0.997530 	 0.003104 
 3500000.000 	 0.998052 	 0.001903 
 3520000.000 	 0.997637 	 0.001664 
 3540000.000 	 0.995383 	 0.004650 
 3560000.000 	 0.995167 	 0.003959 
 3580000.000 	 0.994900 	 0.004933 
 3600000.000 	 0.996784 	 0.005201 
 3620000.000 	 0.996798 	 0.003015 
 3640000.000 	 0.997450 	 0.003359 
 3660000.000 	 0.997019 	 0.002641 
 3680000.000 	 0.997818 	 0.002286 
 3700000.000 	 0.996407 	 0.003452 
 3720000.000 	 0.996963 	 0.005571 
 3740000.000 	 0.998039 	 0.002629 
 3760000.000 	 0.996635 	 0.002378 
 3780000.000 	 0.997238 	 0.002180 
 3800000.000 	 0.996775 	 0.004288 
 3820000.000 	 0.997573 	 0.001958 
 3840000.000 	 0.996608 	 0.004723 
 3860000.000 	 0.994121 	 0.007995 
 3880000.000 	 0.997198 	 0.002155 
 3900000.000 	 0.998529 	 0.001694 
 3920000.000 	 0.998417 	 0.001201 
 3940000.000 	 0.996303 	 0.007569 
 3960000.000 	 0.996805 	 0.002973 
 3980000.000 	 0.995679 	 0.008401 
 4000000.000 	 0.997528 	 0.001435 
 4020000.000 	 0.997912 	 0.001113 
 4040000.000 	 0.996530 	 0.002030 
 4060000.000 	 0.999092 	 0.001035 
 4080000.000 	 0.998623 	 0.001723 
 4100000.000 	 0.996168 	 0.006355 
 4120000.000 	 0.999066 	 0.000837 
 4140000.000 	 0.994434 	 0.006055 
 4160000.000 	 0.995106 	 0.005674 
 4180000.000 	 0.996321 	 0.003388 
 4200000.000 	 0.997714 	 0.004705 
 4220000.000 	 0.999068 	 0.001093 
 4240000.000 	 0.994633 	 0.004377 
 4260000.000 	 0.997224 	 0.004710 
 4280000.000 	 0.996792 	 0.006249 
 4300000.000 	 0.997111 	 0.004238 
 4320000.000 	 0.993273 	 0.002714 
 4340000.000 	 0.996718 	 0.003374 
 4360000.000 	 0.998060 	 0.001533 
 4380000.000 	 0.998560 	 0.002012 
 4400000.000 	 0.997454 	 0.002528 
 4420000.000 	 0.996432 	 0.003992 
 4440000.000 	 0.996839 	 0.004695 
 4460000.000 	 0.997599 	 0.004123 
 4480000.000 	 0.996669 	 0.001763 
 4500000.000 	 0.996898 	 0.006566 
 4520000.000 	 0.999030 	 0.000829 
 4540000.000 	 0.998730 	 0.001027 
 4560000.000 	 0.998249 	 0.001597 
 4580000.000 	 0.992736 	 0.008231 
 4600000.000 	 0.997496 	 0.001867 
 4620000.000 	 0.997843 	 0.003006 
 4640000.000 	 0.996334 	 0.006789 
 4660000.000 	 0.996202 	 0.007871 
 4680000.000 	 0.999208 	 0.000669 
 4700000.000 	 0.994660 	 0.005830 
 4720000.000 	 0.995473 	 0.004021 
 4740000.000 	 0.999000 	 0.000972 
 4760000.000 	 0.996511 	 0.003709 
 4780000.000 	 0.998222 	 0.002531 
 4800000.000 	 0.998829 	 0.000986 
 4820000.000 	 0.997993 	 0.001636 
 4840000.000 	 0.996971 	 0.002634 
 4860000.000 	 0.998592 	 0.001290 
 4880000.000 	 0.997253 	 0.001477 
 4900000.000 	 0.995552 	 0.003709 
 4920000.000 	 0.998397 	 0.000925 
 4940000.000 	 0.998498 	 0.001164 
 4960000.000 	 0.998473 	 0.000893 
 4980000.000 	 0.997842 	 0.001297 
 5000000.000 	 0.996221 	 0.006527 
 5020000.000 	 0.996134 	 0.003425 
 5040000.000 	 0.999073 	 0.000674 
 5060000.000 	 0.997932 	 0.003267 
 5080000.000 	 0.996968 	 0.004655 
 5100000.000 	 0.999251 	 0.000673 
 5120000.000 	 0.998315 	 0.001245 
 5140000.000 	 0.999357 	 0.000634 
 5160000.000 	 0.998699 	 0.000830 
 5180000.000 	 0.998808 	 0.001043 
 5200000.000 	 0.998068 	 0.001950 
 5220000.000 	 0.998292 	 0.002532 
 5240000.000 	 0.998408 	 0.001088 
 5260000.000 	 0.998604 	 0.001576 
 5280000.000 	 0.998378 	 0.001060 
 5300000.000 	 0.996531 	 0.001701 
 5320000.000 	 0.999272 	 0.000679 
 5340000.000 	 0.999159 	 0.000795 
 5360000.000 	 0.997612 	 0.002181 
 5380000.000 	 0.998710 	 0.001077 
 5400000.000 	 0.995524 	 0.003896 
 5420000.000 	 0.997825 	 0.002022 
 5440000.000 	 0.996479 	 0.003363 
 5460000.000 	 0.998156 	 0.001864 
 5480000.000 	 0.998486 	 0.001072 
 5500000.000 	 0.998596 	 0.001329 
 5520000.000 	 0.998819 	 0.000977 
 5540000.000 	 0.998980 	 0.000731 
 5560000.000 	 0.999393 	 0.000577 
 5580000.000 	 0.998705 	 0.001677 
 5600000.000 	 0.996769 	 0.001967 
 5620000.000 	 0.997359 	 0.002331 
 5640000.000 	 0.999120 	 0.000732 
 5660000.000 	 0.998060 	 0.001893 
 5680000.000 	 0.998769 	 0.001066 
 5700000.000 	 0.999277 	 0.000616 
 5720000.000 	 0.998921 	 0.001087 
 5740000.000 	 0.998457 	 0.001067 
 5760000.000 	 0.998406 	 0.001178 
 5780000.000 	 0.997911 	 0.002141 
 5800000.000 	 0.998641 	 0.001161 
 5820000.000 	 0.997483 	 0.002677 
 5840000.000 	 0.998508 	 0.001150 
 5860000.000 	 0.998433 	 0.001375 
 5880000.000 	 0.998673 	 0.000836 
 5900000.000 	 0.997034 	 0.002350 
 5920000.000 	 0.998313 	 0.001335 
 5940000.000 	 0.997580 	 0.002476 
 5960000.000 	 0.997751 	 0.001768 
 5980000.000 	 0.995374 	 0.002695 
 6000000.000 	 0.998869 	 0.001180 
 6020000.000 	 0.996942 	 0.003774 
 6040000.000 	 0.998239 	 0.001551 
 6060000.000 	 0.998128 	 0.001740 
 6080000.000 	 0.998356 	 0.001353 
 6100000.000 	 0.997397 	 0.001531 
 6120000.000 	 0.997080 	 0.002731 
 6140000.000 	 0.997556 	 0.002393 
 6160000.000 	 0.999140 	 0.000723 
 6180000.000 	 0.999167 	 0.000647 
 6200000.000 	 0.998153 	 0.001956 
 6220000.000 	 0.997934 	 0.001402 
 6240000.000 	 0.997987 	 0.001733 
 6260000.000 	 0.998764 	 0.001054 
 6280000.000 	 0.997889 	 0.001690 
 6300000.000 	 0.997442 	 0.001787 
 6320000.000 	 0.996581 	 0.002428 
 6340000.000 	 0.999257 	 0.000730 
 6360000.000 	 0.998880 	 0.000941 
 6380000.000 	 0.997728 	 0.001673 
 6400000.000 	 0.999443 	 0.000582 
 6420000.000 	 0.998447 	 0.001310 
 6440000.000 	 0.999402 	 0.000574 
 6460000.000 	 0.998940 	 0.000825 
 6480000.000 	 0.998151 	 0.002176 
 6500000.000 	 0.998594 	 0.000906 
 6520000.000 	 0.997899 	 0.002095 
 6540000.000 	 0.997500 	 0.003339 
 6560000.000 	 0.997488 	 0.002006 
 6580000.000 	 0.998708 	 0.001461 
 6600000.000 	 0.997399 	 0.001854 
 6620000.000 	 0.998805 	 0.002302 
 6640000.000 	 0.998995 	 0.000990 
 6660000.000 	 0.998381 	 0.001516 
 6680000.000 	 0.997969 	 0.001634 
 6700000.000 	 0.998640 	 0.001016 
 6720000.000 	 0.995633 	 0.003658 
 6740000.000 	 0.996393 	 0.002763 
 6760000.000 	 0.998344 	 0.001268 
 6780000.000 	 0.997226 	 0.001518 
 6800000.000 	 0.996775 	 0.001747 
 6820000.000 	 0.996915 	 0.003226 
 6840000.000 	 0.998499 	 0.001702 
 6860000.000 	 0.996420 	 0.003326 
 6880000.000 	 0.997247 	 0.003758 
 6900000.000 	 0.996602 	 0.003353 
 6920000.000 	 0.997827 	 0.001934 
 6940000.000 	 0.998550 	 0.001158 
 6960000.000 	 0.998739 	 0.001529 
 6980000.000 	 0.998961 	 0.000878 
 7000000.000 	 0.997902 	 0.001468 
 7020000.000 	 0.998125 	 0.001704 
 7040000.000 	 0.998395 	 0.001482 
 7060000.000 	 0.998826 	 0.000636 
 7080000.000 	 0.998460 	 0.000956 
 7100000.000 	 0.998124 	 0.001723 
 7120000.000 	 0.998378 	 0.001457 
 7140000.000 	 0.997831 	 0.001964 
 7160000.000 	 0.998588 	 0.001190 
 7180000.000 	 0.997713 	 0.002192 
 7200000.000 	 0.998767 	 0.001218 
 7220000.000 	 0.998818 	 0.001205 
 7240000.000 	 0.998955 	 0.001018 
 7260000.000 	 0.998949 	 0.000923 
 7280000.000 	 0.998378 	 0.001571 
 7300000.000 	 0.997864 	 0.001837 
 7320000.000 	 0.997775 	 0.002303 
 7340000.000 	 0.997652 	 0.001649 
 7360000.000 	 0.998580 	 0.001535 
 7380000.000 	 0.998864 	 0.000879 
 7400000.000 	 0.998148 	 0.001958 
 7420000.000 	 0.997763 	 0.002973 
 7440000.000 	 0.998877 	 0.001264 
 7460000.000 	 0.998447 	 0.001657 
 7480000.000 	 0.999003 	 0.000827 
 7500000.000 	 0.998584 	 0.001141 
 7520000.000 	 0.998843 	 0.001419 
 7540000.000 	 0.997697 	 0.001869 
 7560000.000 	 0.998925 	 0.000990 
 7580000.000 	 0.997769 	 0.001716 
 7600000.000 	 0.998214 	 0.001276 
 7620000.000 	 0.999323 	 0.000835 
 7640000.000 	 0.998861 	 0.001140 
 7660000.000 	 0.998147 	 0.001154 
 7680000.000 	 0.997104 	 0.001933 
 7700000.000 	 0.996815 	 0.002599 
 7720000.000 	 0.998243 	 0.001634 
 7740000.000 	 0.999118 	 0.000779 
 7760000.000 	 0.998121 	 0.001403 
 7780000.000 	 0.996683 	 0.002979 
 7800000.000 	 0.998376 	 0.001336 
 7820000.000 	 0.999078 	 0.001050 
 7840000.000 	 0.997817 	 0.001867 
 7860000.000 	 0.995989 	 0.002838 
 7880000.000 	 0.998032 	 0.001188 
 7900000.000 	 0.997824 	 0.002219 
 7920000.000 	 0.997276 	 0.002281 
 7940000.000 	 0.999051 	 0.000710 
 7960000.000 	 0.999287 	 0.000610 
 7980000.000 	 0.998716 	 0.000917 
 8000000.000 	 0.998308 	 0.001112 
 8020000.000 	 0.995286 	 0.002462 
 8040000.000 	 0.998064 	 0.001816 
 8060000.000 	 0.998247 	 0.001312 
 8080000.000 	 0.995537 	 0.003361 
 8100000.000 	 0.999005 	 0.000918 
 8120000.000 	 0.999206 	 0.000660 
 8140000.000 	 0.996816 	 0.002636 
 8160000.000 	 0.995087 	 0.004433 
 8180000.000 	 0.998205 	 0.001175 
 8200000.000 	 0.997226 	 0.001884 
 8220000.000 	 0.998402 	 0.001479 
 8240000.000 	 0.998351 	 0.001700 
 8260000.000 	 0.997806 	 0.003703 
 8280000.000 	 0.998510 	 0.001970 
 8300000.000 	 0.999203 	 0.000702 
 8320000.000 	 0.999214 	 0.000846 
 8340000.000 	 0.995890 	 0.002767 
 8360000.000 	 0.998731 	 0.000861 
 8380000.000 	 0.997805 	 0.001887 
 8400000.000 	 0.998300 	 0.001393 
 8420000.000 	 0.998412 	 0.001485 
 8440000.000 	 0.999028 	 0.000786 
 8460000.000 	 0.998986 	 0.000843 
 8480000.000 	 0.997522 	 0.001533 
 8500000.000 	 0.997995 	 0.001557 
 8520000.000 	 0.999307 	 0.000704 
 8540000.000 	 0.998523 	 0.001360 
 8560000.000 	 0.999312 	 0.000875 
 8580000.000 	 0.998318 	 0.001308 
 8600000.000 	 0.998823 	 0.000821 
 8620000.000 	 0.997323 	 0.001809 
 8640000.000 	 0.998000 	 0.001944 
 8660000.000 	 0.996618 	 0.001997 
 8680000.000 	 0.997673 	 0.002231 
 8700000.000 	 0.999073 	 0.000788 
 8720000.000 	 0.998618 	 0.001046 
 8740000.000 	 0.995880 	 0.004209 
 8760000.000 	 0.998361 	 0.001442 
 8780000.000 	 0.998919 	 0.001199 
 8800000.000 	 0.997526 	 0.001699 
 8820000.000 	 0.998929 	 0.001039 
 8840000.000 	 0.997938 	 0.001490 
 8860000.000 	 0.998321 	 0.001106 
 8880000.000 	 0.998132 	 0.001451 
 8900000.000 	 0.998704 	 0.001382 
 8920000.000 	 0.998506 	 0.001391 
 8940000.000 	 0.997222 	 0.002723 
 8960000.000 	 0.998079 	 0.002549 
 8980000.000 	 0.999111 	 0.000736 
 9000000.000 	 0.999376 	 0.000657 
 9020000.000 	 0.999089 	 0.000872 
 9040000.000 	 0.996370 	 0.002781 
 9060000.000 	 0.999208 	 0.000523 
 9080000.000 	 0.998845 	 0.000843 
 9100000.000 	 0.997309 	 0.002019 
 9120000.000 	 0.998198 	 0.001160 
 9140000.000 	 0.998851 	 0.000980 
 9160000.000 	 0.998083 	 0.001314 
 9180000.000 	 0.997380 	 0.002434 
 9200000.000 	 0.998753 	 0.000927 
 9220000.000 	 0.999104 	 0.000757 
 9240000.000 	 0.997217 	 0.002707 
 9260000.000 	 0.997195 	 0.003605 
 9280000.000 	 0.996761 	 0.004834 
 9300000.000 	 0.997453 	 0.002793 
 9320000.000 	 0.999066 	 0.000947 
 9340000.000 	 0.998993 	 0.001117 
 9360000.000 	 0.998182 	 0.002494 
 9380000.000 	 0.998512 	 0.001258 
 9400000.000 	 0.999366 	 0.000685 
 9420000.000 	 0.998152 	 0.001233 
 9440000.000 	 0.999042 	 0.001197 
 9460000.000 	 0.997854 	 0.001134 
 9480000.000 	 0.998993 	 0.000663 
 9500000.000 	 0.997489 	 0.001568 
 9520000.000 	 0.996456 	 0.003356 
 9540000.000 	 0.998035 	 0.001208 
 9560000.000 	 0.998903 	 0.001087 
 9580000.000 	 0.998974 	 0.000977 
 9600000.000 	 0.998132 	 0.001484 
 9620000.000 	 0.997799 	 0.001425 
 9640000.000 	 0.998682 	 0.001055 
 9660000.000 	 0.998388 	 0.001238 
 9680000.000 	 0.999058 	 0.000936 
 9700000.000 	 0.998221 	 0.001394 
 9720000.000 	 0.996439 	 0.002136 
 9740000.000 	 0.996890 	 0.003108 
 9760000.000 	 0.997575 	 0.001517 
 9780000.000 	 0.996410 	 0.003011 
 9800000.000 	 0.999089 	 0.000805 
 9820000.000 	 0.997987 	 0.001738 
 9840000.000 	 0.998267 	 0.001399 
 9860000.000 	 0.998347 	 0.001643 
 9880000.000 	 0.998773 	 0.000801 
 9900000.000 	 0.999106 	 0.000774 
 9920000.000 	 0.999053 	 0.000831 
 9940000.000 	 0.998222 	 0.001505 
 9960000.000 	 0.997046 	 0.002151 
 9980000.000 	 0.996112 	 0.002000 
10000000.000 	 0.997272 	 0.002382 
10020000.000 	 0.996934 	 0.002060 
10040000.000 	 0.998348 	 0.001236 
10060000.000 	 0.997994 	 0.001524 
10080000.000 	 0.999477 	 0.000685 
10100000.000 	 0.997934 	 0.002432 
10120000.000 	 0.998872 	 0.000795 
10140000.000 	 0.998733 	 0.001157 
10160000.000 	 0.998518 	 0.001443 
10180000.000 	 0.998660 	 0.000984 
10200000.000 	 0.999477 	 0.000500 
10220000.000 	 0.998339 	 0.001449 
10240000.000 	 0.997385 	 0.001894 
10260000.000 	 0.998714 	 0.001069 
10280000.000 	 0.999173 	 0.000675 
10300000.000 	 0.999340 	 0.000589 
10320000.000 	 0.996564 	 0.002230 
10340000.000 	 0.998152 	 0.001641 
10360000.000 	 0.995943 	 0.004256 
10380000.000 	 0.998464 	 0.001504 
10400000.000 	 0.999067 	 0.000841 
10420000.000 	 0.998646 	 0.001319 
10440000.000 	 0.998071 	 0.001762 
10460000.000 	 0.999529 	 0.000456 
10480000.000 	 0.998526 	 0.000959 
10500000.000 	 0.997297 	 0.001472 
10520000.000 	 0.996111 	 0.002649 
10540000.000 	 0.996548 	 0.003671 
10560000.000 	 0.997529 	 0.002299 
10580000.000 	 0.998542 	 0.000996 
10600000.000 	 0.989429 	 0.007559 
10620000.000 	 0.996368 	 0.002794 
10640000.000 	 0.997150 	 0.002301 
10660000.000 	 0.997719 	 0.002019 
10680000.000 	 0.999083 	 0.000581 
10700000.000 	 0.994999 	 0.005144 
10720000.000 	 0.996224 	 0.004082 
10740000.000 	 0.998713 	 0.001047 
10760000.000 	 0.998457 	 0.001633 
10780000.000 	 0.999032 	 0.000867 
10800000.000 	 0.998077 	 0.001224 
10820000.000 	 0.995829 	 0.003154 
10840000.000 	 0.995269 	 0.004209 
10860000.000 	 0.998187 	 0.001293 
10880000.000 	 0.998984 	 0.000810 
10900000.000 	 0.998976 	 0.000888 
10920000.000 	 0.998154 	 0.002038 
10940000.000 	 0.997497 	 0.002688 
10960000.000 	 0.997813 	 0.002039 
10980000.000 	 0.998661 	 0.001057 
11000000.000 	 0.999035 	 0.000780 
11020000.000 	 0.998196 	 0.002022 
11040000.000 	 0.998132 	 0.001954 
11060000.000 	 0.998375 	 0.001582 
11080000.000 	 0.998314 	 0.001174 
11100000.000 	 0.999368 	 0.000607 
11120000.000 	 0.998206 	 0.001552 
11140000.000 	 0.997393 	 0.001812 
11160000.000 	 0.996260 	 0.002303 
11180000.000 	 0.997994 	 0.001504 
11200000.000 	 0.999238 	 0.000840 
11220000.000 	 0.998492 	 0.001454 
11240000.000 	 0.999219 	 0.000709 
11260000.000 	 0.998348 	 0.001330 
11280000.000 	 0.997166 	 0.002851 
11300000.000 	 0.999106 	 0.000856 
11320000.000 	 0.993546 	 0.005593 
11340000.000 	 0.998010 	 0.001229 
11360000.000 	 0.998817 	 0.001082 
11380000.000 	 0.997795 	 0.001629 
11400000.000 	 0.998631 	 0.001453 
11420000.000 	 0.997182 	 0.001909 
11440000.000 	 0.998454 	 0.001015 
11460000.000 	 0.996315 	 0.003810 
11480000.000 	 0.998397 	 0.001307 
11500000.000 	 0.995199 	 0.003423 
11520000.000 	 0.997153 	 0.001454 
11540000.000 	 0.999199 	 0.000906 
11560000.000 	 0.999141 	 0.000912 
11580000.000 	 0.999165 	 0.000969 
11600000.000 	 0.998804 	 0.001080 
11620000.000 	 0.996261 	 0.002958 
11640000.000 	 0.994862 	 0.002269 
11660000.000 	 0.996573 	 0.002821 
11680000.000 	 0.998573 	 0.001036 
11700000.000 	 0.997812 	 0.001504 
11720000.000 	 0.997127 	 0.001692 
11740000.000 	 0.995461 	 0.002793 
11760000.000 	 0.998876 	 0.001057 
11780000.000 	 0.995934 	 0.002050 
11800000.000 	 0.998079 	 0.001377 
11820000.000 	 0.998179 	 0.001413 
11840000.000 	 0.999464 	 0.000458 
11860000.000 	 0.996350 	 0.003552 
11880000.000 	 0.999338 	 0.000700 
11900000.000 	 0.998742 	 0.001157 
11920000.000 	 0.995245 	 0.003546 
11940000.000 	 0.998634 	 0.001571 
11960000.000 	 0.997477 	 0.001664 
11980000.000 	 0.988969 	 0.007707 
12000000.000 	 0.994204 	 0.004687 
12020000.000 	 0.996399 	 0.004054 
12040000.000 	 0.998499 	 0.001161 
12060000.000 	 0.998421 	 0.001195 
12080000.000 	 0.998044 	 0.001555 
12100000.000 	 0.998165 	 0.001322 
12120000.000 	 0.999167 	 0.000583 
12140000.000 	 0.997694 	 0.001707 
12160000.000 	 0.995598 	 0.002769 
12180000.000 	 0.998065 	 0.001256 
12200000.000 	 0.997209 	 0.001077 
12220000.000 	 0.997774 	 0.001575 
12240000.000 	 0.999515 	 0.000467 
12260000.000 	 0.998537 	 0.001520 
12280000.000 	 0.996012 	 0.004028 
12300000.000 	 0.997778 	 0.001517 
12320000.000 	 0.999063 	 0.000958 
12340000.000 	 0.998916 	 0.000913 
12360000.000 	 0.998807 	 0.000968 
12380000.000 	 0.997212 	 0.002132 
12400000.000 	 0.998564 	 0.001195 
12420000.000 	 0.998297 	 0.001435 
12440000.000 	 0.996573 	 0.002777 
12460000.000 	 0.998436 	 0.001052 
12480000.000 	 0.997980 	 0.001550 
12500000.000 	 0.998312 	 0.001829 
12520000.000 	 0.998423 	 0.001721 
12540000.000 	 0.995519 	 0.005819 
12560000.000 	 0.998871 	 0.000848 
12580000.000 	 0.999371 	 0.000672 
12600000.000 	 0.998169 	 0.000882 
12620000.000 	 0.999173 	 0.000704 
12640000.000 	 0.998549 	 0.000909 
12660000.000 	 0.998066 	 0.001859 
12680000.000 	 0.999201 	 0.000559 
12700000.000 	 0.997128 	 0.001833 
12720000.000 	 0.998213 	 0.001542 
12740000.000 	 0.996290 	 0.003878 
12760000.000 	 0.996689 	 0.002174 
12780000.000 	 0.996775 	 0.002462 
12800000.000 	 0.997160 	 0.002018 
12820000.000 	 0.996303 	 0.002613 
12840000.000 	 0.998650 	 0.001253 
12860000.000 	 0.997789 	 0.001626 
12880000.000 	 0.994802 	 0.003694 
12900000.000 	 0.998574 	 0.000963 
12920000.000 	 0.998346 	 0.001688 
12940000.000 	 0.997303 	 0.001741 
12960000.000 	 0.998509 	 0.001186 
12980000.000 	 0.998076 	 0.001282 
13000000.000 	 0.998473 	 0.001235 
13020000.000 	 0.997806 	 0.002006 
13040000.000 	 0.996855 	 0.004376 
13060000.000 	 0.998732 	 0.000995 
13080000.000 	 0.999294 	 0.000685 
13100000.000 	 0.998836 	 0.000887 
13120000.000 	 0.998566 	 0.001222 
13140000.000 	 0.999074 	 0.001003 
13160000.000 	 0.999027 	 0.000640 
13180000.000 	 0.998800 	 0.001112 
13200000.000 	 0.998929 	 0.001337 
13220000.000 	 0.998585 	 0.001304 
13240000.000 	 0.996518 	 0.002956 
13260000.000 	 0.998795 	 0.000816 
13280000.000 	 0.998006 	 0.001990 
13300000.000 	 0.998809 	 0.001008 
13320000.000 	 0.998414 	 0.001578 
13340000.000 	 0.998295 	 0.001848 
13360000.000 	 0.998309 	 0.001301 
13380000.000 	 0.995988 	 0.002995 
13400000.000 	 0.998780 	 0.001061 
13420000.000 	 0.997119 	 0.002394 
13440000.000 	 0.999171 	 0.000625 
13460000.000 	 0.998216 	 0.001375 
13480000.000 	 0.997745 	 0.001934 
13500000.000 	 0.998858 	 0.001053 
13520000.000 	 0.996837 	 0.003239 
13540000.000 	 0.998142 	 0.001134 
13560000.000 	 0.998631 	 0.001077 
13580000.000 	 0.998807 	 0.001144 
13600000.000 	 0.996697 	 0.003070 
13620000.000 	 0.997647 	 0.001857 
13640000.000 	 0.998747 	 0.001220 
13660000.000 	 0.999368 	 0.000744 
13680000.000 	 0.997778 	 0.002195 
13700000.000 	 0.998960 	 0.001676 
13720000.000 	 0.999059 	 0.000784 
13740000.000 	 0.999361 	 0.000491 
13760000.000 	 0.997057 	 0.002078 
13780000.000 	 0.999194 	 0.000844 
13800000.000 	 0.997657 	 0.001977 
13820000.000 	 0.996957 	 0.002878 
13840000.000 	 0.994711 	 0.003226 
13860000.000 	 0.999373 	 0.000620 
13880000.000 	 0.997537 	 0.002245 
13900000.000 	 0.997743 	 0.001481 
13920000.000 	 0.996044 	 0.002776 
13940000.000 	 0.999066 	 0.000680 
13960000.000 	 0.997551 	 0.001242 
13980000.000 	 0.994948 	 0.004915 
14000000.000 	 0.998176 	 0.001088 
14020000.000 	 0.997987 	 0.001081 
14040000.000 	 0.999264 	 0.000560 
14060000.000 	 0.996419 	 0.002605 
14080000.000 	 0.998646 	 0.001222 
14100000.000 	 0.998492 	 0.001982 
14120000.000 	 0.996088 	 0.003430 
14140000.000 	 0.998507 	 0.001339 
14160000.000 	 0.999353 	 0.000549 
14180000.000 	 0.997254 	 0.001580 
14200000.000 	 0.997419 	 0.001727 
14220000.000 	 0.995935 	 0.002597 
14240000.000 	 0.998393 	 0.001163 
14260000.000 	 0.998553 	 0.001214 
14280000.000 	 0.998061 	 0.001845 
14300000.000 	 0.999094 	 0.000920 
14320000.000 	 0.998759 	 0.000697 
14340000.000 	 0.998929 	 0.000726 
14360000.000 	 0.999093 	 0.000709 
14380000.000 	 0.998956 	 0.000966 
14400000.000 	 0.999152 	 0.000611 
14420000.000 	 0.998509 	 0.001182 
14440000.000 	 0.999295 	 0.000811 
14460000.000 	 0.999318 	 0.000544 
14480000.000 	 0.998141 	 0.001406 
14500000.000 	 0.997175 	 0.001506 
14520000.000 	 0.997751 	 0.001915 
14540000.000 	 0.999330 	 0.000670 
14560000.000 	 0.997289 	 0.001625 
14580000.000 	 0.999429 	 0.000487 
14600000.000 	 0.997814 	 0.001510 
14620000.000 	 0.998854 	 0.000986 
14640000.000 	 0.999264 	 0.000447 
14660000.000 	 0.998044 	 0.001531 
14680000.000 	 0.998156 	 0.001622 
14700000.000 	 0.998676 	 0.001316 
14720000.000 	 0.997870 	 0.001356 
14740000.000 	 0.998370 	 0.001547 
14760000.000 	 0.998751 	 0.001394 
14780000.000 	 0.997660 	 0.002182 
14800000.000 	 0.998672 	 0.000857 
14820000.000 	 0.998293 	 0.001143 
14840000.000 	 0.998835 	 0.001027 
14860000.000 	 0.996444 	 0.004252 
14880000.000 	 0.997531 	 0.001613 
14900000.000 	 0.998506 	 0.001466 
14920000.000 	 0.996294 	 0.002765 
14940000.000 	 0.997854 	 0.001039 
14960000.000 	 0.998715 	 0.000954 
14980000.000 	 0.999210 	 0.000945 
15000000.000 	 0.998447 	 0.001432 
15020000.000 	 0.997705 	 0.002832 
15040000.000 	 0.998246 	 0.001026 
15060000.000 	 0.998111 	 0.001329 
15080000.000 	 0.997598 	 0.002195 
15100000.000 	 0.999349 	 0.000495 
15120000.000 	 0.998803 	 0.000946 
15140000.000 	 0.998496 	 0.001852 
15160000.000 	 0.998499 	 0.000932 
15180000.000 	 0.999590 	 0.000421 
15200000.000 	 0.999319 	 0.000645 
15220000.000 	 0.998688 	 0.001461 
15240000.000 	 0.999356 	 0.000899 
15260000.000 	 0.998432 	 0.001555 
15280000.000 	 0.998967 	 0.000947 
15300000.000 	 0.997972 	 0.001946 
15320000.000 	 0.998625 	 0.001366 
15340000.000 	 0.999575 	 0.000506 
15360000.000 	 0.998846 	 0.000902 
15380000.000 	 0.999085 	 0.000832 
15400000.000 	 0.999154 	 0.000735 
15420000.000 	 0.999069 	 0.000656 
15440000.000 	 0.999147 	 0.000680 
15460000.000 	 0.997472 	 0.001651 
15480000.000 	 0.998878 	 0.000802 
15500000.000 	 0.998702 	 0.001223 
15520000.000 	 0.999432 	 0.000526 
15540000.000 	 0.996551 	 0.003722 
15560000.000 	 0.999123 	 0.000980 
15580000.000 	 0.997467 	 0.001211 
15600000.000 	 0.999123 	 0.000780 
15620000.000 	 0.999042 	 0.000855 
15640000.000 	 0.998821 	 0.000747 
15660000.000 	 0.998897 	 0.000857 
15680000.000 	 0.999069 	 0.000741 
15700000.000 	 0.998904 	 0.001696 
15720000.000 	 0.998580 	 0.001213 
15740000.000 	 0.998737 	 0.001136 
15760000.000 	 0.997097 	 0.002088 
15780000.000 	 0.997524 	 0.001326 
15800000.000 	 0.998783 	 0.001096 
15820000.000 	 0.996932 	 0.001570 
15840000.000 	 0.997772 	 0.001881 
15860000.000 	 0.998014 	 0.001457 
15880000.000 	 0.998606 	 0.001122 
15900000.000 	 0.998427 	 0.001222 
15920000.000 	 0.998021 	 0.001933 
15940000.000 	 0.998710 	 0.000949 
15960000.000 	 0.998593 	 0.001118 
15980000.000 	 0.996295 	 0.001738 
16000000.000 	 0.998351 	 0.001046 
16020000.000 	 0.999354 	 0.000693 
16040000.000 	 0.999269 	 0.000582 
16060000.000 	 0.998922 	 0.000843 
16080000.000 	 0.997307 	 0.002631 
16100000.000 	 0.999461 	 0.000467 
16120000.000 	 0.998691 	 0.001020 
16140000.000 	 0.998734 	 0.001616 
16160000.000 	 0.998192 	 0.001392 
16180000.000 	 0.997981 	 0.002090 
16200000.000 	 0.995754 	 0.002160 
16220000.000 	 0.996874 	 0.001427 
16240000.000 	 0.998671 	 0.001263 
16260000.000 	 0.998825 	 0.001153 
16280000.000 	 0.999340 	 0.000650 
16300000.000 	 0.999368 	 0.000555 
16320000.000 	 0.999420 	 0.000537 
16340000.000 	 0.999121 	 0.001081 
16360000.000 	 0.997961 	 0.001172 
16380000.000 	 0.998279 	 0.001635 
16400000.000 	 0.997443 	 0.001657 
16420000.000 	 0.999385 	 0.000514 
16440000.000 	 0.998472 	 0.001319 
16460000.000 	 0.997313 	 0.001938 
16480000.000 	 0.998821 	 0.001234 
16500000.000 	 0.998659 	 0.000992 
16520000.000 	 0.997952 	 0.001040 
16540000.000 	 0.997436 	 0.001440 
16560000.000 	 0.997168 	 0.001609 
16580000.000 	 0.995786 	 0.002141 
16600000.000 	 0.995568 	 0.002753 
16620000.000 	 0.997485 	 0.001442 
16640000.000 	 0.997697 	 0.001386 
16660000.000 	 0.998514 	 0.001115 
16680000.000 	 0.997800 	 0.002630 
16700000.000 	 0.999390 	 0.000472 
16720000.000 	 0.997806 	 0.001388 
16740000.000 	 0.998555 	 0.001540 
16760000.000 	 0.998666 	 0.001158 
16780000.000 	 0.998649 	 0.000971 
16800000.000 	 0.999462 	 0.000585 
16820000.000 	 0.998385 	 0.001952 
16840000.000 	 0.998730 	 0.001532 
16860000.000 	 0.998365 	 0.000933 
16880000.000 	 0.998222 	 0.001040 
16900000.000 	 0.998262 	 0.001293 
16920000.000 	 0.999593 	 0.000392 
16940000.000 	 0.999625 	 0.000373 
16960000.000 	 0.999026 	 0.000997 
16980000.000 	 0.997566 	 0.002348 
17000000.000 	 0.998892 	 0.001165 
17020000.000 	 0.999318 	 0.000445 
17040000.000 	 0.998689 	 0.001227 
17060000.000 	 0.998648 	 0.001020 
17080000.000 	 0.999050 	 0.000749 
17100000.000 	 0.996625 	 0.001804 
17120000.000 	 0.998932 	 0.000918 
17140000.000 	 0.998806 	 0.000981 
17160000.000 	 0.999248 	 0.000504 
17180000.000 	 0.998136 	 0.000828 
17200000.000 	 0.999411 	 0.000658 
17220000.000 	 0.998479 	 0.001432 
17240000.000 	 0.998941 	 0.001101 
17260000.000 	 0.997002 	 0.002212 
17280000.000 	 0.999359 	 0.000503 
17300000.000 	 0.998202 	 0.001365 
17320000.000 	 0.996796 	 0.002965 
17340000.000 	 0.998579 	 0.001038 
17360000.000 	 0.998296 	 0.001161 
17380000.000 	 0.998512 	 0.001190 
17400000.000 	 0.999140 	 0.000533 
17420000.000 	 0.999175 	 0.000593 
17440000.000 	 0.998914 	 0.000808 
17460000.000 	 0.998537 	 0.001327 
17480000.000 	 0.998489 	 0.001446 
17500000.000 	 0.999025 	 0.000895 
17520000.000 	 0.998321 	 0.001069 
17540000.000 	 0.999293 	 0.000694 
17560000.000 	 0.998300 	 0.000927 
17580000.000 	 0.997824 	 0.001223 
17600000.000 	 0.998329 	 0.000942 
17620000.000 	 0.998880 	 0.001424 
17640000.000 	 0.998834 	 0.001215 
17660000.000 	 0.997293 	 0.001207 
17680000.000 	 0.999107 	 0.000693 
17700000.000 	 0.998132 	 0.000849 
17720000.000 	 0.998923 	 0.001528 
17740000.000 	 0.998939 	 0.000978 
17760000.000 	 0.998705 	 0.001244 
17780000.000 	 0.998312 	 0.000912 
17800000.000 	 0.996894 	 0.003603 
17820000.000 	 0.998772 	 0.000886 
17840000.000 	 0.998738 	 0.000905 
17860000.000 	 0.998435 	 0.000920 
17880000.000 	 0.998146 	 0.002177 
17900000.000 	 0.999373 	 0.000649 
17920000.000 	 0.997106 	 0.002027 
17940000.000 	 0.998343 	 0.000965 
17960000.000 	 0.995800 	 0.002441 
17980000.000 	 0.997785 	 0.002020 
18000000.000 	 0.998650 	 0.001406 
18020000.000 	 0.999076 	 0.000891 
18040000.000 	 0.996647 	 0.003872 
18060000.000 	 0.997700 	 0.001127 
18080000.000 	 0.996338 	 0.002514 
18100000.000 	 0.998717 	 0.000947 
18120000.000 	 0.998000 	 0.001895 
18140000.000 	 0.998740 	 0.001279 
18160000.000 	 0.997788 	 0.001221 
18180000.000 	 0.999185 	 0.001227 
18200000.000 	 0.999132 	 0.000646 
18220000.000 	 0.997867 	 0.001396 
18240000.000 	 0.997704 	 0.001579 
18260000.000 	 0.998330 	 0.001201 
18280000.000 	 0.999181 	 0.000645 
18300000.000 	 0.997923 	 0.001050 
18320000.000 	 0.996372 	 0.002325 
18340000.000 	 0.998964 	 0.000773 
18360000.000 	 0.995916 	 0.003277 
18380000.000 	 0.998034 	 0.001086 
18400000.000 	 0.998002 	 0.001279 
18420000.000 	 0.999217 	 0.000773 
18440000.000 	 0.999225 	 0.000631 
18460000.000 	 0.998495 	 0.001323 
18480000.000 	 0.999231 	 0.000753 
18500000.000 	 0.998455 	 0.001193 
18520000.000 	 0.996537 	 0.003262 
18540000.000 	 0.998439 	 0.000939 
18560000.000 	 0.999206 	 0.000677 
18580000.000 	 0.995969 	 0.003738 
18600000.000 	 0.998637 	 0.001155 
18620000.000 	 0.999067 	 0.000598 
18640000.000 	 0.998553 	 0.001376 
18660000.000 	 0.999320 	 0.000653 
18680000.000 	 0.998714 	 0.001027 
18700000.000 	 0.997190 	 0.002650 
18720000.000 	 0.999293 	 0.000661 
18740000.000 	 0.998707 	 0.001353 
18760000.000 	 0.997725 	 0.002207 
18780000.000 	 0.994973 	 0.001994 
18800000.000 	 0.998593 	 0.000823 
18820000.000 	 0.997751 	 0.002548 
18840000.000 	 0.998497 	 0.000981 
18860000.000 	 0.995555 	 0.002451 
18880000.000 	 0.998303 	 0.001004 
18900000.000 	 0.997755 	 0.002090 
18920000.000 	 0.998545 	 0.001463 
18940000.000 	 0.999300 	 0.000606 
18960000.000 	 0.998720 	 0.000666 
18980000.000 	 0.998551 	 0.000836 
19000000.000 	 0.999278 	 0.000701 
19020000.000 	 0.995623 	 0.002238 
19040000.000 	 0.999243 	 0.000829 
19060000.000 	 0.998336 	 0.001855 
19080000.000 	 0.998434 	 0.001315 
19100000.000 	 0.998895 	 0.000958 
19120000.000 	 0.994886 	 0.004456 
19140000.000 	 0.998684 	 0.001470 
19160000.000 	 0.998926 	 0.000878 
19180000.000 	 0.996988 	 0.003579 
19200000.000 	 0.997475 	 0.002174 
19220000.000 	 0.998899 	 0.001012 
19240000.000 	 0.998929 	 0.000650 
19260000.000 	 0.998173 	 0.001764 
19280000.000 	 0.996145 	 0.001748 
19300000.000 	 0.996314 	 0.002222 
19320000.000 	 0.998025 	 0.001704 
19340000.000 	 0.998891 	 0.001239 
19360000.000 	 0.999304 	 0.000534 
19380000.000 	 0.998101 	 0.000871 
19400000.000 	 0.999518 	 0.000378 
19420000.000 	 0.998461 	 0.001542 
19440000.000 	 0.997399 	 0.001203 
19460000.000 	 0.999554 	 0.000539 
19480000.000 	 0.998895 	 0.000932 
19500000.000 	 0.999205 	 0.000604 
19520000.000 	 0.997991 	 0.002110 
19540000.000 	 0.998761 	 0.000846 
19560000.000 	 0.998460 	 0.001349 
19580000.000 	 0.995808 	 0.002669 
19600000.000 	 0.996223 	 0.001782 
19620000.000 	 0.995971 	 0.002661 
19640000.000 	 0.994894 	 0.003286 
19660000.000 	 0.997782 	 0.001129 
19680000.000 	 0.999071 	 0.000918 
19700000.000 	 0.996679 	 0.002242 
19720000.000 	 0.997581 	 0.002017 
19740000.000 	 0.997951 	 0.002144 
19760000.000 	 0.996964 	 0.001986 
19780000.000 	 0.998111 	 0.001924 
19800000.000 	 0.997840 	 0.002153 
19820000.000 	 0.998402 	 0.001916 
19840000.000 	 0.998838 	 0.001538 
19860000.000 	 0.996726 	 0.002761 
19880000.000 	 0.997662 	 0.002025 
19900000.000 	 0.999233 	 0.000825 
19920000.000 	 0.998946 	 0.001014 
19940000.000 	 0.998574 	 0.001076 
19960000.000 	 0.999286 	 0.000784 
19980000.000 	 0.998014 	 0.002209 
20000000.000 	 0.998578 	 0.001320 
20020000.000 	 0.998518 	 0.001678 
20040000.000 	 0.999261 	 0.000609 
20060000.000 	 0.999331 	 0.000533 
20080000.000 	 0.997840 	 0.002146 
20100000.000 	 0.998851 	 0.000997 
20120000.000 	 0.998769 	 0.001031 
20140000.000 	 0.998815 	 0.001416 
20160000.000 	 0.995726 	 0.002257 
20180000.000 	 0.998510 	 0.001286 
20200000.000 	 0.998818 	 0.000989 
20220000.000 	 0.998759 	 0.000988 
20240000.000 	 0.998968 	 0.001162 
20260000.000 	 0.997604 	 0.001965 
20280000.000 	 0.998096 	 0.001203 
20300000.000 	 0.997620 	 0.001212 
20320000.000 	 0.998563 	 0.000984 
20340000.000 	 0.998705 	 0.001567 
20360000.000 	 0.999617 	 0.000406 
20380000.000 	 0.998912 	 0.000911 
20400000.000 	 0.997619 	 0.002838 
20420000.000 	 0.998465 	 0.000948 
20440000.000 	 0.998714 	 0.000922 
20460000.000 	 0.997297 	 0.001507 
20480000.000 	 0.998489 	 0.001107 
20500000.000 	 0.998188 	 0.001610 
20520000.000 	 0.998142 	 0.001601 
20540000.000 	 0.997751 	 0.001451 
20560000.000 	 0.996600 	 0.001854 
20580000.000 	 0.998130 	 0.001738 
20600000.000 	 0.999391 	 0.000613 
20620000.000 	 0.996225 	 0.002618 
20640000.000 	 0.994514 	 0.004883 
20660000.000 	 0.993683 	 0.004549 
20680000.000 	 0.999212 	 0.000768 
20700000.000 	 0.998617 	 0.000886 
20720000.000 	 0.998769 	 0.001149 
20740000.000 	 0.996768 	 0.001993 
20760000.000 	 0.997249 	 0.002106 
20780000.000 	 0.999202 	 0.000607 
20800000.000 	 0.999385 	 0.000647 
20820000.000 	 0.997885 	 0.001253 
20840000.000 	 0.998404 	 0.002011 
20860000.000 	 0.998929 	 0.000962 
20880000.000 	 0.997611 	 0.001550 
20900000.000 	 0.999068 	 0.000788 
20920000.000 	 0.998852 	 0.000903 
20940000.000 	 0.998855 	 0.000890 
20960000.000 	 0.997733 	 0.002888 
20980000.000 	 0.998780 	 0.000929 
21000000.000 	 0.999231 	 0.000590 
21020000.000 	 0.997532 	 0.001707 
21040000.000 	 0.997554 	 0.001860 
21060000.000 	 0.999092 	 0.000857 
21080000.000 	 0.998803 	 0.000993 
21100000.000 	 0.999056 	 0.000660 
21120000.000 	 0.998703 	 0.000764 
21140000.000 	 0.997962 	 0.001756 
21160000.000 	 0.998801 	 0.001398 
21180000.000 	 0.997919 	 0.001534 
21200000.000 	 0.999364 	 0.000547 
21220000.000 	 0.998657 	 0.001181 
21240000.000 	 0.998923 	 0.001345 
21260000.000 	 0.998392 	 0.001033 
21280000.000 	 0.997482 	 0.001320 
21300000.000 	 0.997226 	 0.001997 
21320000.000 	 0.998530 	 0.001626 
21340000.000 	 0.998086 	 0.001852 
21360000.000 	 0.998861 	 0.000903 
21380000.000 	 0.998672 	 0.001020 
21400000.000 	 0.998734 	 0.000781 
21420000.000 	 0.997200 	 0.001715 
21440000.000 	 0.998627 	 0.001433 
21460000.000 	 0.998128 	 0.001398 
21480000.000 	 0.998483 	 0.001285 
21500000.000 	 0.998672 	 0.001286 
21520000.000 	 0.996148 	 0.002445 
21540000.000 	 0.999124 	 0.000783 
21560000.000 	 0.999008 	 0.001089 
21580000.000 	 0.996968 	 0.001362 
21600000.000 	 0.998201 	 0.000897 
21620000.000 	 0.997870 	 0.001336 
21640000.000 	 0.996716 	 0.002195 
21660000.000 	 0.998456 	 0.001544 
21680000.000 	 0.995956 	 0.002531 
21700000.000 	 0.999281 	 0.000589 
21720000.000 	 0.998809 	 0.000952 
21740000.000 	 0.998886 	 0.000857 
21760000.000 	 0.999390 	 0.000725 
21780000.000 	 0.999275 	 0.000430 
21800000.000 	 0.998336 	 0.001268 
21820000.000 	 0.998514 	 0.001605 
21840000.000 	 0.999089 	 0.000810 
21860000.000 	 0.997586 	 0.001771 
21880000.000 	 0.998451 	 0.001797 
21900000.000 	 0.999106 	 0.000838 
21920000.000 	 0.999001 	 0.000884 
21940000.000 	 0.996408 	 0.001975 
21960000.000 	 0.993359 	 0.004121 
21980000.000 	 0.998614 	 0.001523 
22000000.000 	 0.998439 	 0.001019 
22020000.000 	 0.998083 	 0.001436 
22040000.000 	 0.998611 	 0.001323 
22060000.000 	 0.998251 	 0.001224 
22080000.000 	 0.999141 	 0.001029 
22100000.000 	 0.998020 	 0.001366 
22120000.000 	 0.998328 	 0.000879 
22140000.000 	 0.998046 	 0.002018 
22160000.000 	 0.998044 	 0.001974 
22180000.000 	 0.998790 	 0.000853 
22200000.000 	 0.999032 	 0.000654 
22220000.000 	 0.996672 	 0.002079 
22240000.000 	 0.998719 	 0.000837 
22260000.000 	 0.997711 	 0.001436 
22280000.000 	 0.995657 	 0.004846 
22300000.000 	 0.996418 	 0.002501 
22320000.000 	 0.997270 	 0.001489 
22340000.000 	 0.999332 	 0.000720 
22360000.000 	 0.999215 	 0.000686 
22380000.000 	 0.997718 	 0.001399 
22400000.000 	 0.998429 	 0.001634 
22420000.000 	 0.998203 	 0.001444 
22440000.000 	 0.997850 	 0.001950 
22460000.000 	 0.998163 	 0.000996 
22480000.000 	 0.998400 	 0.001925 
22500000.000 	 0.996652 	 0.002671 
22520000.000 	 0.998194 	 0.001483 
22540000.000 	 0.998862 	 0.001277 
22560000.000 	 0.998259 	 0.001803 
22580000.000 	 0.998898 	 0.000885 
22600000.000 	 0.998244 	 0.001390 
22620000.000 	 0.998019 	 0.001301 
22640000.000 	 0.998070 	 0.002043 
22660000.000 	 0.999401 	 0.000499 
22680000.000 	 0.997670 	 0.002370 
22700000.000 	 0.999664 	 0.000259 
22720000.000 	 0.997545 	 0.001159 
22740000.000 	 0.997196 	 0.002901 
22760000.000 	 0.999284 	 0.000693 
22780000.000 	 0.998801 	 0.001112 
22800000.000 	 0.999122 	 0.000833 
22820000.000 	 0.999344 	 0.000539 
22840000.000 	 0.999272 	 0.000608 
22860000.000 	 0.998254 	 0.001124 
22880000.000 	 0.999059 	 0.000984 
22900000.000 	 0.998774 	 0.001430 
22920000.000 	 0.998709 	 0.000945 
22940000.000 	 0.998615 	 0.000493 
22960000.000 	 0.997359 	 0.002896 
22980000.000 	 0.998260 	 0.001396 
23000000.000 	 0.998870 	 0.001286 
23020000.000 	 0.998052 	 0.001785 
23040000.000 	 0.998239 	 0.001006 
23060000.000 	 0.998698 	 0.000859 
23080000.000 	 0.997972 	 0.001257 
23100000.000 	 0.998733 	 0.001185 
23120000.000 	 0.998851 	 0.001061 
23140000.000 	 0.997529 	 0.001709 
23160000.000 	 0.998788 	 0.000859 
23180000.000 	 0.999477 	 0.000505 
23200000.000 	 0.997943 	 0.001820 
23220000.000 	 0.998866 	 0.000980 
23240000.000 	 0.998942 	 0.001067 
23260000.000 	 0.996476 	 0.001644 
23280000.000 	 0.999583 	 0.000440 
23300000.000 	 0.998113 	 0.001291 
23320000.000 	 0.998747 	 0.000952 
23340000.000 	 0.999142 	 0.000815 
23360000.000 	 0.998047 	 0.000842 
23380000.000 	 0.998696 	 0.000750 
23400000.000 	 0.998970 	 0.000739 
23420000.000 	 0.998904 	 0.000813 
23440000.000 	 0.998753 	 0.000981 
23460000.000 	 0.999065 	 0.000933 
23480000.000 	 0.998640 	 0.000962 
23500000.000 	 0.998640 	 0.000899 
23520000.000 	 0.996826 	 0.002032 
23540000.000 	 0.998728 	 0.001688 
23560000.000 	 0.999218 	 0.000924 
23580000.000 	 0.999432 	 0.000520 
23600000.000 	 0.999031 	 0.000795 
23620000.000 	 0.998926 	 0.001174 
23640000.000 	 0.997875 	 0.002036 
23660000.000 	 0.998873 	 0.000720 
23680000.000 	 0.998483 	 0.001147 
23700000.000 	 0.998852 	 0.000846 
23720000.000 	 0.998975 	 0.000676 
23740000.000 	 0.998658 	 0.002289 
23760000.000 	 0.998807 	 0.000656 
23780000.000 	 0.999299 	 0.000802 
23800000.000 	 0.999331 	 0.000660 
23820000.000 	 0.998526 	 0.001101 
23840000.000 	 0.996736 	 0.003682 
23860000.000 	 0.998426 	 0.001508 
23880000.000 	 0.999425 	 0.000528 
23900000.000 	 0.998947 	 0.000749 
23920000.000 	 0.998522 	 0.001224 
23940000.000 	 0.998752 	 0.001188 
23960000.000 	 0.998290 	 0.001503 
23980000.000 	 0.998720 	 0.001046 
24000000.000 	 0.997936 	 0.001644 
24020000.000 	 0.999180 	 0.000957 
24040000.000 	 0.998769 	 0.001096 
24060000.000 	 0.998542 	 0.001331 
24080000.000 	 0.997433 	 0.002132 
24100000.000 	 0.998022 	 0.001380 
24120000.000 	 0.998831 	 0.000697 
24140000.000 	 0.999285 	 0.000594 
24160000.000 	 0.998325 	 0.001756 
24180000.000 	 0.999130 	 0.000843 
24200000.000 	 0.998215 	 0.000998 
24220000.000 	 0.997492 	 0.001746 
24240000.000 	 0.999079 	 0.000548 
24260000.000 	 0.998568 	 0.001064 
24280000.000 	 0.997895 	 0.001907 
24300000.000 	 0.998121 	 0.000923 
24320000.000 	 0.999287 	 0.000590 
24340000.000 	 0.997121 	 0.002566 
24360000.000 	 0.999032 	 0.000639 
24380000.000 	 0.998979 	 0.000773 
24400000.000 	 0.998261 	 0.001192 
24420000.000 	 0.998735 	 0.000840 
24440000.000 	 0.998725 	 0.001261 
24460000.000 	 0.998995 	 0.000829 
24480000.000 	 0.998908 	 0.000885 
24500000.000 	 0.999290 	 0.000528 
24520000.000 	 0.998870 	 0.000958 
24540000.000 	 0.998754 	 0.001076 
24560000.000 	 0.996249 	 0.001820 
24580000.000 	 0.999034 	 0.001083 
24600000.000 	 0.999074 	 0.000817 
24620000.000 	 0.998408 	 0.001473 
24640000.000 	 0.996004 	 0.002194 
24660000.000 	 0.999034 	 0.000659 
24680000.000 	 0.998027 	 0.001685 
24700000.000 	 0.998284 	 0.001651 
24720000.000 	 0.998946 	 0.000868 
24740000.000 	 0.998176 	 0.001354 
24760000.000 	 0.998874 	 0.000804 
24780000.000 	 0.998936 	 0.001421 
24800000.000 	 0.998131 	 0.001910 
24820000.000 	 0.999360 	 0.000447 
24840000.000 	 0.997837 	 0.001586 
24860000.000 	 0.997963 	 0.001851 
24880000.000 	 0.998241 	 0.001503 
24900000.000 	 0.999019 	 0.001116 
24920000.000 	 0.999029 	 0.000996 
24940000.000 	 0.999098 	 0.000903 
24960000.000 	 0.998787 	 0.000974 
24980000.000 	 0.998503 	 0.001000 
25000000.000 	 0.996949 	 0.002061 
25020000.000 	 0.998293 	 0.001713 
25040000.000 	 0.996901 	 0.002407 
25060000.000 	 0.999020 	 0.000993 
25080000.000 	 0.997904 	 0.001580 
25100000.000 	 0.996741 	 0.001506 
25120000.000 	 0.998374 	 0.000842 
25140000.000 	 0.997400 	 0.001836 
25160000.000 	 0.994377 	 0.005312 
25180000.000 	 0.998424 	 0.000995 
25200000.000 	 0.998326 	 0.001119 
25220000.000 	 0.998985 	 0.000828 
25240000.000 	 0.998689 	 0.001544 
25260000.000 	 0.998297 	 0.001364 
25280000.000 	 0.998911 	 0.001351 
25300000.000 	 0.999228 	 0.000664 
25320000.000 	 0.999546 	 0.000409 
25340000.000 	 0.997924 	 0.001639 
25360000.000 	 0.996525 	 0.001917 
25380000.000 	 0.997704 	 0.002049 
25400000.000 	 0.998990 	 0.000849 
25420000.000 	 0.999008 	 0.000901 
25440000.000 	 0.998495 	 0.001143 
25460000.000 	 0.998068 	 0.001698 
25480000.000 	 0.999274 	 0.000973 
25500000.000 	 0.999115 	 0.000667 
25520000.000 	 0.998924 	 0.000871 
25540000.000 	 0.997683 	 0.003076 
25560000.000 	 0.997817 	 0.002366 
25580000.000 	 0.997560 	 0.001879 
25600000.000 	 0.998601 	 0.001058 
25620000.000 	 0.998078 	 0.001259 
25640000.000 	 0.998680 	 0.001649 
25660000.000 	 0.998685 	 0.000838 
25680000.000 	 0.999315 	 0.000614 
25700000.000 	 0.997589 	 0.001560 
25720000.000 	 0.997764 	 0.002066 
25740000.000 	 0.998987 	 0.000900 
25760000.000 	 0.998943 	 0.000934 
25780000.000 	 0.996922 	 0.003148 
25800000.000 	 0.998677 	 0.000911 
25820000.000 	 0.997977 	 0.001576 
25840000.000 	 0.996618 	 0.001590 
25860000.000 	 0.998457 	 0.000965 
25880000.000 	 0.999166 	 0.000765 
25900000.000 	 0.998961 	 0.000663 
25920000.000 	 0.999612 	 0.000411 
25940000.000 	 0.998878 	 0.000611 
25960000.000 	 0.995486 	 0.003858 
25980000.000 	 0.999088 	 0.000874 
26000000.000 	 0.998386 	 0.002397 
26020000.000 	 0.998307 	 0.001644 
26040000.000 	 0.998426 	 0.000968 
26060000.000 	 0.998072 	 0.001908 
26080000.000 	 0.998778 	 0.000841 
26100000.000 	 0.999716 	 0.000235 
26120000.000 	 0.997367 	 0.001708 
26140000.000 	 0.999218 	 0.000769 
26160000.000 	 0.997896 	 0.001293 
26180000.000 	 0.995809 	 0.003182 
26200000.000 	 0.998701 	 0.000831 
26220000.000 	 0.997803 	 0.001591 
26240000.000 	 0.999460 	 0.000473 
26260000.000 	 0.999052 	 0.001332 
26280000.000 	 0.998912 	 0.000869 
26300000.000 	 0.995081 	 0.003003 
26320000.000 	 0.997623 	 0.001577 
26340000.000 	 0.998451 	 0.001249 
26360000.000 	 0.997418 	 0.002221 
26380000.000 	 0.998691 	 0.001132 
26400000.000 	 0.997989 	 0.001476 
26420000.000 	 0.998325 	 0.001532 
26440000.000 	 0.998284 	 0.001156 
26460000.000 	 0.999055 	 0.000683 
26480000.000 	 0.999161 	 0.000921 
26500000.000 	 0.997690 	 0.001237 
26520000.000 	 0.998267 	 0.001620 
26540000.000 	 0.997548 	 0.001889 
26560000.000 	 0.998751 	 0.000918 
26580000.000 	 0.998192 	 0.001122 
26600000.000 	 0.996478 	 0.002143 
26620000.000 	 0.998216 	 0.001563 
26640000.000 	 0.998759 	 0.001043 
26660000.000 	 0.999043 	 0.000777 
26680000.000 	 0.998519 	 0.000793 
26700000.000 	 0.998251 	 0.001115 
26720000.000 	 0.999292 	 0.000635 
26740000.000 	 0.998985 	 0.000783 
26760000.000 	 0.997023 	 0.001956 
26780000.000 	 0.999044 	 0.000899 
26800000.000 	 0.997688 	 0.001446 
26820000.000 	 0.997891 	 0.001284 
26840000.000 	 0.996954 	 0.002565 
26860000.000 	 0.996212 	 0.002970 
26880000.000 	 0.997827 	 0.001221 
26900000.000 	 0.996747 	 0.001227 
26920000.000 	 0.999178 	 0.000914 
26940000.000 	 0.997454 	 0.003809 
26960000.000 	 0.999179 	 0.000825 
26980000.000 	 0.996112 	 0.002772 
27000000.000 	 0.997044 	 0.001477 
27020000.000 	 0.999489 	 0.000349 
27040000.000 	 0.998795 	 0.001178 
27060000.000 	 0.997852 	 0.001628 
27080000.000 	 0.999211 	 0.000792 
27100000.000 	 0.998940 	 0.000908 
27120000.000 	 0.998503 	 0.001081 
27140000.000 	 0.999074 	 0.000813 
27160000.000 	 0.998485 	 0.001158 
27180000.000 	 0.999078 	 0.000763 
27200000.000 	 0.998948 	 0.000924 
27220000.000 	 0.995317 	 0.002225 
27240000.000 	 0.999462 	 0.000519 
27260000.000 	 0.996777 	 0.002814 
27280000.000 	 0.998168 	 0.000902 
27300000.000 	 0.998153 	 0.001292 
27320000.000 	 0.998350 	 0.001886 
27340000.000 	 0.995121 	 0.003285 
27360000.000 	 0.998421 	 0.001237 
27380000.000 	 0.997471 	 0.002337 
27400000.000 	 0.998807 	 0.001101 
27420000.000 	 0.998812 	 0.000925 
27440000.000 	 0.997404 	 0.001314 
27460000.000 	 0.999455 	 0.000441 
27480000.000 	 0.999319 	 0.000546 
27500000.000 	 0.998329 	 0.001729 
27520000.000 	 0.998823 	 0.000901 
27540000.000 	 0.999361 	 0.000470 
27560000.000 	 0.998297 	 0.001109 
27580000.000 	 0.999368 	 0.000471 
27600000.000 	 0.999373 	 0.000571 
27620000.000 	 0.998912 	 0.000875 
27640000.000 	 0.999133 	 0.000717 
27660000.000 	 0.996635 	 0.003076 
27680000.000 	 0.998136 	 0.001140 
27700000.000 	 0.998272 	 0.001462 
27720000.000 	 0.998964 	 0.000877 
27740000.000 	 0.998838 	 0.001249 
27760000.000 	 0.999112 	 0.000703 
27780000.000 	 0.996191 	 0.003387 
27800000.000 	 0.998586 	 0.001978 
27820000.000 	 0.997775 	 0.001479 
27840000.000 	 0.998628 	 0.001183 
27860000.000 	 0.999422 	 0.000541 
27880000.000 	 0.998963 	 0.000814 
27900000.000 	 0.996751 	 0.001675 
27920000.000 	 0.997890 	 0.001880 
27940000.000 	 0.997225 	 0.002328 
27960000.000 	 0.998768 	 0.000636 
27980000.000 	 0.995996 	 0.005606 
28000000.000 	 0.996486 	 0.001751 
28020000.000 	 0.998408 	 0.001174 
28040000.000 	 0.999148 	 0.000567 
28060000.000 	 0.997144 	 0.001730 
28080000.000 	 0.998256 	 0.001462 
28100000.000 	 0.996504 	 0.001624 
28120000.000 	 0.996976 	 0.002086 
28140000.000 	 0.999110 	 0.000600 
28160000.000 	 0.996982 	 0.001399 
28180000.000 	 0.997103 	 0.002213 
28200000.000 	 0.997815 	 0.001560 
28220000.000 	 0.996164 	 0.002271 
28240000.000 	 0.998142 	 0.001742 
28260000.000 	 0.998763 	 0.001309 
28280000.000 	 0.996933 	 0.001204 
28300000.000 	 0.995819 	 0.003840 
28320000.000 	 0.997963 	 0.002053 
28340000.000 	 0.999325 	 0.000732 
28360000.000 	 0.997669 	 0.001980 
28380000.000 	 0.998666 	 0.001217 
28400000.000 	 0.997967 	 0.001703 
28420000.000 	 0.997914 	 0.001566 
28440000.000 	 0.999520 	 0.000400 
28460000.000 	 0.998676 	 0.001172 
28480000.000 	 0.997914 	 0.001589 
28500000.000 	 0.998813 	 0.000744 
28520000.000 	 0.999343 	 0.000728 
28540000.000 	 0.995227 	 0.002904 
28560000.000 	 0.996461 	 0.002150 
28580000.000 	 0.998258 	 0.001085 
28600000.000 	 0.996986 	 0.001721 
28620000.000 	 0.997067 	 0.001148 
28640000.000 	 0.999211 	 0.000668 
28660000.000 	 0.999151 	 0.000953 
28680000.000 	 0.999351 	 0.000694 
28700000.000 	 0.999145 	 0.000792 
28720000.000 	 0.998508 	 0.001116 
28740000.000 	 0.998676 	 0.001250 
28760000.000 	 0.996973 	 0.002492 
28780000.000 	 0.998857 	 0.000949 
28800000.000 	 0.998389 	 0.001035 
28820000.000 	 0.997958 	 0.001341 
28840000.000 	 0.999438 	 0.000565 
28860000.000 	 0.998997 	 0.000668 
28880000.000 	 0.999033 	 0.000848 
28900000.000 	 0.998336 	 0.001590 
28920000.000 	 0.998872 	 0.000899 
28940000.000 	 0.998839 	 0.000646 
28960000.000 	 0.999138 	 0.000867 
28980000.000 	 0.998776 	 0.001058 
29000000.000 	 0.999061 	 0.000819 
29020000.000 	 0.998845 	 0.000831 
29040000.000 	 0.998992 	 0.001010 
29060000.000 	 0.998135 	 0.001719 
29080000.000 	 0.998660 	 0.000813 
29100000.000 	 0.998350 	 0.001685 
29120000.000 	 0.998882 	 0.000808 
29140000.000 	 0.999447 	 0.000525 
29160000.000 	 0.997898 	 0.001656 
29180000.000 	 0.998376 	 0.001621 
29200000.000 	 0.998357 	 0.001180 
29220000.000 	 0.999559 	 0.000392 
29240000.000 	 0.999468 	 0.000503 
29260000.000 	 0.998647 	 0.001622 
29280000.000 	 0.998256 	 0.001585 
29300000.000 	 0.998733 	 0.001171 
29320000.000 	 0.998811 	 0.000978 
29340000.000 	 0.999070 	 0.000919 
29360000.000 	 0.997785 	 0.001988 
29380000.000 	 0.999219 	 0.000745 
29400000.000 	 0.999143 	 0.000626 
29420000.000 	 0.997669 	 0.001321 
29440000.000 	 0.998527 	 0.001872 
29460000.000 	 0.997795 	 0.001389 
29480000.000 	 0.999619 	 0.000372 
29500000.000 	 0.996663 	 0.003957 
29520000.000 	 0.999035 	 0.000839 
29540000.000 	 0.999034 	 0.000736 
29560000.000 	 0.999265 	 0.000827 
29580000.000 	 0.998624 	 0.000829 
29600000.000 	 0.997259 	 0.002419 
29620000.000 	 0.998088 	 0.002378 
29640000.000 	 0.999130 	 0.000716 
29660000.000 	 0.998963 	 0.000673 
29680000.000 	 0.998861 	 0.000711 
29700000.000 	 0.997454 	 0.001791 
29720000.000 	 0.999273 	 0.000549 
29740000.000 	 0.997974 	 0.001682 
29760000.000 	 0.999036 	 0.000787 
29780000.000 	 0.999312 	 0.000736 
29800000.000 	 0.998756 	 0.000837 
29820000.000 	 0.999159 	 0.000623 
29840000.000 	 0.998754 	 0.000836 
29860000.000 	 0.998864 	 0.000893 
29880000.000 	 0.997599 	 0.001829 
29900000.000 	 0.999439 	 0.000480 
29920000.000 	 0.997044 	 0.001802 
29940000.000 	 0.998860 	 0.001109 
29960000.000 	 0.998830 	 0.001206 
29980000.000 	 0.998405 	 0.001636 
30000000.000 	 0.997869 	 0.001406 
30020000.000 	 0.998867 	 0.001104 
30040000.000 	 0.999189 	 0.000714 
30060000.000 	 0.997791 	 0.002003 
30080000.000 	 0.998700 	 0.000924 
30100000.000 	 0.998827 	 0.001052 
30120000.000 	 0.998897 	 0.000709 
30140000.000 	 0.995307 	 0.003192 
30160000.000 	 0.999147 	 0.000898 
30180000.000 	 0.999454 	 0.000619 
30200000.000 	 0.999107 	 0.000823 
30220000.000 	 0.998969 	 0.000802 
30240000.000 	 0.998437 	 0.001412 
30260000.000 	 0.998400 	 0.001326 
30280000.000 	 0.999218 	 0.000742 
30300000.000 	 0.998536 	 0.001149 
30320000.000 	 0.997840 	 0.002364 
30340000.000 	 0.997955 	 0.001288 
30360000.000 	 0.998204 	 0.001241 
30380000.000 	 0.998968 	 0.000757 
30400000.000 	 0.998109 	 0.001258 
30420000.000 	 0.997637 	 0.001378 
30440000.000 	 0.998150 	 0.000832 
30460000.000 	 0.998462 	 0.000986 
30480000.000 	 0.999261 	 0.000658 
30500000.000 	 0.997663 	 0.001334 
30520000.000 	 0.999567 	 0.000390 
30540000.000 	 0.998402 	 0.001823 
30560000.000 	 0.998058 	 0.001307 
30580000.000 	 0.999265 	 0.000485 
30600000.000 	 0.998530 	 0.001455 
30620000.000 	 0.999498 	 0.000619 
30640000.000 	 0.999295 	 0.000548 
30660000.000 	 0.998092 	 0.001274 
30680000.000 	 0.998563 	 0.000879 
30700000.000 	 0.999232 	 0.000461 
30720000.000 	 0.999403 	 0.000470 
30740000.000 	 0.998487 	 0.001029 
30760000.000 	 0.999017 	 0.000823 
30780000.000 	 0.998720 	 0.001030 
30800000.000 	 0.996159 	 0.003563 
30820000.000 	 0.999106 	 0.000683 
30840000.000 	 0.998816 	 0.001479 
30860000.000 	 0.998656 	 0.001029 
30880000.000 	 0.999212 	 0.000612 
30900000.000 	 0.997356 	 0.001974 
30920000.000 	 0.998697 	 0.001567 
30940000.000 	 0.998590 	 0.000983 
30960000.000 	 0.999194 	 0.000834 
30980000.000 	 0.998467 	 0.001723 
31000000.000 	 0.996634 	 0.001952 
31020000.000 	 0.999095 	 0.000774 
31040000.000 	 0.998738 	 0.001060 
31060000.000 	 0.998886 	 0.000780 
31080000.000 	 0.998657 	 0.001216 
31100000.000 	 0.997916 	 0.003332 
31120000.000 	 0.998561 	 0.001498 
31140000.000 	 0.998146 	 0.001404 
31160000.000 	 0.998434 	 0.001136 
31180000.000 	 0.998914 	 0.000831 
31200000.000 	 0.996632 	 0.002232 
31220000.000 	 0.999746 	 0.000288 
31240000.000 	 0.994767 	 0.005613 
31260000.000 	 0.996717 	 0.002231 
31280000.000 	 0.998809 	 0.001092 
31300000.000 	 0.998856 	 0.001124 
31320000.000 	 0.997366 	 0.003173 
31340000.000 	 0.998301 	 0.001181 
31360000.000 	 0.998232 	 0.001098 
31380000.000 	 0.997044 	 0.001962 
31400000.000 	 0.999108 	 0.000688 
31420000.000 	 0.998657 	 0.001523 
31440000.000 	 0.998491 	 0.001340 
31460000.000 	 0.998821 	 0.001248 
31480000.000 	 0.997174 	 0.002096 
31500000.000 	 0.999387 	 0.000513 
31520000.000 	 0.999267 	 0.000597 
31540000.000 	 0.998676 	 0.001266 
31560000.000 	 0.998815 	 0.000817 
31580000.000 	 0.997395 	 0.001450 
31600000.000 	 0.998118 	 0.001331 
31620000.000 	 0.997216 	 0.003200 
31640000.000 	 0.999180 	 0.000588 
31660000.000 	 0.998507 	 0.001079 
31680000.000 	 0.995683 	 0.004460 
31700000.000 	 0.999163 	 0.000748 
31720000.000 	 0.998127 	 0.001980 
31740000.000 	 0.998279 	 0.001329 
31760000.000 	 0.998865 	 0.000829 
31780000.000 	 0.998628 	 0.001084 
31800000.000 	 0.998120 	 0.000795 
31820000.000 	 0.998987 	 0.001220 
31840000.000 	 0.997753 	 0.002323 
31860000.000 	 0.999051 	 0.000732 
31880000.000 	 0.998804 	 0.000783 
31900000.000 	 0.999405 	 0.000758 
31920000.000 	 0.999512 	 0.000585 
31940000.000 	 0.999421 	 0.000540 
31960000.000 	 0.999087 	 0.000638 
31980000.000 	 0.999539 	 0.000652 
32000000.000 	 0.998998 	 0.001413 
32020000.000 	 0.998059 	 0.000840 
32040000.000 	 0.999155 	 0.000802 
32060000.000 	 0.998672 	 0.001103 
32080000.000 	 0.996556 	 0.001933 
32100000.000 	 0.997407 	 0.001732 
32120000.000 	 0.996588 	 0.001607 
32140000.000 	 0.998997 	 0.000672 
32160000.000 	 0.998536 	 0.001137 
32180000.000 	 0.998867 	 0.000932 
32200000.000 	 0.998154 	 0.001350 
32220000.000 	 0.999041 	 0.000796 
32240000.000 	 0.998903 	 0.000796 
32260000.000 	 0.999714 	 0.000274 
32280000.000 	 0.999402 	 0.000577 
32300000.000 	 0.997261 	 0.001345 
32320000.000 	 0.997576 	 0.002059 
32340000.000 	 0.998162 	 0.001790 
32360000.000 	 0.999501 	 0.000472 
32380000.000 	 0.999381 	 0.000808 
32400000.000 	 0.998658 	 0.001076 
32420000.000 	 0.998175 	 0.001821 
32440000.000 	 0.996624 	 0.002577 
32460000.000 	 0.998594 	 0.001244 
32480000.000 	 0.998868 	 0.000819 
32500000.000 	 0.998921 	 0.000777 
32520000.000 	 0.998322 	 0.001506 
32540000.000 	 0.997977 	 0.001865 
32560000.000 	 0.998336 	 0.001477 
32580000.000 	 0.995626 	 0.003442 
32600000.000 	 0.999222 	 0.000716 
32620000.000 	 0.998683 	 0.001277 
32640000.000 	 0.998611 	 0.001346 
32660000.000 	 0.999521 	 0.000564 
32680000.000 	 0.999263 	 0.000671 
32700000.000 	 0.998717 	 0.001661 
32720000.000 	 0.997905 	 0.002157 
32740000.000 	 0.998342 	 0.001196 
32760000.000 	 0.998218 	 0.001334 
32780000.000 	 0.998398 	 0.001085 
32800000.000 	 0.998021 	 0.001154 
32820000.000 	 0.998472 	 0.001320 
32840000.000 	 0.999076 	 0.000687 
32860000.000 	 0.998707 	 0.001111 
32880000.000 	 0.998622 	 0.001761 
32900000.000 	 0.998902 	 0.001068 
32920000.000 	 0.998362 	 0.001310 
32940000.000 	 0.999410 	 0.000579 
32960000.000 	 0.998738 	 0.000841 
32980000.000 	 0.999530 	 0.000529 
33000000.000 	 0.997791 	 0.001181 
33020000.000 	 0.997999 	 0.001673 
33040000.000 	 0.999470 	 0.000357 
33060000.000 	 0.999186 	 0.000772 
33080000.000 	 0.998937 	 0.000694 
33100000.000 	 0.996678 	 0.002759 
33120000.000 	 0.999042 	 0.000834 
33140000.000 	 0.999091 	 0.000573 
33160000.000 	 0.997379 	 0.001679 
33180000.000 	 0.998492 	 0.001139 
33200000.000 	 0.997836 	 0.002130 
33220000.000 	 0.998697 	 0.001154 
33240000.000 	 0.996640 	 0.002723 
33260000.000 	 0.997921 	 0.001817 
33280000.000 	 0.998831 	 0.000792 
33300000.000 	 0.998738 	 0.001194 
33320000.000 	 0.998026 	 0.001714 
33340000.000 	 0.998378 	 0.001321 
33360000.000 	 0.998338 	 0.001744 
33380000.000 	 0.999622 	 0.000365 
33400000.000 	 0.999305 	 0.000541 
33420000.000 	 0.999043 	 0.001053 
33440000.000 	 0.998110 	 0.001037 
33460000.000 	 0.999383 	 0.000497 
33480000.000 	 0.998852 	 0.001145 
33500000.000 	 0.997739 	 0.001547 
33520000.000 	 0.998982 	 0.000914 
33540000.000 	 0.996047 	 0.002699 
33560000.000 	 0.998313 	 0.001479 
33580000.000 	 0.997122 	 0.001948 
33600000.000 	 0.997992 	 0.001248 
33620000.000 	 0.995401 	 0.002059 
33640000.000 	 0.997226 	 0.001381 
33660000.000 	 0.998434 	 0.001299 
33680000.000 	 0.998969 	 0.000723 
33700000.000 	 0.998654 	 0.000938 
33720000.000 	 0.997841 	 0.001881 
33740000.000 	 0.997627 	 0.001010 
33760000.000 	 0.999342 	 0.000556 
33780000.000 	 0.999442 	 0.000462 
33800000.000 	 0.998939 	 0.000994 
33820000.000 	 0.999311 	 0.000615 
33840000.000 	 0.996441 	 0.001512 
33860000.000 	 0.998563 	 0.000907 
33880000.000 	 0.998488 	 0.001819 
33900000.000 	 0.999106 	 0.001028 
33920000.000 	 0.999272 	 0.000563 
33940000.000 	 0.999357 	 0.000528 
33960000.000 	 0.999111 	 0.000523 
33980000.000 	 0.997895 	 0.001134 
34000000.000 	 0.999146 	 0.000865 
34020000.000 	 0.998120 	 0.001527 
34040000.000 	 0.997527 	 0.001764 
34060000.000 	 0.996378 	 0.001787 
34080000.000 	 0.998893 	 0.000771 
34100000.000 	 0.999236 	 0.000860 
34120000.000 	 0.998510 	 0.001246 
34140000.000 	 0.998555 	 0.000986 
34160000.000 	 0.998440 	 0.001413 
34180000.000 	 0.998874 	 0.001334 
34200000.000 	 0.998884 	 0.001076 
34220000.000 	 0.996043 	 0.001563 
34240000.000 	 0.993627 	 0.003578 
34260000.000 	 0.997180 	 0.002106 
34280000.000 	 0.995845 	 0.002827 
34300000.000 	 0.997025 	 0.002897 
34320000.000 	 0.999005 	 0.000926 
34340000.000 	 0.998508 	 0.001010 
34360000.000 	 0.997985 	 0.001584 
34380000.000 	 0.998982 	 0.001116 
34400000.000 	 0.998438 	 0.001195 
34420000.000 	 0.998423 	 0.001065 
34440000.000 	 0.998758 	 0.000883 
34460000.000 	 0.998046 	 0.001339 
34480000.000 	 0.996773 	 0.001641 
34500000.000 	 0.998580 	 0.001569 
34520000.000 	 0.995951 	 0.003406 
34540000.000 	 0.998250 	 0.001330 
34560000.000 	 0.998177 	 0.001363 
34580000.000 	 0.999439 	 0.000522 
34600000.000 	 0.999342 	 0.000582 
34620000.000 	 0.997801 	 0.001659 
34640000.000 	 0.997722 	 0.002138 
34660000.000 	 0.995699 	 0.004729 
34680000.000 	 0.998646 	 0.000687 
34700000.000 	 0.997434 	 0.003297 
34720000.000 	 0.999097 	 0.000849 
34740000.000 	 0.998825 	 0.000750 
34760000.000 	 0.998331 	 0.001499 
34780000.000 	 0.998620 	 0.001640 
34800000.000 	 0.998368 	 0.001591 
34820000.000 	 0.996091 	 0.004479 
34840000.000 	 0.993084 	 0.002662 
34860000.000 	 0.996461 	 0.002092 
34880000.000 	 0.999200 	 0.000946 
34900000.000 	 0.999478 	 0.000490 
34920000.000 	 0.999177 	 0.000684 
34940000.000 	 0.998412 	 0.001015 
34960000.000 	 0.998234 	 0.000891 
34980000.000 	 0.999474 	 0.000452 
35000000.000 	 0.998563 	 0.001383 
35020000.000 	 0.997737 	 0.002651 
35040000.000 	 0.997805 	 0.002327 
35060000.000 	 0.997763 	 0.002455 
35080000.000 	 0.999077 	 0.000770 
35100000.000 	 0.998029 	 0.001243 
35120000.000 	 0.997956 	 0.001319 
35140000.000 	 0.999157 	 0.000835 
35160000.000 	 0.998782 	 0.001750 
35180000.000 	 0.997812 	 0.001788 
35200000.000 	 0.998299 	 0.001145 
35220000.000 	 0.998111 	 0.001426 
35240000.000 	 0.999382 	 0.000646 
35260000.000 	 0.998117 	 0.001034 
35280000.000 	 0.997691 	 0.001462 
35300000.000 	 0.997305 	 0.001109 
35320000.000 	 0.998486 	 0.001167 
35340000.000 	 0.997320 	 0.004522 
35360000.000 	 0.999454 	 0.000580 
35380000.000 	 0.998633 	 0.000986 
35400000.000 	 0.998239 	 0.001281 
35420000.000 	 0.999178 	 0.000628 
35440000.000 	 0.997830 	 0.001216 
35460000.000 	 0.996966 	 0.003281 
35480000.000 	 0.999266 	 0.000617 
35500000.000 	 0.996466 	 0.002979 
35520000.000 	 0.998989 	 0.000942 
35540000.000 	 0.998818 	 0.000986 
35560000.000 	 0.999041 	 0.000796 
35580000.000 	 0.999293 	 0.000632 
35600000.000 	 0.998869 	 0.000806 
35620000.000 	 0.998995 	 0.001160 
35640000.000 	 0.999346 	 0.000762 
35660000.000 	 0.997398 	 0.002108 
35680000.000 	 0.996959 	 0.002502 
35700000.000 	 0.998648 	 0.001577 
35720000.000 	 0.998443 	 0.001371 
35740000.000 	 0.999128 	 0.000839 
35760000.000 	 0.998853 	 0.000901 
35780000.000 	 0.999409 	 0.000530 
35800000.000 	 0.998708 	 0.000654 
35820000.000 	 0.995347 	 0.004001 
35840000.000 	 0.998390 	 0.001494 
35860000.000 	 0.999325 	 0.000499 
35880000.000 	 0.997725 	 0.001632 
35900000.000 	 0.999081 	 0.001101 
35920000.000 	 0.998297 	 0.001926 
35940000.000 	 0.998113 	 0.001550 
35960000.000 	 0.998436 	 0.001306 
35980000.000 	 0.999413 	 0.000597 
36000000.000 	 0.998250 	 0.001071 
36020000.000 	 0.998632 	 0.001399 
36040000.000 	 0.999246 	 0.000596 
36060000.000 	 0.998334 	 0.001399 
36080000.000 	 0.998795 	 0.001057 
36100000.000 	 0.998810 	 0.001132 
36120000.000 	 0.998873 	 0.000886 
36140000.000 	 0.997295 	 0.002318 
36160000.000 	 0.999470 	 0.000489 
36180000.000 	 0.999264 	 0.000744 
36200000.000 	 0.998542 	 0.001199 
36220000.000 	 0.999305 	 0.001107 
36240000.000 	 0.998747 	 0.001164 
36260000.000 	 0.998771 	 0.001677 
36280000.000 	 0.999109 	 0.000939 
36300000.000 	 0.998640 	 0.001011 
36320000.000 	 0.996412 	 0.001526 
36340000.000 	 0.999161 	 0.001103 
36360000.000 	 0.998488 	 0.001328 
36380000.000 	 0.998914 	 0.000719 
36400000.000 	 0.997718 	 0.002264 
36420000.000 	 0.998416 	 0.001513 
36440000.000 	 0.998886 	 0.000967 
36460000.000 	 0.999081 	 0.000715 
36480000.000 	 0.998201 	 0.002019 
36500000.000 	 0.997448 	 0.001625 
36520000.000 	 0.999323 	 0.000654 
36540000.000 	 0.998553 	 0.001181 
36560000.000 	 0.998110 	 0.001916 
36580000.000 	 0.998740 	 0.000956 
36600000.000 	 0.997397 	 0.001962 
36620000.000 	 0.998632 	 0.001026 
36640000.000 	 0.994828 	 0.004586 
36660000.000 	 0.997730 	 0.001535 
36680000.000 	 0.997868 	 0.001193 
36700000.000 	 0.999335 	 0.000443 
36720000.000 	 0.998926 	 0.000633 
36740000.000 	 0.997439 	 0.001411 
36760000.000 	 0.999217 	 0.000652 
36780000.000 	 0.998427 	 0.001491 
36800000.000 	 0.998952 	 0.000847 
36820000.000 	 0.997748 	 0.002107 
36840000.000 	 0.999393 	 0.000466 
36860000.000 	 0.998961 	 0.000894 
36880000.000 	 0.998703 	 0.000724 
36900000.000 	 0.997501 	 0.003274 
36920000.000 	 0.996499 	 0.003817 
36940000.000 	 0.998934 	 0.000878 
36960000.000 	 0.998812 	 0.001043 
36980000.000 	 0.998485 	 0.001386 
37000000.000 	 0.999066 	 0.000928 
37020000.000 	 0.999463 	 0.000542 
37040000.000 	 0.998627 	 0.001330 
37060000.000 	 0.998799 	 0.001244 
37080000.000 	 0.999442 	 0.000530 
37100000.000 	 0.999270 	 0.000802 
37120000.000 	 0.999103 	 0.000747 
37140000.000 	 0.998598 	 0.001026 
37160000.000 	 0.999485 	 0.000356 
37180000.000 	 0.998366 	 0.001785 
37200000.000 	 0.999216 	 0.000701 
37220000.000 	 0.999084 	 0.000952 
37240000.000 	 0.996028 	 0.001657 
37260000.000 	 0.999100 	 0.000602 
37280000.000 	 0.998981 	 0.000513 
37300000.000 	 0.998544 	 0.001361 
37320000.000 	 0.998660 	 0.000939 
37340000.000 	 0.999087 	 0.000621 
37360000.000 	 0.998267 	 0.001192 
37380000.000 	 0.999363 	 0.000917 
37400000.000 	 0.998995 	 0.000860 
37420000.000 	 0.997211 	 0.001677 
37440000.000 	 0.999465 	 0.000575 
37460000.000 	 0.998916 	 0.000828 
37480000.000 	 0.998711 	 0.000979 
37500000.000 	 0.998779 	 0.000793 
37520000.000 	 0.999087 	 0.000758 
37540000.000 	 0.999179 	 0.000636 
37560000.000 	 0.999412 	 0.000612 
37580000.000 	 0.998592 	 0.001060 
37600000.000 	 0.997722 	 0.002031 
37620000.000 	 0.998914 	 0.000842 
37640000.000 	 0.998640 	 0.001149 
37660000.000 	 0.999372 	 0.000576 
37680000.000 	 0.999308 	 0.000499 
37700000.000 	 0.997421 	 0.002413 
37720000.000 	 0.996756 	 0.001665 
37740000.000 	 0.998318 	 0.001546 
37760000.000 	 0.999453 	 0.000454 
37780000.000 	 0.999426 	 0.000633 
37800000.000 	 0.998299 	 0.001594 
37820000.000 	 0.998753 	 0.000940 
37840000.000 	 0.998907 	 0.000809 
37860000.000 	 0.997778 	 0.001926 
37880000.000 	 0.997979 	 0.001999 
37900000.000 	 0.999231 	 0.000899 
37920000.000 	 0.998168 	 0.001709 
37940000.000 	 0.997864 	 0.001647 
37960000.000 	 0.999047 	 0.000762 
37980000.000 	 0.997440 	 0.002039 
38000000.000 	 0.996533 	 0.001829 
