       0.000 	 0.946335 	 0.042189 
   20000.000 	 0.944519 	 0.043997 
   40000.000 	 0.951661 	 0.041743 
   60000.000 	 0.953122 	 0.036926 
   80000.000 	 0.952894 	 0.040400 
  100000.000 	 0.958176 	 0.035223 
  120000.000 	 0.960272 	 0.034689 
  140000.000 	 0.963914 	 0.035961 
  160000.000 	 0.969875 	 0.030931 
  180000.000 	 0.969635 	 0.031876 
  200000.000 	 0.971222 	 0.025134 
  220000.000 	 0.971745 	 0.025121 
  240000.000 	 0.974954 	 0.025576 
  260000.000 	 0.977236 	 0.023339 
  280000.000 	 0.980867 	 0.024840 
  300000.000 	 0.978506 	 0.030028 
  320000.000 	 0.980887 	 0.020765 
  340000.000 	 0.979650 	 0.024263 
  360000.000 	 0.982437 	 0.024431 
  380000.000 	 0.986758 	 0.017658 
  400000.000 	 0.986028 	 0.014467 
  420000.000 	 0.984202 	 0.019700 
  440000.000 	 0.980908 	 0.016488 
  460000.000 	 0.981792 	 0.023096 
  480000.000 	 0.984407 	 0.016444 
  500000.000 	 0.986392 	 0.019135 
  520000.000 	 0.984180 	 0.016814 
  540000.000 	 0.984666 	 0.022811 
  560000.000 	 0.989562 	 0.015716 
  580000.000 	 0.983783 	 0.014030 
  600000.000 	 0.980520 	 0.020244 
  620000.000 	 0.985019 	 0.016745 
  640000.000 	 0.985015 	 0.014482 
  660000.000 	 0.983132 	 0.014789 
  680000.000 	 0.989726 	 0.012387 
  700000.000 	 0.991221 	 0.012378 
  720000.000 	 0.990223 	 0.012601 
  740000.000 	 0.990222 	 0.007731 
  760000.000 	 0.987369 	 0.014173 
  780000.000 	 0.989822 	 0.010227 
  800000.000 	 0.993997 	 0.006038 
  820000.000 	 0.991544 	 0.009111 
  840000.000 	 0.989370 	 0.010869 
  860000.000 	 0.990554 	 0.007910 
  880000.000 	 0.992095 	 0.009199 
  900000.000 	 0.996109 	 0.003520 
  920000.000 	 0.991461 	 0.007721 
  940000.000 	 0.990207 	 0.011709 
  960000.000 	 0.993824 	 0.007627 
  980000.000 	 0.992981 	 0.005273 
 1000000.000 	 0.990583 	 0.007767 
 1020000.000 	 0.993780 	 0.005790 
 1040000.000 	 0.994622 	 0.004039 
 1060000.000 	 0.991667 	 0.008105 
 1080000.000 	 0.994098 	 0.005326 
 1100000.000 	 0.993047 	 0.006371 
 1120000.000 	 0.993248 	 0.006447 
 1140000.000 	 0.994290 	 0.005090 
 1160000.000 	 0.994528 	 0.007792 
 1180000.000 	 0.995729 	 0.004032 
 1200000.000 	 0.995121 	 0.004861 
 1220000.000 	 0.994256 	 0.004870 
 1240000.000 	 0.993300 	 0.010962 
 1260000.000 	 0.993019 	 0.006189 
 1280000.000 	 0.992988 	 0.005646 
 1300000.000 	 0.993496 	 0.005992 
 1320000.000 	 0.994129 	 0.006543 
 1340000.000 	 0.992534 	 0.006025 
 1360000.000 	 0.997548 	 0.002499 
 1380000.000 	 0.995818 	 0.003808 
 1400000.000 	 0.996880 	 0.002486 
 1420000.000 	 0.994782 	 0.006313 
 1440000.000 	 0.996238 	 0.004012 
 1460000.000 	 0.996201 	 0.002999 
 1480000.000 	 0.996539 	 0.003453 
 1500000.000 	 0.994357 	 0.006074 
 1520000.000 	 0.995178 	 0.004505 
 1540000.000 	 0.995657 	 0.004493 
 1560000.000 	 0.992266 	 0.006073 
 1580000.000 	 0.995987 	 0.003343 
 1600000.000 	 0.995672 	 0.003277 
 1620000.000 	 0.996362 	 0.003992 
 1640000.000 	 0.996405 	 0.004318 
 1660000.000 	 0.995321 	 0.005851 
 1680000.000 	 0.994086 	 0.006305 
 1700000.000 	 0.995402 	 0.005116 
 1720000.000 	 0.992040 	 0.005266 
 1740000.000 	 0.993184 	 0.005083 
 1760000.000 	 0.994580 	 0.003983 
 1780000.000 	 0.997546 	 0.002169 
 1800000.000 	 0.996835 	 0.002914 
 1820000.000 	 0.993677 	 0.005736 
 1840000.000 	 0.996960 	 0.002821 
 1860000.000 	 0.996256 	 0.003690 
 1880000.000 	 0.996164 	 0.004433 
 1900000.000 	 0.995703 	 0.003840 
 1920000.000 	 0.989405 	 0.008713 
 1940000.000 	 0.992503 	 0.007721 
 1960000.000 	 0.990423 	 0.011811 
 1980000.000 	 0.994413 	 0.004915 
 2000000.000 	 0.993628 	 0.007362 
 2020000.000 	 0.994630 	 0.003318 
 2040000.000 	 0.991032 	 0.010233 
 2060000.000 	 0.995187 	 0.005438 
 2080000.000 	 0.994927 	 0.004440 
 2100000.000 	 0.996944 	 0.002741 
 2120000.000 	 0.997367 	 0.002918 
 2140000.000 	 0.995375 	 0.005595 
 2160000.000 	 0.994545 	 0.006284 
 2180000.000 	 0.996736 	 0.003146 
 2200000.000 	 0.994032 	 0.005231 
 2220000.000 	 0.997239 	 0.004806 
 2240000.000 	 0.992876 	 0.005718 
 2260000.000 	 0.992887 	 0.005900 
 2280000.000 	 0.996990 	 0.003631 
 2300000.000 	 0.992892 	 0.005373 
 2320000.000 	 0.995490 	 0.005495 
 2340000.000 	 0.996118 	 0.003317 
 2360000.000 	 0.992976 	 0.006384 
 2380000.000 	 0.995977 	 0.005986 
 2400000.000 	 0.995701 	 0.004743 
 2420000.000 	 0.995574 	 0.006628 
 2440000.000 	 0.996591 	 0.004005 
 2460000.000 	 0.993488 	 0.005270 
 2480000.000 	 0.994674 	 0.005312 
 2500000.000 	 0.994673 	 0.007851 
 2520000.000 	 0.995831 	 0.003308 
 2540000.000 	 0.997910 	 0.002109 
 2560000.000 	 0.994559 	 0.006230 
 2580000.000 	 0.995110 	 0.005654 
 2600000.000 	 0.996560 	 0.002927 
 2620000.000 	 0.995035 	 0.005909 
 2640000.000 	 0.994629 	 0.008522 
 2660000.000 	 0.994371 	 0.010011 
 2680000.000 	 0.997231 	 0.004840 
 2700000.000 	 0.997455 	 0.002129 
 2720000.000 	 0.997228 	 0.003735 
 2740000.000 	 0.993656 	 0.006246 
 2760000.000 	 0.995076 	 0.003112 
 2780000.000 	 0.996118 	 0.003436 
 2800000.000 	 0.996902 	 0.002956 
 2820000.000 	 0.992995 	 0.007093 
 2840000.000 	 0.994406 	 0.005864 
 2860000.000 	 0.995811 	 0.006231 
 2880000.000 	 0.996640 	 0.004556 
 2900000.000 	 0.997607 	 0.002862 
 2920000.000 	 0.996158 	 0.003960 
 2940000.000 	 0.996029 	 0.003567 
 2960000.000 	 0.995400 	 0.005913 
 2980000.000 	 0.997045 	 0.002203 
 3000000.000 	 0.995527 	 0.004789 
 3020000.000 	 0.998065 	 0.002484 
 3040000.000 	 0.997084 	 0.002725 
 3060000.000 	 0.993805 	 0.006071 
 3080000.000 	 0.995145 	 0.004832 
 3100000.000 	 0.997624 	 0.003394 
 3120000.000 	 0.995276 	 0.004311 
 3140000.000 	 0.991931 	 0.008643 
 3160000.000 	 0.992714 	 0.006794 
 3180000.000 	 0.996272 	 0.006664 
 3200000.000 	 0.995309 	 0.005934 
 3220000.000 	 0.993942 	 0.005866 
 3240000.000 	 0.992196 	 0.005152 
 3260000.000 	 0.989063 	 0.010669 
 3280000.000 	 0.984719 	 0.016677 
 3300000.000 	 0.994431 	 0.006496 
 3320000.000 	 0.997092 	 0.003007 
 3340000.000 	 0.996504 	 0.004341 
 3360000.000 	 0.996840 	 0.003071 
 3380000.000 	 0.997193 	 0.004578 
 3400000.000 	 0.993541 	 0.006679 
 3420000.000 	 0.997019 	 0.002138 
 3440000.000 	 0.997676 	 0.002575 
 3460000.000 	 0.997683 	 0.002954 
 3480000.000 	 0.997749 	 0.001781 
 3500000.000 	 0.997118 	 0.002246 
 3520000.000 	 0.994923 	 0.004970 
 3540000.000 	 0.997195 	 0.003956 
 3560000.000 	 0.992862 	 0.013213 
 3580000.000 	 0.992948 	 0.006465 
 3600000.000 	 0.992604 	 0.005459 
 3620000.000 	 0.996101 	 0.004463 
 3640000.000 	 0.992476 	 0.005980 
 3660000.000 	 0.996566 	 0.004261 
 3680000.000 	 0.996003 	 0.003203 
 3700000.000 	 0.994889 	 0.005020 
 3720000.000 	 0.995788 	 0.003442 
 3740000.000 	 0.995609 	 0.005032 
 3760000.000 	 0.996533 	 0.005237 
 3780000.000 	 0.997559 	 0.002566 
 3800000.000 	 0.995746 	 0.005845 
 3820000.000 	 0.996728 	 0.003040 
 3840000.000 	 0.997084 	 0.003033 
 3860000.000 	 0.994998 	 0.008655 
 3880000.000 	 0.997154 	 0.002926 
 3900000.000 	 0.997360 	 0.002072 
 3920000.000 	 0.997318 	 0.002500 
 3940000.000 	 0.995089 	 0.004053 
 3960000.000 	 0.995731 	 0.004370 
 3980000.000 	 0.997213 	 0.002260 
 4000000.000 	 0.996215 	 0.004513 
 4020000.000 	 0.997021 	 0.003900 
 4040000.000 	 0.996183 	 0.003060 
 4060000.000 	 0.997813 	 0.002105 
 4080000.000 	 0.993899 	 0.008645 
 4100000.000 	 0.995540 	 0.010421 
 4120000.000 	 0.996715 	 0.004051 
 4140000.000 	 0.997763 	 0.002257 
 4160000.000 	 0.995706 	 0.005743 
 4180000.000 	 0.993141 	 0.006762 
 4200000.000 	 0.995741 	 0.005136 
 4220000.000 	 0.995695 	 0.003487 
 4240000.000 	 0.991849 	 0.006889 
 4260000.000 	 0.996327 	 0.004099 
 4280000.000 	 0.993670 	 0.004575 
 4300000.000 	 0.996660 	 0.003300 
 4320000.000 	 0.996923 	 0.002621 
 4340000.000 	 0.996387 	 0.003942 
 4360000.000 	 0.996293 	 0.003684 
 4380000.000 	 0.996969 	 0.002594 
 4400000.000 	 0.996062 	 0.002982 
 4420000.000 	 0.997985 	 0.002242 
 4440000.000 	 0.995255 	 0.005549 
 4460000.000 	 0.997673 	 0.002531 
 4480000.000 	 0.997431 	 0.002888 
 4500000.000 	 0.998668 	 0.001534 
 4520000.000 	 0.999036 	 0.000837 
 4540000.000 	 0.995995 	 0.003616 
 4560000.000 	 0.995335 	 0.003404 
 4580000.000 	 0.996310 	 0.003037 
 4600000.000 	 0.996412 	 0.003860 
 4620000.000 	 0.996565 	 0.003440 
 4640000.000 	 0.997875 	 0.001817 
 4660000.000 	 0.994008 	 0.004934 
 4680000.000 	 0.995333 	 0.004817 
 4700000.000 	 0.996881 	 0.003464 
 4720000.000 	 0.997373 	 0.002392 
 4740000.000 	 0.996231 	 0.003080 
 4760000.000 	 0.995671 	 0.004387 
 4780000.000 	 0.991830 	 0.007841 
 4800000.000 	 0.997668 	 0.001908 
 4820000.000 	 0.994110 	 0.007184 
 4840000.000 	 0.998302 	 0.001872 
 4860000.000 	 0.997292 	 0.002772 
 4880000.000 	 0.997038 	 0.002877 
 4900000.000 	 0.996860 	 0.003370 
 4920000.000 	 0.995343 	 0.005732 
 4940000.000 	 0.997467 	 0.003630 
 4960000.000 	 0.998000 	 0.001768 
 4980000.000 	 0.996295 	 0.003412 
 5000000.000 	 0.997995 	 0.002484 
 5020000.000 	 0.998007 	 0.001869 
 5040000.000 	 0.995762 	 0.002605 
 5060000.000 	 0.997570 	 0.003089 
 5080000.000 	 0.993679 	 0.004976 
 5100000.000 	 0.994187 	 0.009436 
 5120000.000 	 0.996024 	 0.003494 
 5140000.000 	 0.998034 	 0.001875 
 5160000.000 	 0.997780 	 0.002208 
 5180000.000 	 0.995577 	 0.004590 
 5200000.000 	 0.996113 	 0.002591 
 5220000.000 	 0.995599 	 0.004480 
 5240000.000 	 0.997817 	 0.002162 
 5260000.000 	 0.995005 	 0.004946 
 5280000.000 	 0.997447 	 0.004638 
 5300000.000 	 0.996899 	 0.002967 
 5320000.000 	 0.996353 	 0.004784 
 5340000.000 	 0.996383 	 0.003443 
 5360000.000 	 0.996393 	 0.003093 
 5380000.000 	 0.997371 	 0.002966 
 5400000.000 	 0.998756 	 0.001104 
 5420000.000 	 0.997540 	 0.002911 
 5440000.000 	 0.994646 	 0.007964 
 5460000.000 	 0.997501 	 0.002577 
 5480000.000 	 0.997201 	 0.003081 
 5500000.000 	 0.995651 	 0.003323 
 5520000.000 	 0.998652 	 0.001011 
 5540000.000 	 0.998069 	 0.002004 
 5560000.000 	 0.998488 	 0.001759 
 5580000.000 	 0.996434 	 0.002800 
 5600000.000 	 0.998278 	 0.001837 
 5620000.000 	 0.996414 	 0.003400 
 5640000.000 	 0.997693 	 0.002033 
 5660000.000 	 0.996306 	 0.004039 
 5680000.000 	 0.998049 	 0.002087 
 5700000.000 	 0.996918 	 0.003267 
 5720000.000 	 0.991337 	 0.005307 
 5740000.000 	 0.997064 	 0.003699 
 5760000.000 	 0.995253 	 0.004631 
 5780000.000 	 0.995616 	 0.005216 
 5800000.000 	 0.998732 	 0.001398 
 5820000.000 	 0.996193 	 0.003901 
 5840000.000 	 0.997332 	 0.002775 
 5860000.000 	 0.996380 	 0.005732 
 5880000.000 	 0.997414 	 0.002376 
 5900000.000 	 0.997672 	 0.002508 
 5920000.000 	 0.998841 	 0.001781 
 5940000.000 	 0.997732 	 0.001253 
 5960000.000 	 0.998101 	 0.001482 
 5980000.000 	 0.997971 	 0.001623 
 6000000.000 	 0.996143 	 0.002919 
 6020000.000 	 0.996858 	 0.004538 
 6040000.000 	 0.998115 	 0.001896 
 6060000.000 	 0.996278 	 0.005375 
 6080000.000 	 0.998237 	 0.001515 
 6100000.000 	 0.995004 	 0.005229 
 6120000.000 	 0.996590 	 0.002542 
 6140000.000 	 0.998092 	 0.001447 
 6160000.000 	 0.998529 	 0.001764 
 6180000.000 	 0.997031 	 0.002660 
 6200000.000 	 0.998000 	 0.002040 
 6220000.000 	 0.997098 	 0.002707 
 6240000.000 	 0.995421 	 0.002776 
 6260000.000 	 0.995715 	 0.003293 
 6280000.000 	 0.997383 	 0.002746 
 6300000.000 	 0.995855 	 0.003639 
 6320000.000 	 0.994378 	 0.006959 
 6340000.000 	 0.996301 	 0.002688 
 6360000.000 	 0.995523 	 0.004868 
 6380000.000 	 0.998888 	 0.001546 
 6400000.000 	 0.997218 	 0.003585 
 6420000.000 	 0.997933 	 0.002679 
 6440000.000 	 0.998382 	 0.001534 
 6460000.000 	 0.997559 	 0.002075 
 6480000.000 	 0.997517 	 0.002910 
 6500000.000 	 0.997873 	 0.001731 
 6520000.000 	 0.997955 	 0.001345 
 6540000.000 	 0.996797 	 0.003472 
 6560000.000 	 0.996585 	 0.003085 
 6580000.000 	 0.997093 	 0.002267 
 6600000.000 	 0.997355 	 0.002194 
 6620000.000 	 0.997720 	 0.003156 
 6640000.000 	 0.997328 	 0.002754 
 6660000.000 	 0.997862 	 0.001404 
 6680000.000 	 0.998486 	 0.001431 
 6700000.000 	 0.997902 	 0.001923 
 6720000.000 	 0.997927 	 0.002196 
 6740000.000 	 0.996923 	 0.001904 
 6760000.000 	 0.996783 	 0.003662 
 6780000.000 	 0.997460 	 0.002768 
 6800000.000 	 0.998578 	 0.001143 
 6820000.000 	 0.993746 	 0.006208 
 6840000.000 	 0.995497 	 0.005635 
 6860000.000 	 0.993394 	 0.004557 
 6880000.000 	 0.987072 	 0.007140 
 6900000.000 	 0.993062 	 0.003852 
 6920000.000 	 0.991205 	 0.006529 
 6940000.000 	 0.996955 	 0.003456 
 6960000.000 	 0.998548 	 0.001840 
 6980000.000 	 0.997537 	 0.003433 
 7000000.000 	 0.995812 	 0.002069 
 7020000.000 	 0.997399 	 0.003198 
 7040000.000 	 0.996131 	 0.004245 
 7060000.000 	 0.996958 	 0.003189 
 7080000.000 	 0.997259 	 0.002276 
 7100000.000 	 0.996837 	 0.002408 
 7120000.000 	 0.997665 	 0.002892 
 7140000.000 	 0.996343 	 0.003716 
 7160000.000 	 0.997556 	 0.002279 
 7180000.000 	 0.998244 	 0.001259 
 7200000.000 	 0.998009 	 0.001229 
 7220000.000 	 0.997146 	 0.003137 
 7240000.000 	 0.994833 	 0.007911 
 7260000.000 	 0.994311 	 0.004787 
 7280000.000 	 0.996293 	 0.003989 
 7300000.000 	 0.996882 	 0.002302 
 7320000.000 	 0.996139 	 0.004938 
 7340000.000 	 0.996594 	 0.002718 
 7360000.000 	 0.997097 	 0.002932 
 7380000.000 	 0.996692 	 0.004899 
 7400000.000 	 0.996732 	 0.004904 
 7420000.000 	 0.994188 	 0.003263 
 7440000.000 	 0.995918 	 0.001807 
 7460000.000 	 0.998264 	 0.001395 
 7480000.000 	 0.995617 	 0.003697 
 7500000.000 	 0.997492 	 0.003244 
 7520000.000 	 0.997093 	 0.003658 
 7540000.000 	 0.998112 	 0.002181 
 7560000.000 	 0.996707 	 0.003748 
 7580000.000 	 0.996540 	 0.003079 
 7600000.000 	 0.998049 	 0.002461 
 7620000.000 	 0.997790 	 0.001990 
 7640000.000 	 0.997473 	 0.002489 
 7660000.000 	 0.998304 	 0.002213 
 7680000.000 	 0.995599 	 0.003576 
 7700000.000 	 0.995710 	 0.004276 
 7720000.000 	 0.998193 	 0.001703 
 7740000.000 	 0.997830 	 0.002377 
 7760000.000 	 0.997684 	 0.002440 
 7780000.000 	 0.998059 	 0.002137 
 7800000.000 	 0.998421 	 0.001384 
 7820000.000 	 0.996591 	 0.005259 
 7840000.000 	 0.997735 	 0.003144 
 7860000.000 	 0.997207 	 0.002059 
 7880000.000 	 0.998071 	 0.001698 
 7900000.000 	 0.994277 	 0.005491 
 7920000.000 	 0.996458 	 0.003033 
 7940000.000 	 0.997365 	 0.002733 
 7960000.000 	 0.997559 	 0.002919 
 7980000.000 	 0.996954 	 0.002991 
 8000000.000 	 0.997795 	 0.001620 
 8020000.000 	 0.997292 	 0.001992 
 8040000.000 	 0.997784 	 0.003316 
 8060000.000 	 0.997983 	 0.001582 
 8080000.000 	 0.998091 	 0.001935 
 8100000.000 	 0.996936 	 0.002330 
 8120000.000 	 0.997796 	 0.001901 
 8140000.000 	 0.997260 	 0.002330 
 8160000.000 	 0.995729 	 0.004259 
 8180000.000 	 0.997316 	 0.002914 
 8200000.000 	 0.998663 	 0.001292 
 8220000.000 	 0.997958 	 0.001333 
 8240000.000 	 0.997058 	 0.001698 
 8260000.000 	 0.993909 	 0.006459 
 8280000.000 	 0.996473 	 0.003040 
 8300000.000 	 0.997751 	 0.002425 
 8320000.000 	 0.997886 	 0.002437 
 8340000.000 	 0.998248 	 0.001951 
 8360000.000 	 0.997085 	 0.002599 
 8380000.000 	 0.996617 	 0.004891 
 8400000.000 	 0.997016 	 0.002466 
 8420000.000 	 0.997511 	 0.002576 
 8440000.000 	 0.998417 	 0.001466 
 8460000.000 	 0.997239 	 0.001860 
 8480000.000 	 0.995354 	 0.003540 
 8500000.000 	 0.997874 	 0.001375 
 8520000.000 	 0.996648 	 0.002962 
 8540000.000 	 0.998895 	 0.000929 
 8560000.000 	 0.998362 	 0.001868 
 8580000.000 	 0.995847 	 0.002863 
 8600000.000 	 0.995915 	 0.005237 
 8620000.000 	 0.993860 	 0.004985 
 8640000.000 	 0.993751 	 0.002453 
 8660000.000 	 0.994074 	 0.004496 
 8680000.000 	 0.995461 	 0.003909 
 8700000.000 	 0.996893 	 0.002728 
 8720000.000 	 0.997680 	 0.002712 
 8740000.000 	 0.995570 	 0.003468 
 8760000.000 	 0.994279 	 0.004696 
 8780000.000 	 0.994633 	 0.006984 
 8800000.000 	 0.997314 	 0.002986 
 8820000.000 	 0.997137 	 0.002983 
 8840000.000 	 0.997667 	 0.002603 
 8860000.000 	 0.994463 	 0.002927 
 8880000.000 	 0.994819 	 0.004491 
 8900000.000 	 0.996017 	 0.003715 
 8920000.000 	 0.997682 	 0.002950 
 8940000.000 	 0.998274 	 0.002306 
 8960000.000 	 0.995532 	 0.004112 
 8980000.000 	 0.997843 	 0.001785 
 9000000.000 	 0.996589 	 0.003063 
 9020000.000 	 0.998200 	 0.002058 
 9040000.000 	 0.996314 	 0.004243 
 9060000.000 	 0.997298 	 0.003678 
 9080000.000 	 0.997292 	 0.002248 
 9100000.000 	 0.997756 	 0.002899 
 9120000.000 	 0.995300 	 0.005902 
 9140000.000 	 0.993420 	 0.003482 
 9160000.000 	 0.994077 	 0.003734 
 9180000.000 	 0.997018 	 0.002310 
 9200000.000 	 0.996261 	 0.004486 
 9220000.000 	 0.995180 	 0.005025 
 9240000.000 	 0.995823 	 0.003922 
 9260000.000 	 0.997911 	 0.001644 
 9280000.000 	 0.994086 	 0.004347 
 9300000.000 	 0.994313 	 0.003865 
 9320000.000 	 0.995116 	 0.003315 
 9340000.000 	 0.993926 	 0.005234 
 9360000.000 	 0.997113 	 0.001984 
 9380000.000 	 0.997686 	 0.001948 
 9400000.000 	 0.997917 	 0.001973 
 9420000.000 	 0.996247 	 0.002666 
 9440000.000 	 0.998064 	 0.001540 
 9460000.000 	 0.995660 	 0.003626 
 9480000.000 	 0.997932 	 0.001924 
 9500000.000 	 0.993299 	 0.009742 
 9520000.000 	 0.994565 	 0.005840 
 9540000.000 	 0.996801 	 0.003371 
 9560000.000 	 0.997578 	 0.001963 
 9580000.000 	 0.997239 	 0.001678 
 9600000.000 	 0.998247 	 0.002242 
 9620000.000 	 0.996308 	 0.004432 
 9640000.000 	 0.996788 	 0.002929 
 9660000.000 	 0.997118 	 0.002830 
 9680000.000 	 0.997090 	 0.002298 
 9700000.000 	 0.999192 	 0.000667 
 9720000.000 	 0.997714 	 0.002614 
 9740000.000 	 0.997154 	 0.003503 
 9760000.000 	 0.997843 	 0.002921 
 9780000.000 	 0.996594 	 0.002454 
 9800000.000 	 0.998417 	 0.002288 
 9820000.000 	 0.996267 	 0.003665 
 9840000.000 	 0.997889 	 0.002033 
 9860000.000 	 0.996339 	 0.004462 
 9880000.000 	 0.997753 	 0.001744 
 9900000.000 	 0.998421 	 0.001289 
 9920000.000 	 0.997312 	 0.003126 
 9940000.000 	 0.998235 	 0.002106 
 9960000.000 	 0.998295 	 0.001667 
 9980000.000 	 0.997472 	 0.001880 
10000000.000 	 0.997162 	 0.002863 
10020000.000 	 0.997954 	 0.001881 
10040000.000 	 0.995843 	 0.003133 
10060000.000 	 0.997059 	 0.002500 
10080000.000 	 0.997421 	 0.002100 
10100000.000 	 0.996513 	 0.004144 
10120000.000 	 0.996650 	 0.003558 
10140000.000 	 0.995016 	 0.005075 
10160000.000 	 0.995468 	 0.003921 
10180000.000 	 0.996190 	 0.004021 
10200000.000 	 0.997144 	 0.004250 
10220000.000 	 0.996470 	 0.003056 
10240000.000 	 0.998221 	 0.001689 
10260000.000 	 0.998151 	 0.001734 
10280000.000 	 0.996128 	 0.002824 
10300000.000 	 0.994785 	 0.003210 
10320000.000 	 0.996264 	 0.002352 
10340000.000 	 0.992872 	 0.003625 
10360000.000 	 0.998499 	 0.001504 
10380000.000 	 0.995840 	 0.003559 
10400000.000 	 0.998078 	 0.001648 
10420000.000 	 0.998582 	 0.001564 
10440000.000 	 0.997280 	 0.001969 
10460000.000 	 0.997588 	 0.002414 
10480000.000 	 0.998040 	 0.002891 
10500000.000 	 0.995410 	 0.006075 
10520000.000 	 0.997138 	 0.002952 
10540000.000 	 0.997472 	 0.002562 
10560000.000 	 0.995844 	 0.004270 
10580000.000 	 0.996072 	 0.003301 
10600000.000 	 0.997881 	 0.002001 
10620000.000 	 0.993631 	 0.003949 
10640000.000 	 0.996486 	 0.003289 
10660000.000 	 0.995686 	 0.003569 
10680000.000 	 0.998247 	 0.002085 
10700000.000 	 0.995652 	 0.004313 
10720000.000 	 0.995823 	 0.002784 
10740000.000 	 0.996464 	 0.002927 
10760000.000 	 0.996085 	 0.004071 
10780000.000 	 0.997775 	 0.001596 
10800000.000 	 0.998401 	 0.001268 
10820000.000 	 0.997590 	 0.002157 
10840000.000 	 0.995980 	 0.005297 
10860000.000 	 0.997712 	 0.002571 
10880000.000 	 0.995346 	 0.006195 
10900000.000 	 0.996430 	 0.002858 
10920000.000 	 0.997307 	 0.002168 
10940000.000 	 0.996140 	 0.002589 
10960000.000 	 0.996858 	 0.001989 
10980000.000 	 0.997521 	 0.001860 
11000000.000 	 0.998584 	 0.001414 
11020000.000 	 0.996292 	 0.005333 
11040000.000 	 0.997507 	 0.001679 
11060000.000 	 0.997906 	 0.002629 
11080000.000 	 0.996425 	 0.003057 
11100000.000 	 0.997015 	 0.002800 
11120000.000 	 0.994591 	 0.004072 
11140000.000 	 0.995720 	 0.005603 
11160000.000 	 0.995272 	 0.006317 
11180000.000 	 0.995277 	 0.002656 
11200000.000 	 0.997445 	 0.002218 
11220000.000 	 0.995855 	 0.003810 
11240000.000 	 0.996910 	 0.002791 
11260000.000 	 0.996638 	 0.004547 
11280000.000 	 0.993264 	 0.004066 
11300000.000 	 0.998162 	 0.001360 
11320000.000 	 0.998860 	 0.001545 
11340000.000 	 0.998008 	 0.001814 
11360000.000 	 0.997475 	 0.002987 
11380000.000 	 0.995458 	 0.004027 
11400000.000 	 0.995598 	 0.002778 
11420000.000 	 0.997328 	 0.002241 
11440000.000 	 0.996934 	 0.002339 
11460000.000 	 0.995775 	 0.003414 
11480000.000 	 0.998023 	 0.002686 
11500000.000 	 0.985621 	 0.005856 
11520000.000 	 0.996966 	 0.002731 
11540000.000 	 0.996146 	 0.004121 
11560000.000 	 0.998725 	 0.001389 
11580000.000 	 0.997913 	 0.001451 
11600000.000 	 0.996581 	 0.003759 
11620000.000 	 0.996678 	 0.002882 
11640000.000 	 0.996621 	 0.003303 
11660000.000 	 0.997278 	 0.002308 
11680000.000 	 0.997156 	 0.003466 
11700000.000 	 0.998359 	 0.001261 
11720000.000 	 0.997656 	 0.001731 
11740000.000 	 0.993795 	 0.007482 
11760000.000 	 0.996244 	 0.004614 
11780000.000 	 0.998438 	 0.001791 
11800000.000 	 0.997398 	 0.002320 
11820000.000 	 0.998290 	 0.001845 
11840000.000 	 0.998831 	 0.001062 
11860000.000 	 0.998152 	 0.002041 
11880000.000 	 0.998408 	 0.001590 
11900000.000 	 0.998927 	 0.001061 
11920000.000 	 0.996779 	 0.004250 
11940000.000 	 0.998485 	 0.001195 
11960000.000 	 0.998698 	 0.001111 
11980000.000 	 0.996124 	 0.004297 
12000000.000 	 0.998277 	 0.001614 
12020000.000 	 0.993771 	 0.003360 
12040000.000 	 0.994943 	 0.003770 
12060000.000 	 0.997390 	 0.002088 
12080000.000 	 0.997075 	 0.001797 
12100000.000 	 0.998070 	 0.001854 
12120000.000 	 0.997310 	 0.001806 
12140000.000 	 0.997284 	 0.001801 
12160000.000 	 0.997401 	 0.002721 
12180000.000 	 0.998576 	 0.001267 
12200000.000 	 0.998267 	 0.001092 
12220000.000 	 0.995890 	 0.003546 
12240000.000 	 0.996470 	 0.004020 
12260000.000 	 0.998633 	 0.001725 
12280000.000 	 0.997720 	 0.001916 
12300000.000 	 0.997498 	 0.002774 
12320000.000 	 0.997934 	 0.001912 
12340000.000 	 0.996934 	 0.002245 
12360000.000 	 0.997149 	 0.001887 
12380000.000 	 0.997390 	 0.001929 
12400000.000 	 0.995285 	 0.006867 
12420000.000 	 0.997359 	 0.002400 
12440000.000 	 0.996245 	 0.004494 
12460000.000 	 0.995722 	 0.002216 
12480000.000 	 0.998209 	 0.001751 
12500000.000 	 0.997205 	 0.002978 
12520000.000 	 0.995699 	 0.002748 
12540000.000 	 0.997371 	 0.002314 
12560000.000 	 0.997455 	 0.002269 
12580000.000 	 0.998605 	 0.001139 
12600000.000 	 0.996388 	 0.005777 
12620000.000 	 0.998281 	 0.001522 
12640000.000 	 0.998195 	 0.003720 
12660000.000 	 0.998747 	 0.000931 
12680000.000 	 0.998139 	 0.001415 
12700000.000 	 0.997626 	 0.002579 
12720000.000 	 0.996532 	 0.003989 
12740000.000 	 0.994786 	 0.004271 
12760000.000 	 0.998441 	 0.001420 
12780000.000 	 0.998405 	 0.001539 
12800000.000 	 0.998747 	 0.001005 
12820000.000 	 0.997563 	 0.001489 
12840000.000 	 0.998746 	 0.001030 
12860000.000 	 0.998594 	 0.001475 
12880000.000 	 0.997622 	 0.001538 
12900000.000 	 0.997199 	 0.002428 
12920000.000 	 0.998476 	 0.001294 
12940000.000 	 0.995033 	 0.005309 
12960000.000 	 0.999077 	 0.001331 
12980000.000 	 0.998423 	 0.001330 
13000000.000 	 0.995863 	 0.004443 
13020000.000 	 0.998308 	 0.001169 
13040000.000 	 0.999157 	 0.001160 
13060000.000 	 0.998522 	 0.001312 
13080000.000 	 0.998747 	 0.001437 
13100000.000 	 0.995135 	 0.003642 
13120000.000 	 0.996799 	 0.003718 
13140000.000 	 0.998196 	 0.001216 
13160000.000 	 0.998566 	 0.001015 
13180000.000 	 0.998429 	 0.001218 
13200000.000 	 0.996857 	 0.003308 
13220000.000 	 0.998738 	 0.001935 
13240000.000 	 0.998994 	 0.001134 
13260000.000 	 0.996130 	 0.003005 
13280000.000 	 0.996721 	 0.002893 
13300000.000 	 0.997677 	 0.002439 
13320000.000 	 0.996560 	 0.003406 
13340000.000 	 0.999052 	 0.000772 
13360000.000 	 0.997087 	 0.002479 
13380000.000 	 0.998773 	 0.000944 
13400000.000 	 0.998379 	 0.001866 
13420000.000 	 0.998052 	 0.001425 
13440000.000 	 0.997239 	 0.001717 
13460000.000 	 0.997824 	 0.002311 
13480000.000 	 0.995641 	 0.003936 
13500000.000 	 0.995555 	 0.003518 
13520000.000 	 0.998096 	 0.002250 
13540000.000 	 0.996907 	 0.004615 
13560000.000 	 0.996423 	 0.003732 
13580000.000 	 0.997046 	 0.002275 
13600000.000 	 0.996337 	 0.004351 
13620000.000 	 0.998692 	 0.001002 
13640000.000 	 0.998642 	 0.001281 
13660000.000 	 0.999011 	 0.000812 
13680000.000 	 0.998088 	 0.002230 
13700000.000 	 0.996758 	 0.003598 
13720000.000 	 0.997738 	 0.001351 
13740000.000 	 0.998270 	 0.001288 
13760000.000 	 0.996674 	 0.003022 
13780000.000 	 0.998477 	 0.001554 
13800000.000 	 0.997502 	 0.002467 
13820000.000 	 0.997183 	 0.002649 
13840000.000 	 0.998788 	 0.001184 
13860000.000 	 0.997602 	 0.001998 
13880000.000 	 0.997404 	 0.002948 
13900000.000 	 0.996995 	 0.002792 
13920000.000 	 0.998799 	 0.001620 
13940000.000 	 0.996423 	 0.002207 
13960000.000 	 0.998315 	 0.001178 
13980000.000 	 0.998586 	 0.001300 
14000000.000 	 0.998311 	 0.001515 
14020000.000 	 0.998382 	 0.001663 
14040000.000 	 0.998491 	 0.001257 
14060000.000 	 0.998504 	 0.001761 
14080000.000 	 0.998218 	 0.002208 
14100000.000 	 0.996859 	 0.001974 
14120000.000 	 0.998539 	 0.001806 
14140000.000 	 0.997060 	 0.002274 
14160000.000 	 0.998200 	 0.002191 
14180000.000 	 0.997885 	 0.001602 
14200000.000 	 0.998466 	 0.001412 
14220000.000 	 0.998425 	 0.001440 
14240000.000 	 0.998098 	 0.001447 
14260000.000 	 0.996877 	 0.002312 
14280000.000 	 0.997040 	 0.002143 
14300000.000 	 0.995254 	 0.004272 
14320000.000 	 0.998421 	 0.001200 
14340000.000 	 0.997293 	 0.001931 
14360000.000 	 0.998549 	 0.001921 
14380000.000 	 0.997450 	 0.003444 
14400000.000 	 0.995959 	 0.004018 
14420000.000 	 0.996963 	 0.002408 
14440000.000 	 0.997978 	 0.001836 
14460000.000 	 0.995550 	 0.003145 
14480000.000 	 0.996016 	 0.004504 
14500000.000 	 0.996931 	 0.003338 
14520000.000 	 0.996596 	 0.002924 
14540000.000 	 0.997044 	 0.003291 
14560000.000 	 0.998431 	 0.001790 
14580000.000 	 0.996864 	 0.002352 
14600000.000 	 0.998034 	 0.003357 
14620000.000 	 0.999091 	 0.000820 
14640000.000 	 0.998625 	 0.001861 
14660000.000 	 0.997749 	 0.001808 
14680000.000 	 0.997846 	 0.001666 
14700000.000 	 0.998065 	 0.001637 
14720000.000 	 0.997877 	 0.002262 
14740000.000 	 0.997617 	 0.002228 
14760000.000 	 0.998814 	 0.001136 
14780000.000 	 0.997782 	 0.002060 
14800000.000 	 0.995622 	 0.005969 
14820000.000 	 0.997660 	 0.001681 
14840000.000 	 0.995346 	 0.004060 
14860000.000 	 0.996599 	 0.003481 
14880000.000 	 0.997993 	 0.001369 
14900000.000 	 0.997565 	 0.001761 
14920000.000 	 0.997712 	 0.002451 
14940000.000 	 0.996524 	 0.003197 
14960000.000 	 0.996091 	 0.002519 
14980000.000 	 0.996517 	 0.003744 
15000000.000 	 0.997150 	 0.002911 
15020000.000 	 0.998531 	 0.000952 
15040000.000 	 0.999172 	 0.000973 
15060000.000 	 0.997989 	 0.001360 
15080000.000 	 0.997514 	 0.003228 
15100000.000 	 0.997144 	 0.002622 
15120000.000 	 0.997325 	 0.002010 
15140000.000 	 0.998280 	 0.001348 
15160000.000 	 0.994629 	 0.003813 
15180000.000 	 0.998420 	 0.001179 
15200000.000 	 0.996771 	 0.002073 
15220000.000 	 0.998874 	 0.001564 
15240000.000 	 0.997409 	 0.003032 
15260000.000 	 0.997508 	 0.003991 
15280000.000 	 0.997669 	 0.001768 
15300000.000 	 0.999096 	 0.000765 
15320000.000 	 0.996394 	 0.003682 
15340000.000 	 0.998914 	 0.001045 
15360000.000 	 0.997848 	 0.002466 
15380000.000 	 0.998123 	 0.001321 
15400000.000 	 0.999075 	 0.000875 
15420000.000 	 0.996634 	 0.002221 
15440000.000 	 0.998168 	 0.001923 
15460000.000 	 0.998672 	 0.001267 
15480000.000 	 0.999077 	 0.001012 
15500000.000 	 0.996922 	 0.002169 
15520000.000 	 0.995949 	 0.002850 
15540000.000 	 0.997663 	 0.003586 
15560000.000 	 0.998613 	 0.001332 
15580000.000 	 0.998724 	 0.001099 
15600000.000 	 0.996572 	 0.002246 
15620000.000 	 0.998443 	 0.001504 
15640000.000 	 0.997012 	 0.003006 
15660000.000 	 0.991094 	 0.009554 
15680000.000 	 0.998502 	 0.001301 
15700000.000 	 0.997375 	 0.002189 
15720000.000 	 0.997007 	 0.001886 
15740000.000 	 0.995369 	 0.002803 
15760000.000 	 0.997597 	 0.002720 
15780000.000 	 0.997056 	 0.002883 
15800000.000 	 0.997406 	 0.001947 
15820000.000 	 0.996233 	 0.006070 
15840000.000 	 0.996793 	 0.003252 
15860000.000 	 0.999188 	 0.000747 
15880000.000 	 0.997115 	 0.002303 
15900000.000 	 0.998632 	 0.001177 
15920000.000 	 0.997907 	 0.001991 
15940000.000 	 0.997225 	 0.003614 
15960000.000 	 0.998098 	 0.002460 
15980000.000 	 0.998406 	 0.001259 
16000000.000 	 0.997148 	 0.002183 
16020000.000 	 0.998679 	 0.001164 
16040000.000 	 0.998358 	 0.001474 
16060000.000 	 0.998867 	 0.001684 
16080000.000 	 0.998971 	 0.001207 
16100000.000 	 0.998652 	 0.002246 
16120000.000 	 0.998428 	 0.001550 
16140000.000 	 0.996941 	 0.003023 
16160000.000 	 0.997505 	 0.001867 
16180000.000 	 0.998394 	 0.001499 
16200000.000 	 0.998042 	 0.001846 
16220000.000 	 0.996829 	 0.002657 
16240000.000 	 0.998478 	 0.001241 
16260000.000 	 0.997867 	 0.002429 
16280000.000 	 0.997984 	 0.001433 
16300000.000 	 0.998310 	 0.001518 
16320000.000 	 0.997186 	 0.003009 
16340000.000 	 0.997436 	 0.001979 
16360000.000 	 0.998315 	 0.001703 
16380000.000 	 0.996921 	 0.002410 
16400000.000 	 0.997869 	 0.001710 
16420000.000 	 0.998890 	 0.000922 
16440000.000 	 0.996777 	 0.002414 
16460000.000 	 0.997235 	 0.003515 
16480000.000 	 0.997767 	 0.002296 
16500000.000 	 0.996987 	 0.002705 
16520000.000 	 0.998714 	 0.001738 
16540000.000 	 0.997048 	 0.003008 
16560000.000 	 0.998309 	 0.001613 
16580000.000 	 0.998597 	 0.002663 
16600000.000 	 0.997593 	 0.002216 
16620000.000 	 0.997013 	 0.002255 
16640000.000 	 0.996894 	 0.001618 
16660000.000 	 0.998042 	 0.001706 
16680000.000 	 0.995508 	 0.004197 
16700000.000 	 0.998753 	 0.001802 
16720000.000 	 0.998825 	 0.000907 
16740000.000 	 0.998349 	 0.001293 
16760000.000 	 0.998554 	 0.002118 
16780000.000 	 0.995911 	 0.004201 
16800000.000 	 0.997115 	 0.001984 
16820000.000 	 0.996954 	 0.003051 
16840000.000 	 0.996356 	 0.003347 
16860000.000 	 0.998387 	 0.002324 
16880000.000 	 0.997407 	 0.002498 
16900000.000 	 0.995217 	 0.004155 
16920000.000 	 0.998819 	 0.001274 
16940000.000 	 0.999184 	 0.001161 
16960000.000 	 0.997561 	 0.001350 
16980000.000 	 0.997150 	 0.002030 
17000000.000 	 0.998093 	 0.001669 
17020000.000 	 0.997910 	 0.002427 
17040000.000 	 0.996739 	 0.001990 
17060000.000 	 0.996175 	 0.004105 
17080000.000 	 0.996477 	 0.003271 
17100000.000 	 0.998300 	 0.001867 
17120000.000 	 0.995730 	 0.003316 
17140000.000 	 0.997103 	 0.002033 
17160000.000 	 0.997901 	 0.001569 
17180000.000 	 0.996906 	 0.004528 
17200000.000 	 0.995019 	 0.002872 
17220000.000 	 0.998963 	 0.001114 
17240000.000 	 0.995357 	 0.008487 
17260000.000 	 0.996967 	 0.002837 
17280000.000 	 0.997850 	 0.002163 
17300000.000 	 0.997703 	 0.001885 
17320000.000 	 0.997566 	 0.002277 
17340000.000 	 0.997100 	 0.003092 
17360000.000 	 0.997629 	 0.002871 
17380000.000 	 0.997835 	 0.001676 
17400000.000 	 0.995855 	 0.004561 
17420000.000 	 0.996809 	 0.002302 
17440000.000 	 0.998107 	 0.001579 
17460000.000 	 0.998460 	 0.000926 
17480000.000 	 0.996702 	 0.004914 
17500000.000 	 0.994242 	 0.008070 
17520000.000 	 0.996713 	 0.002136 
17540000.000 	 0.998316 	 0.001399 
17560000.000 	 0.997401 	 0.001984 
17580000.000 	 0.997208 	 0.002790 
17600000.000 	 0.998072 	 0.001718 
17620000.000 	 0.998623 	 0.001455 
17640000.000 	 0.997750 	 0.001555 
17660000.000 	 0.997890 	 0.001756 
17680000.000 	 0.993598 	 0.003252 
17700000.000 	 0.998129 	 0.001966 
17720000.000 	 0.998767 	 0.001289 
17740000.000 	 0.998724 	 0.001425 
17760000.000 	 0.997055 	 0.002608 
17780000.000 	 0.998215 	 0.002968 
17800000.000 	 0.997204 	 0.003504 
17820000.000 	 0.998369 	 0.001886 
17840000.000 	 0.996909 	 0.001946 
17860000.000 	 0.998181 	 0.001423 
17880000.000 	 0.997179 	 0.002756 
17900000.000 	 0.995849 	 0.002416 
17920000.000 	 0.996038 	 0.002518 
17940000.000 	 0.997578 	 0.001912 
17960000.000 	 0.996775 	 0.002966 
17980000.000 	 0.995827 	 0.002844 
18000000.000 	 0.997981 	 0.002147 
18020000.000 	 0.997603 	 0.002033 
18040000.000 	 0.998001 	 0.001845 
18060000.000 	 0.996803 	 0.002396 
18080000.000 	 0.998343 	 0.001540 
18100000.000 	 0.996517 	 0.003281 
18120000.000 	 0.998845 	 0.001103 
18140000.000 	 0.997891 	 0.002530 
18160000.000 	 0.997987 	 0.001776 
18180000.000 	 0.996505 	 0.004638 
18200000.000 	 0.995253 	 0.002643 
18220000.000 	 0.997936 	 0.001814 
18240000.000 	 0.997895 	 0.001483 
18260000.000 	 0.998682 	 0.001221 
18280000.000 	 0.995523 	 0.003747 
18300000.000 	 0.998224 	 0.001942 
18320000.000 	 0.995646 	 0.004427 
18340000.000 	 0.997514 	 0.002720 
18360000.000 	 0.998392 	 0.002358 
18380000.000 	 0.998576 	 0.001676 
18400000.000 	 0.998680 	 0.000921 
18420000.000 	 0.997437 	 0.002133 
18440000.000 	 0.998431 	 0.001393 
18460000.000 	 0.998049 	 0.002121 
18480000.000 	 0.997548 	 0.001968 
18500000.000 	 0.998691 	 0.001440 
18520000.000 	 0.998628 	 0.001161 
18540000.000 	 0.995620 	 0.003246 
18560000.000 	 0.998340 	 0.001178 
18580000.000 	 0.996844 	 0.003800 
18600000.000 	 0.998785 	 0.001031 
18620000.000 	 0.999508 	 0.000471 
18640000.000 	 0.997877 	 0.001430 
18660000.000 	 0.998028 	 0.001902 
18680000.000 	 0.998555 	 0.001200 
18700000.000 	 0.997264 	 0.003487 
18720000.000 	 0.997204 	 0.002148 
18740000.000 	 0.998524 	 0.001767 
18760000.000 	 0.998103 	 0.001807 
18780000.000 	 0.997324 	 0.003467 
18800000.000 	 0.998108 	 0.002827 
18820000.000 	 0.997558 	 0.002571 
18840000.000 	 0.996136 	 0.003065 
18860000.000 	 0.997908 	 0.002102 
18880000.000 	 0.998332 	 0.001880 
18900000.000 	 0.998227 	 0.001943 
18920000.000 	 0.996863 	 0.003819 
18940000.000 	 0.993604 	 0.004001 
18960000.000 	 0.993760 	 0.006063 
18980000.000 	 0.997578 	 0.001700 
19000000.000 	 0.998654 	 0.001435 
19020000.000 	 0.997882 	 0.002167 
19040000.000 	 0.998166 	 0.002511 
19060000.000 	 0.997596 	 0.002624 
19080000.000 	 0.996836 	 0.001835 
19100000.000 	 0.997580 	 0.002920 
19120000.000 	 0.997218 	 0.001898 
19140000.000 	 0.998114 	 0.001651 
19160000.000 	 0.995655 	 0.002716 
19180000.000 	 0.998324 	 0.001520 
19200000.000 	 0.997687 	 0.002508 
19220000.000 	 0.995391 	 0.006299 
19240000.000 	 0.997054 	 0.001919 
19260000.000 	 0.996090 	 0.006127 
19280000.000 	 0.999061 	 0.000867 
19300000.000 	 0.998486 	 0.001727 
19320000.000 	 0.998179 	 0.001894 
19340000.000 	 0.997993 	 0.002091 
19360000.000 	 0.998613 	 0.001734 
19380000.000 	 0.996520 	 0.002308 
19400000.000 	 0.998059 	 0.001509 
19420000.000 	 0.998638 	 0.001759 
19440000.000 	 0.998405 	 0.001917 
19460000.000 	 0.998672 	 0.001114 
19480000.000 	 0.996566 	 0.001992 
19500000.000 	 0.998339 	 0.001347 
19520000.000 	 0.996696 	 0.002569 
19540000.000 	 0.996699 	 0.002952 
19560000.000 	 0.998003 	 0.001553 
19580000.000 	 0.997607 	 0.002586 
19600000.000 	 0.998302 	 0.001205 
19620000.000 	 0.998758 	 0.001452 
19640000.000 	 0.998494 	 0.001177 
19660000.000 	 0.996733 	 0.004180 
19680000.000 	 0.994370 	 0.005018 
19700000.000 	 0.993050 	 0.005182 
19720000.000 	 0.999156 	 0.000832 
19740000.000 	 0.997358 	 0.001601 
19760000.000 	 0.997602 	 0.001874 
19780000.000 	 0.998420 	 0.001251 
19800000.000 	 0.998082 	 0.001230 
19820000.000 	 0.996252 	 0.002655 
19840000.000 	 0.995673 	 0.003294 
19860000.000 	 0.998836 	 0.000909 
19880000.000 	 0.999385 	 0.000818 
19900000.000 	 0.995940 	 0.006033 
19920000.000 	 0.998087 	 0.001457 
19940000.000 	 0.997168 	 0.002523 
19960000.000 	 0.999257 	 0.000681 
19980000.000 	 0.998315 	 0.001386 
20000000.000 	 0.997211 	 0.003650 
20020000.000 	 0.998160 	 0.002414 
20040000.000 	 0.995891 	 0.003447 
20060000.000 	 0.996993 	 0.002186 
20080000.000 	 0.998057 	 0.001941 
20100000.000 	 0.998344 	 0.001248 
20120000.000 	 0.998562 	 0.001227 
20140000.000 	 0.997576 	 0.002803 
20160000.000 	 0.994521 	 0.005475 
20180000.000 	 0.998280 	 0.001251 
20200000.000 	 0.999237 	 0.001023 
20220000.000 	 0.998592 	 0.001654 
20240000.000 	 0.997770 	 0.001724 
20260000.000 	 0.998567 	 0.001148 
20280000.000 	 0.997107 	 0.003166 
20300000.000 	 0.994227 	 0.004614 
20320000.000 	 0.998156 	 0.002136 
20340000.000 	 0.998811 	 0.001888 
20360000.000 	 0.998124 	 0.001516 
20380000.000 	 0.996913 	 0.002131 
20400000.000 	 0.996702 	 0.004133 
20420000.000 	 0.998157 	 0.002362 
20440000.000 	 0.993704 	 0.004285 
20460000.000 	 0.997617 	 0.002164 
20480000.000 	 0.998301 	 0.001586 
20500000.000 	 0.998021 	 0.001386 
20520000.000 	 0.997726 	 0.002302 
20540000.000 	 0.997736 	 0.001951 
20560000.000 	 0.996670 	 0.005635 
20580000.000 	 0.998043 	 0.002445 
20600000.000 	 0.998242 	 0.001790 
20620000.000 	 0.998077 	 0.001930 
20640000.000 	 0.998721 	 0.001049 
20660000.000 	 0.997521 	 0.002822 
20680000.000 	 0.997891 	 0.002549 
20700000.000 	 0.997106 	 0.003138 
20720000.000 	 0.996539 	 0.003394 
20740000.000 	 0.997973 	 0.001458 
20760000.000 	 0.997557 	 0.001665 
20780000.000 	 0.996626 	 0.002924 
20800000.000 	 0.998445 	 0.001330 
20820000.000 	 0.994880 	 0.003916 
20840000.000 	 0.992737 	 0.009696 
20860000.000 	 0.997732 	 0.002379 
20880000.000 	 0.997023 	 0.003514 
20900000.000 	 0.997567 	 0.001870 
20920000.000 	 0.997786 	 0.002493 
20940000.000 	 0.998401 	 0.001380 
20960000.000 	 0.998691 	 0.001307 
20980000.000 	 0.997469 	 0.002304 
21000000.000 	 0.998816 	 0.001310 
21020000.000 	 0.997206 	 0.002626 
21040000.000 	 0.998701 	 0.001616 
21060000.000 	 0.996332 	 0.002537 
21080000.000 	 0.998515 	 0.001520 
21100000.000 	 0.998238 	 0.001878 
21120000.000 	 0.997810 	 0.001889 
21140000.000 	 0.996684 	 0.002891 
21160000.000 	 0.997808 	 0.001388 
21180000.000 	 0.998381 	 0.001919 
21200000.000 	 0.999000 	 0.000875 
21220000.000 	 0.998283 	 0.001292 
21240000.000 	 0.998520 	 0.001351 
21260000.000 	 0.995472 	 0.002824 
21280000.000 	 0.994869 	 0.004194 
21300000.000 	 0.996623 	 0.002116 
21320000.000 	 0.998160 	 0.001447 
21340000.000 	 0.998684 	 0.001217 
21360000.000 	 0.997238 	 0.002247 
21380000.000 	 0.996827 	 0.002571 
21400000.000 	 0.997486 	 0.001950 
21420000.000 	 0.996474 	 0.003862 
21440000.000 	 0.995855 	 0.002803 
21460000.000 	 0.995704 	 0.002508 
21480000.000 	 0.997711 	 0.002133 
21500000.000 	 0.997226 	 0.001931 
21520000.000 	 0.998765 	 0.001589 
21540000.000 	 0.997330 	 0.002528 
21560000.000 	 0.997909 	 0.002206 
21580000.000 	 0.997090 	 0.002398 
21600000.000 	 0.998553 	 0.001102 
21620000.000 	 0.998476 	 0.001425 
21640000.000 	 0.996353 	 0.002871 
21660000.000 	 0.998891 	 0.000927 
21680000.000 	 0.996264 	 0.003666 
21700000.000 	 0.999066 	 0.001012 
21720000.000 	 0.997414 	 0.002733 
21740000.000 	 0.998042 	 0.001229 
21760000.000 	 0.997339 	 0.003431 
21780000.000 	 0.996796 	 0.002636 
21800000.000 	 0.998520 	 0.001630 
21820000.000 	 0.998258 	 0.002182 
21840000.000 	 0.998699 	 0.001329 
21860000.000 	 0.994176 	 0.005070 
21880000.000 	 0.998072 	 0.002203 
21900000.000 	 0.997636 	 0.002098 
21920000.000 	 0.997728 	 0.002000 
21940000.000 	 0.997362 	 0.002391 
21960000.000 	 0.997698 	 0.002699 
21980000.000 	 0.997450 	 0.002576 
22000000.000 	 0.993277 	 0.008883 
22020000.000 	 0.995023 	 0.008224 
22040000.000 	 0.998704 	 0.001444 
22060000.000 	 0.998497 	 0.002086 
22080000.000 	 0.997470 	 0.003088 
22100000.000 	 0.998239 	 0.001870 
22120000.000 	 0.997731 	 0.002092 
22140000.000 	 0.997478 	 0.003759 
22160000.000 	 0.998113 	 0.001983 
22180000.000 	 0.999285 	 0.000942 
22200000.000 	 0.997452 	 0.002437 
22220000.000 	 0.998842 	 0.001080 
22240000.000 	 0.998219 	 0.001759 
22260000.000 	 0.998412 	 0.001534 
22280000.000 	 0.997537 	 0.001889 
22300000.000 	 0.998034 	 0.001621 
22320000.000 	 0.998204 	 0.001528 
22340000.000 	 0.998513 	 0.001384 
22360000.000 	 0.999301 	 0.000867 
22380000.000 	 0.997260 	 0.002275 
22400000.000 	 0.996675 	 0.003528 
22420000.000 	 0.997614 	 0.002288 
22440000.000 	 0.998346 	 0.002332 
22460000.000 	 0.998752 	 0.001025 
22480000.000 	 0.998524 	 0.001354 
22500000.000 	 0.998293 	 0.001547 
22520000.000 	 0.997304 	 0.003755 
22540000.000 	 0.996864 	 0.003406 
22560000.000 	 0.996916 	 0.003660 
22580000.000 	 0.998678 	 0.001342 
22600000.000 	 0.999311 	 0.000700 
22620000.000 	 0.996215 	 0.003243 
22640000.000 	 0.998369 	 0.001438 
22660000.000 	 0.998071 	 0.001722 
22680000.000 	 0.997843 	 0.001813 
22700000.000 	 0.997583 	 0.001969 
22720000.000 	 0.996073 	 0.002374 
22740000.000 	 0.998217 	 0.001424 
22760000.000 	 0.998230 	 0.001879 
22780000.000 	 0.997185 	 0.003215 
22800000.000 	 0.998377 	 0.001441 
22820000.000 	 0.998478 	 0.002364 
22840000.000 	 0.998477 	 0.001559 
22860000.000 	 0.997766 	 0.001695 
22880000.000 	 0.997581 	 0.002245 
22900000.000 	 0.997241 	 0.002487 
22920000.000 	 0.997074 	 0.003242 
22940000.000 	 0.997988 	 0.001332 
22960000.000 	 0.997599 	 0.001853 
22980000.000 	 0.997436 	 0.001715 
23000000.000 	 0.996946 	 0.001741 
23020000.000 	 0.998366 	 0.001838 
23040000.000 	 0.997752 	 0.003482 
23060000.000 	 0.997587 	 0.002831 
23080000.000 	 0.997648 	 0.002234 
23100000.000 	 0.998458 	 0.001751 
23120000.000 	 0.998265 	 0.001723 
23140000.000 	 0.998834 	 0.001435 
23160000.000 	 0.997220 	 0.002296 
23180000.000 	 0.997997 	 0.002790 
23200000.000 	 0.995575 	 0.005538 
23220000.000 	 0.998378 	 0.001201 
23240000.000 	 0.998680 	 0.002392 
23260000.000 	 0.998739 	 0.001116 
23280000.000 	 0.998706 	 0.001069 
23300000.000 	 0.998674 	 0.001260 
23320000.000 	 0.998752 	 0.002566 
23340000.000 	 0.997302 	 0.001593 
23360000.000 	 0.998213 	 0.001943 
23380000.000 	 0.997930 	 0.001749 
23400000.000 	 0.997975 	 0.001338 
23420000.000 	 0.998037 	 0.001919 
23440000.000 	 0.996351 	 0.003646 
23460000.000 	 0.997018 	 0.002886 
23480000.000 	 0.997383 	 0.003406 
23500000.000 	 0.997695 	 0.002386 
23520000.000 	 0.995252 	 0.005174 
23540000.000 	 0.998004 	 0.001116 
23560000.000 	 0.996392 	 0.003588 
23580000.000 	 0.998724 	 0.001293 
23600000.000 	 0.997918 	 0.001783 
23620000.000 	 0.997778 	 0.001956 
23640000.000 	 0.999181 	 0.000656 
23660000.000 	 0.995920 	 0.003629 
23680000.000 	 0.998217 	 0.003224 
23700000.000 	 0.999058 	 0.000912 
23720000.000 	 0.998260 	 0.001939 
23740000.000 	 0.998442 	 0.001216 
23760000.000 	 0.998579 	 0.002156 
23780000.000 	 0.998287 	 0.001299 
23800000.000 	 0.998473 	 0.003010 
23820000.000 	 0.998613 	 0.001318 
23840000.000 	 0.997922 	 0.002103 
23860000.000 	 0.996435 	 0.002797 
23880000.000 	 0.996362 	 0.003305 
23900000.000 	 0.997077 	 0.002430 
23920000.000 	 0.997818 	 0.002789 
23940000.000 	 0.998112 	 0.001676 
23960000.000 	 0.996258 	 0.004204 
23980000.000 	 0.998525 	 0.001052 
24000000.000 	 0.998088 	 0.002779 
24020000.000 	 0.997011 	 0.002981 
24040000.000 	 0.998447 	 0.001425 
24060000.000 	 0.998517 	 0.001107 
24080000.000 	 0.998791 	 0.001244 
24100000.000 	 0.997471 	 0.002440 
24120000.000 	 0.997449 	 0.002009 
24140000.000 	 0.997747 	 0.003485 
24160000.000 	 0.998023 	 0.001838 
24180000.000 	 0.998369 	 0.002250 
24200000.000 	 0.996967 	 0.005069 
24220000.000 	 0.996368 	 0.002846 
24240000.000 	 0.995512 	 0.004969 
24260000.000 	 0.998283 	 0.001385 
24280000.000 	 0.998030 	 0.002150 
24300000.000 	 0.994233 	 0.006066 
24320000.000 	 0.997221 	 0.002288 
24340000.000 	 0.998834 	 0.000921 
24360000.000 	 0.997789 	 0.002359 
24380000.000 	 0.997362 	 0.001811 
24400000.000 	 0.997599 	 0.002228 
24420000.000 	 0.999147 	 0.000878 
24440000.000 	 0.998992 	 0.001050 
24460000.000 	 0.998306 	 0.002298 
24480000.000 	 0.997189 	 0.002305 
24500000.000 	 0.997037 	 0.003197 
24520000.000 	 0.998840 	 0.001317 
24540000.000 	 0.997834 	 0.001880 
24560000.000 	 0.997955 	 0.002164 
24580000.000 	 0.998563 	 0.001268 
24600000.000 	 0.997188 	 0.002849 
24620000.000 	 0.994109 	 0.009119 
24640000.000 	 0.997585 	 0.002443 
24660000.000 	 0.996464 	 0.002513 
24680000.000 	 0.998739 	 0.001177 
24700000.000 	 0.994553 	 0.005382 
24720000.000 	 0.995321 	 0.003930 
24740000.000 	 0.995512 	 0.003612 
24760000.000 	 0.996421 	 0.003201 
24780000.000 	 0.997843 	 0.002134 
24800000.000 	 0.997846 	 0.001829 
24820000.000 	 0.998213 	 0.001340 
24840000.000 	 0.998413 	 0.001557 
24860000.000 	 0.998276 	 0.001631 
24880000.000 	 0.998343 	 0.001617 
24900000.000 	 0.997261 	 0.002210 
24920000.000 	 0.998858 	 0.001199 
24940000.000 	 0.998499 	 0.002429 
24960000.000 	 0.997384 	 0.001637 
24980000.000 	 0.997498 	 0.003571 
25000000.000 	 0.995551 	 0.004661 
25020000.000 	 0.996597 	 0.003323 
25040000.000 	 0.996814 	 0.002574 
25060000.000 	 0.998238 	 0.001533 
25080000.000 	 0.998549 	 0.001184 
25100000.000 	 0.997883 	 0.001438 
25120000.000 	 0.999000 	 0.000915 
25140000.000 	 0.998689 	 0.001183 
25160000.000 	 0.998036 	 0.001743 
25180000.000 	 0.998584 	 0.001354 
25200000.000 	 0.996598 	 0.003336 
25220000.000 	 0.997001 	 0.002743 
25240000.000 	 0.997224 	 0.002475 
25260000.000 	 0.998745 	 0.001695 
25280000.000 	 0.997339 	 0.002200 
25300000.000 	 0.998440 	 0.001492 
25320000.000 	 0.997872 	 0.001781 
25340000.000 	 0.998536 	 0.001248 
25360000.000 	 0.996603 	 0.004827 
25380000.000 	 0.997924 	 0.001771 
25400000.000 	 0.997588 	 0.002457 
25420000.000 	 0.998234 	 0.001426 
25440000.000 	 0.998044 	 0.001748 
25460000.000 	 0.998048 	 0.001291 
25480000.000 	 0.996294 	 0.004382 
25500000.000 	 0.998087 	 0.001758 
25520000.000 	 0.996632 	 0.002619 
25540000.000 	 0.997284 	 0.002017 
25560000.000 	 0.998878 	 0.000810 
25580000.000 	 0.998444 	 0.001315 
25600000.000 	 0.998539 	 0.001565 
25620000.000 	 0.997197 	 0.002400 
25640000.000 	 0.998496 	 0.001386 
25660000.000 	 0.997764 	 0.001780 
25680000.000 	 0.998195 	 0.001766 
25700000.000 	 0.998100 	 0.001665 
25720000.000 	 0.998166 	 0.001611 
25740000.000 	 0.999067 	 0.001388 
25760000.000 	 0.997960 	 0.001338 
25780000.000 	 0.998576 	 0.001149 
25800000.000 	 0.995912 	 0.001959 
25820000.000 	 0.998146 	 0.001744 
25840000.000 	 0.999083 	 0.000891 
25860000.000 	 0.998787 	 0.001276 
25880000.000 	 0.998387 	 0.001353 
25900000.000 	 0.997620 	 0.002542 
25920000.000 	 0.996664 	 0.003155 
25940000.000 	 0.994421 	 0.003421 
25960000.000 	 0.998185 	 0.001592 
25980000.000 	 0.998923 	 0.001172 
26000000.000 	 0.997617 	 0.002209 
26020000.000 	 0.997648 	 0.002210 
26040000.000 	 0.998495 	 0.001454 
26060000.000 	 0.996152 	 0.002531 
26080000.000 	 0.997264 	 0.002246 
26100000.000 	 0.996898 	 0.001633 
26120000.000 	 0.998984 	 0.000810 
26140000.000 	 0.996445 	 0.003058 
26160000.000 	 0.999266 	 0.000735 
26180000.000 	 0.998364 	 0.001789 
26200000.000 	 0.998717 	 0.001283 
26220000.000 	 0.998974 	 0.001266 
26240000.000 	 0.998135 	 0.001967 
26260000.000 	 0.997598 	 0.001723 
26280000.000 	 0.996659 	 0.002924 
26300000.000 	 0.997345 	 0.002398 
26320000.000 	 0.998946 	 0.001097 
26340000.000 	 0.998481 	 0.001208 
26360000.000 	 0.998719 	 0.001052 
26380000.000 	 0.996651 	 0.002352 
26400000.000 	 0.997763 	 0.002179 
26420000.000 	 0.998602 	 0.001464 
26440000.000 	 0.998740 	 0.001020 
26460000.000 	 0.998131 	 0.001828 
26480000.000 	 0.996107 	 0.002554 
26500000.000 	 0.999224 	 0.000861 
26520000.000 	 0.998528 	 0.001884 
26540000.000 	 0.997059 	 0.002523 
26560000.000 	 0.997686 	 0.002132 
26580000.000 	 0.997951 	 0.001658 
26600000.000 	 0.996805 	 0.002611 
26620000.000 	 0.997131 	 0.001968 
26640000.000 	 0.996959 	 0.002957 
26660000.000 	 0.998351 	 0.001503 
26680000.000 	 0.998193 	 0.001811 
26700000.000 	 0.997597 	 0.001546 
26720000.000 	 0.997835 	 0.002125 
26740000.000 	 0.998848 	 0.000943 
26760000.000 	 0.998481 	 0.001447 
26780000.000 	 0.998497 	 0.000959 
26800000.000 	 0.998258 	 0.001536 
26820000.000 	 0.998413 	 0.001128 
26840000.000 	 0.998176 	 0.001278 
26860000.000 	 0.996965 	 0.002494 
26880000.000 	 0.999134 	 0.000786 
26900000.000 	 0.998314 	 0.002246 
26920000.000 	 0.996647 	 0.002415 
26940000.000 	 0.998781 	 0.001413 
26960000.000 	 0.997266 	 0.003259 
26980000.000 	 0.999235 	 0.000740 
27000000.000 	 0.998757 	 0.001169 
27020000.000 	 0.997486 	 0.002412 
27040000.000 	 0.998833 	 0.000881 
27060000.000 	 0.997625 	 0.002398 
27080000.000 	 0.998007 	 0.001972 
27100000.000 	 0.995336 	 0.003543 
27120000.000 	 0.997941 	 0.002413 
27140000.000 	 0.998843 	 0.000919 
27160000.000 	 0.999350 	 0.000682 
27180000.000 	 0.997208 	 0.005210 
27200000.000 	 0.996776 	 0.002415 
27220000.000 	 0.998097 	 0.001374 
27240000.000 	 0.994500 	 0.006798 
27260000.000 	 0.995885 	 0.004020 
27280000.000 	 0.998124 	 0.001732 
27300000.000 	 0.997770 	 0.001784 
27320000.000 	 0.998314 	 0.001047 
27340000.000 	 0.998331 	 0.001549 
27360000.000 	 0.997623 	 0.002439 
27380000.000 	 0.998974 	 0.001062 
27400000.000 	 0.997831 	 0.001596 
27420000.000 	 0.998858 	 0.001084 
27440000.000 	 0.998425 	 0.001470 
27460000.000 	 0.998124 	 0.002247 
27480000.000 	 0.998508 	 0.001762 
27500000.000 	 0.998740 	 0.001360 
27520000.000 	 0.996432 	 0.003621 
27540000.000 	 0.998141 	 0.001487 
27560000.000 	 0.997953 	 0.001691 
27580000.000 	 0.996503 	 0.003058 
27600000.000 	 0.997024 	 0.004246 
27620000.000 	 0.998184 	 0.001959 
27640000.000 	 0.998928 	 0.001076 
27660000.000 	 0.997637 	 0.002212 
27680000.000 	 0.997974 	 0.002011 
27700000.000 	 0.999072 	 0.001337 
27720000.000 	 0.998349 	 0.001722 
27740000.000 	 0.998607 	 0.001452 
27760000.000 	 0.997959 	 0.002370 
27780000.000 	 0.997070 	 0.003477 
27800000.000 	 0.998354 	 0.001727 
27820000.000 	 0.998924 	 0.000913 
27840000.000 	 0.998709 	 0.001413 
27860000.000 	 0.996929 	 0.001864 
27880000.000 	 0.998404 	 0.001496 
27900000.000 	 0.997717 	 0.001862 
27920000.000 	 0.998092 	 0.001427 
27940000.000 	 0.998062 	 0.001442 
27960000.000 	 0.996803 	 0.002586 
27980000.000 	 0.998509 	 0.001409 
28000000.000 	 0.998682 	 0.001720 
28020000.000 	 0.995379 	 0.004517 
28040000.000 	 0.997616 	 0.001567 
28060000.000 	 0.998132 	 0.002003 
28080000.000 	 0.998087 	 0.002052 
28100000.000 	 0.998313 	 0.001330 
28120000.000 	 0.998867 	 0.001162 
28140000.000 	 0.999109 	 0.000862 
28160000.000 	 0.997098 	 0.002317 
28180000.000 	 0.998930 	 0.001145 
28200000.000 	 0.998513 	 0.001205 
28220000.000 	 0.998775 	 0.001161 
28240000.000 	 0.998023 	 0.001602 
28260000.000 	 0.998962 	 0.000973 
28280000.000 	 0.997674 	 0.001682 
28300000.000 	 0.998440 	 0.001233 
28320000.000 	 0.998854 	 0.000938 
28340000.000 	 0.995975 	 0.003261 
28360000.000 	 0.998869 	 0.000783 
28380000.000 	 0.998017 	 0.001978 
28400000.000 	 0.997394 	 0.002778 
28420000.000 	 0.998286 	 0.001176 
28440000.000 	 0.998065 	 0.002298 
28460000.000 	 0.998766 	 0.001290 
28480000.000 	 0.998111 	 0.001827 
28500000.000 	 0.995540 	 0.003470 
28520000.000 	 0.999066 	 0.000874 
28540000.000 	 0.998236 	 0.001224 
28560000.000 	 0.997887 	 0.002085 
28580000.000 	 0.999184 	 0.000912 
28600000.000 	 0.998401 	 0.001482 
28620000.000 	 0.998841 	 0.000971 
28640000.000 	 0.998126 	 0.001629 
28660000.000 	 0.998079 	 0.001228 
28680000.000 	 0.993146 	 0.006317 
28700000.000 	 0.998965 	 0.000926 
28720000.000 	 0.996208 	 0.002478 
28740000.000 	 0.998527 	 0.001561 
28760000.000 	 0.998484 	 0.001313 
28780000.000 	 0.998277 	 0.001852 
28800000.000 	 0.998612 	 0.001131 
28820000.000 	 0.997147 	 0.001830 
28840000.000 	 0.998920 	 0.000952 
28860000.000 	 0.996600 	 0.003163 
28880000.000 	 0.998824 	 0.001171 
28900000.000 	 0.998324 	 0.001141 
28920000.000 	 0.996599 	 0.002209 
28940000.000 	 0.998259 	 0.002153 
28960000.000 	 0.997820 	 0.002724 
28980000.000 	 0.997574 	 0.001627 
29000000.000 	 0.997447 	 0.002864 
29020000.000 	 0.998794 	 0.000995 
29040000.000 	 0.998100 	 0.001673 
29060000.000 	 0.999145 	 0.000725 
29080000.000 	 0.996881 	 0.002048 
29100000.000 	 0.997971 	 0.001753 
29120000.000 	 0.998773 	 0.001207 
29140000.000 	 0.998945 	 0.001274 
29160000.000 	 0.997901 	 0.001766 
29180000.000 	 0.995089 	 0.004628 
29200000.000 	 0.998445 	 0.001282 
29220000.000 	 0.995108 	 0.003082 
29240000.000 	 0.998914 	 0.000971 
29260000.000 	 0.998632 	 0.001470 
29280000.000 	 0.998427 	 0.001354 
29300000.000 	 0.998692 	 0.001092 
29320000.000 	 0.998802 	 0.001327 
29340000.000 	 0.997690 	 0.001312 
29360000.000 	 0.997497 	 0.002285 
29380000.000 	 0.999082 	 0.001296 
29400000.000 	 0.999090 	 0.000866 
29420000.000 	 0.998710 	 0.001294 
29440000.000 	 0.998276 	 0.001473 
29460000.000 	 0.995734 	 0.002600 
29480000.000 	 0.997761 	 0.001795 
29500000.000 	 0.997429 	 0.002847 
29520000.000 	 0.995332 	 0.002883 
29540000.000 	 0.992743 	 0.004140 
29560000.000 	 0.994970 	 0.003495 
29580000.000 	 0.998539 	 0.001495 
29600000.000 	 0.995976 	 0.003778 
29620000.000 	 0.998927 	 0.000926 
29640000.000 	 0.998601 	 0.001324 
29660000.000 	 0.997120 	 0.002501 
29680000.000 	 0.998193 	 0.001493 
29700000.000 	 0.999046 	 0.001100 
29720000.000 	 0.998167 	 0.001580 
29740000.000 	 0.998453 	 0.001481 
29760000.000 	 0.998781 	 0.001872 
29780000.000 	 0.998362 	 0.001431 
29800000.000 	 0.998037 	 0.001467 
29820000.000 	 0.996506 	 0.002199 
29840000.000 	 0.997251 	 0.002351 
29860000.000 	 0.998802 	 0.001951 
29880000.000 	 0.997111 	 0.003897 
29900000.000 	 0.997168 	 0.002289 
29920000.000 	 0.998597 	 0.001131 
29940000.000 	 0.997572 	 0.002103 
29960000.000 	 0.997835 	 0.001596 
29980000.000 	 0.996382 	 0.003881 
30000000.000 	 0.995895 	 0.002856 
30020000.000 	 0.998825 	 0.001039 
30040000.000 	 0.997977 	 0.001882 
30060000.000 	 0.998798 	 0.000925 
30080000.000 	 0.997753 	 0.002336 
30100000.000 	 0.999459 	 0.000493 
30120000.000 	 0.998342 	 0.001183 
30140000.000 	 0.995679 	 0.002704 
30160000.000 	 0.998850 	 0.000843 
30180000.000 	 0.994273 	 0.002909 
30200000.000 	 0.998632 	 0.001402 
30220000.000 	 0.998540 	 0.001358 
30240000.000 	 0.998079 	 0.001544 
30260000.000 	 0.998238 	 0.001680 
30280000.000 	 0.998479 	 0.001805 
30300000.000 	 0.997566 	 0.002841 
30320000.000 	 0.998645 	 0.000954 
30340000.000 	 0.998549 	 0.001382 
30360000.000 	 0.997506 	 0.001894 
30380000.000 	 0.998178 	 0.001491 
30400000.000 	 0.997325 	 0.002883 
30420000.000 	 0.997615 	 0.003039 
30440000.000 	 0.997152 	 0.002246 
30460000.000 	 0.996153 	 0.002370 
30480000.000 	 0.998518 	 0.001374 
30500000.000 	 0.999005 	 0.000793 
30520000.000 	 0.999142 	 0.000729 
30540000.000 	 0.998720 	 0.001581 
30560000.000 	 0.999246 	 0.000721 
30580000.000 	 0.998813 	 0.001146 
30600000.000 	 0.997282 	 0.003790 
30620000.000 	 0.997093 	 0.005032 
30640000.000 	 0.994703 	 0.002694 
30660000.000 	 0.998249 	 0.001633 
30680000.000 	 0.997943 	 0.001594 
30700000.000 	 0.996592 	 0.003204 
30720000.000 	 0.998575 	 0.002855 
30740000.000 	 0.998790 	 0.001063 
30760000.000 	 0.998987 	 0.000732 
30780000.000 	 0.998861 	 0.000885 
30800000.000 	 0.998202 	 0.001045 
30820000.000 	 0.997660 	 0.002565 
30840000.000 	 0.998833 	 0.001189 
30860000.000 	 0.997955 	 0.001487 
30880000.000 	 0.997381 	 0.001514 
30900000.000 	 0.998136 	 0.001648 
30920000.000 	 0.996992 	 0.001813 
30940000.000 	 0.998290 	 0.001430 
30960000.000 	 0.998477 	 0.001326 
30980000.000 	 0.999244 	 0.000645 
31000000.000 	 0.998510 	 0.001529 
31020000.000 	 0.999427 	 0.000482 
31040000.000 	 0.999091 	 0.000889 
31060000.000 	 0.998526 	 0.001102 
31080000.000 	 0.998872 	 0.001776 
31100000.000 	 0.997774 	 0.001512 
31120000.000 	 0.999067 	 0.000758 
31140000.000 	 0.996623 	 0.002600 
31160000.000 	 0.999030 	 0.000947 
31180000.000 	 0.998656 	 0.001226 
31200000.000 	 0.998488 	 0.001112 
31220000.000 	 0.998938 	 0.000941 
31240000.000 	 0.998610 	 0.001003 
31260000.000 	 0.998510 	 0.001960 
31280000.000 	 0.997803 	 0.003217 
31300000.000 	 0.998165 	 0.002154 
31320000.000 	 0.997943 	 0.002174 
31340000.000 	 0.998620 	 0.001057 
31360000.000 	 0.998210 	 0.001142 
31380000.000 	 0.997286 	 0.002240 
31400000.000 	 0.998279 	 0.001773 
31420000.000 	 0.998427 	 0.001533 
31440000.000 	 0.998539 	 0.001485 
31460000.000 	 0.998890 	 0.001117 
31480000.000 	 0.998205 	 0.001246 
31500000.000 	 0.997141 	 0.003670 
31520000.000 	 0.999126 	 0.000891 
31540000.000 	 0.998990 	 0.000922 
31560000.000 	 0.998070 	 0.001375 
31580000.000 	 0.995931 	 0.002788 
31600000.000 	 0.998686 	 0.001539 
31620000.000 	 0.999072 	 0.000859 
31640000.000 	 0.998213 	 0.001890 
31660000.000 	 0.998692 	 0.001000 
31680000.000 	 0.997935 	 0.001745 
31700000.000 	 0.999136 	 0.000642 
31720000.000 	 0.998342 	 0.001800 
31740000.000 	 0.998723 	 0.001252 
31760000.000 	 0.997932 	 0.001589 
31780000.000 	 0.998672 	 0.001678 
31800000.000 	 0.998110 	 0.001397 
31820000.000 	 0.995204 	 0.002656 
31840000.000 	 0.998675 	 0.001446 
31860000.000 	 0.998909 	 0.000899 
31880000.000 	 0.997343 	 0.002389 
31900000.000 	 0.998195 	 0.001367 
31920000.000 	 0.998371 	 0.001632 
31940000.000 	 0.998454 	 0.002754 
31960000.000 	 0.998705 	 0.001449 
31980000.000 	 0.997910 	 0.002809 
32000000.000 	 0.999066 	 0.000831 
32020000.000 	 0.998067 	 0.002747 
32040000.000 	 0.998225 	 0.001794 
32060000.000 	 0.997442 	 0.001990 
32080000.000 	 0.998517 	 0.001475 
32100000.000 	 0.998509 	 0.001247 
32120000.000 	 0.996956 	 0.003058 
32140000.000 	 0.999114 	 0.000704 
32160000.000 	 0.999146 	 0.000674 
32180000.000 	 0.998684 	 0.001304 
32200000.000 	 0.999316 	 0.000649 
32220000.000 	 0.996131 	 0.002763 
32240000.000 	 0.998184 	 0.002009 
32260000.000 	 0.998764 	 0.001196 
32280000.000 	 0.998966 	 0.001128 
32300000.000 	 0.998336 	 0.001061 
32320000.000 	 0.999439 	 0.000498 
32340000.000 	 0.998620 	 0.001069 
32360000.000 	 0.998548 	 0.000936 
32380000.000 	 0.998157 	 0.002481 
32400000.000 	 0.996650 	 0.002239 
32420000.000 	 0.998014 	 0.001426 
32440000.000 	 0.996590 	 0.002196 
32460000.000 	 0.997690 	 0.001767 
32480000.000 	 0.998696 	 0.001169 
32500000.000 	 0.996900 	 0.002818 
32520000.000 	 0.998572 	 0.001347 
32540000.000 	 0.997150 	 0.003628 
32560000.000 	 0.996359 	 0.003383 
32580000.000 	 0.998288 	 0.001866 
32600000.000 	 0.998262 	 0.001656 
32620000.000 	 0.997758 	 0.001515 
32640000.000 	 0.998450 	 0.001394 
32660000.000 	 0.997347 	 0.003074 
32680000.000 	 0.996336 	 0.002801 
32700000.000 	 0.998721 	 0.001217 
32720000.000 	 0.997699 	 0.001603 
32740000.000 	 0.998998 	 0.001085 
32760000.000 	 0.998582 	 0.001490 
32780000.000 	 0.996441 	 0.002101 
32800000.000 	 0.999050 	 0.000932 
32820000.000 	 0.998938 	 0.000698 
32840000.000 	 0.999056 	 0.001275 
32860000.000 	 0.999055 	 0.001140 
32880000.000 	 0.998269 	 0.001448 
32900000.000 	 0.997323 	 0.004495 
32920000.000 	 0.998956 	 0.000806 
32940000.000 	 0.998675 	 0.001244 
32960000.000 	 0.999514 	 0.000420 
32980000.000 	 0.998277 	 0.001502 
33000000.000 	 0.997371 	 0.002971 
33020000.000 	 0.998785 	 0.001173 
33040000.000 	 0.997859 	 0.001796 
33060000.000 	 0.998151 	 0.001958 
33080000.000 	 0.998012 	 0.001750 
33100000.000 	 0.997912 	 0.001618 
33120000.000 	 0.996917 	 0.004461 
33140000.000 	 0.998833 	 0.000921 
33160000.000 	 0.998401 	 0.001203 
33180000.000 	 0.999128 	 0.000839 
33200000.000 	 0.998800 	 0.001479 
33220000.000 	 0.997484 	 0.002477 
33240000.000 	 0.999297 	 0.000701 
33260000.000 	 0.999116 	 0.000774 
33280000.000 	 0.998728 	 0.001231 
33300000.000 	 0.998847 	 0.000908 
33320000.000 	 0.996483 	 0.004704 
33340000.000 	 0.996751 	 0.002894 
33360000.000 	 0.998678 	 0.001673 
33380000.000 	 0.998736 	 0.000960 
33400000.000 	 0.997489 	 0.002404 
33420000.000 	 0.997476 	 0.002207 
33440000.000 	 0.998095 	 0.001714 
33460000.000 	 0.997421 	 0.003086 
33480000.000 	 0.999014 	 0.001098 
33500000.000 	 0.999002 	 0.000761 
33520000.000 	 0.998573 	 0.001144 
33540000.000 	 0.999004 	 0.000678 
33560000.000 	 0.998044 	 0.001773 
33580000.000 	 0.998135 	 0.001507 
33600000.000 	 0.999133 	 0.000742 
33620000.000 	 0.999161 	 0.000719 
33640000.000 	 0.998494 	 0.001673 
33660000.000 	 0.998679 	 0.000815 
33680000.000 	 0.999402 	 0.000538 
33700000.000 	 0.999065 	 0.000709 
33720000.000 	 0.998417 	 0.001295 
33740000.000 	 0.998166 	 0.001681 
33760000.000 	 0.998962 	 0.001190 
33780000.000 	 0.998221 	 0.001579 
33800000.000 	 0.998282 	 0.001676 
33820000.000 	 0.998857 	 0.001215 
33840000.000 	 0.999148 	 0.000758 
33860000.000 	 0.998734 	 0.001090 
33880000.000 	 0.999088 	 0.001185 
33900000.000 	 0.999280 	 0.000743 
33920000.000 	 0.998532 	 0.001703 
33940000.000 	 0.999055 	 0.000887 
33960000.000 	 0.998196 	 0.001970 
33980000.000 	 0.996266 	 0.003561 
34000000.000 	 0.998758 	 0.001762 
34020000.000 	 0.998319 	 0.002163 
34040000.000 	 0.998348 	 0.002605 
34060000.000 	 0.999106 	 0.000966 
34080000.000 	 0.999388 	 0.000748 
34100000.000 	 0.999004 	 0.000956 
34120000.000 	 0.998654 	 0.001713 
34140000.000 	 0.996910 	 0.001827 
34160000.000 	 0.998823 	 0.001087 
34180000.000 	 0.999193 	 0.000723 
34200000.000 	 0.998446 	 0.001379 
34220000.000 	 0.997595 	 0.002138 
34240000.000 	 0.998915 	 0.001669 
34260000.000 	 0.997769 	 0.003653 
34280000.000 	 0.997224 	 0.003299 
34300000.000 	 0.998547 	 0.001147 
34320000.000 	 0.998562 	 0.001049 
34340000.000 	 0.998343 	 0.001624 
34360000.000 	 0.999096 	 0.000854 
34380000.000 	 0.998491 	 0.001335 
34400000.000 	 0.998709 	 0.001448 
34420000.000 	 0.997136 	 0.001781 
34440000.000 	 0.998850 	 0.001004 
34460000.000 	 0.999062 	 0.001010 
34480000.000 	 0.997316 	 0.002401 
34500000.000 	 0.998796 	 0.001403 
34520000.000 	 0.998558 	 0.001565 
34540000.000 	 0.998234 	 0.001698 
34560000.000 	 0.998974 	 0.001104 
34580000.000 	 0.998377 	 0.000941 
34600000.000 	 0.997026 	 0.002018 
34620000.000 	 0.998396 	 0.001349 
34640000.000 	 0.999126 	 0.000978 
34660000.000 	 0.997697 	 0.001257 
34680000.000 	 0.998696 	 0.000961 
34700000.000 	 0.999088 	 0.000910 
34720000.000 	 0.998711 	 0.000740 
34740000.000 	 0.999314 	 0.000677 
34760000.000 	 0.998948 	 0.000890 
34780000.000 	 0.998280 	 0.001922 
34800000.000 	 0.999288 	 0.000688 
34820000.000 	 0.998079 	 0.001745 
34840000.000 	 0.996859 	 0.002913 
34860000.000 	 0.996288 	 0.002893 
34880000.000 	 0.998867 	 0.001018 
34900000.000 	 0.998210 	 0.001479 
34920000.000 	 0.997787 	 0.002004 
34940000.000 	 0.998835 	 0.000686 
34960000.000 	 0.998267 	 0.001449 
34980000.000 	 0.999535 	 0.000446 
35000000.000 	 0.996955 	 0.002221 
35020000.000 	 0.997748 	 0.001989 
35040000.000 	 0.998454 	 0.001250 
35060000.000 	 0.997351 	 0.002656 
35080000.000 	 0.997251 	 0.004093 
35100000.000 	 0.998523 	 0.001149 
35120000.000 	 0.998950 	 0.001022 
35140000.000 	 0.997968 	 0.001659 
35160000.000 	 0.999038 	 0.000925 
35180000.000 	 0.996982 	 0.004433 
35200000.000 	 0.998581 	 0.001491 
35220000.000 	 0.998477 	 0.001090 
35240000.000 	 0.996821 	 0.002030 
35260000.000 	 0.999419 	 0.000703 
35280000.000 	 0.996942 	 0.002132 
35300000.000 	 0.998966 	 0.000840 
35320000.000 	 0.999175 	 0.000974 
35340000.000 	 0.996350 	 0.002671 
35360000.000 	 0.997561 	 0.001509 
35380000.000 	 0.994477 	 0.002160 
35400000.000 	 0.997444 	 0.001283 
35420000.000 	 0.999112 	 0.000735 
35440000.000 	 0.997138 	 0.002097 
35460000.000 	 0.999450 	 0.000517 
35480000.000 	 0.999031 	 0.000685 
35500000.000 	 0.998772 	 0.001231 
35520000.000 	 0.997509 	 0.001573 
35540000.000 	 0.998948 	 0.000886 
35560000.000 	 0.998870 	 0.001287 
35580000.000 	 0.998946 	 0.000791 
35600000.000 	 0.997328 	 0.002970 
35620000.000 	 0.999249 	 0.000778 
35640000.000 	 0.997853 	 0.001857 
35660000.000 	 0.998116 	 0.001923 
35680000.000 	 0.998878 	 0.001125 
35700000.000 	 0.998537 	 0.000973 
35720000.000 	 0.997938 	 0.001259 
35740000.000 	 0.998947 	 0.000972 
35760000.000 	 0.998057 	 0.001435 
35780000.000 	 0.997988 	 0.001339 
35800000.000 	 0.997836 	 0.001543 
35820000.000 	 0.998579 	 0.001239 
35840000.000 	 0.996605 	 0.003903 
35860000.000 	 0.996831 	 0.003533 
35880000.000 	 0.998972 	 0.000682 
35900000.000 	 0.998865 	 0.001105 
35920000.000 	 0.997623 	 0.002698 
35940000.000 	 0.998722 	 0.001166 
35960000.000 	 0.996525 	 0.004161 
35980000.000 	 0.998963 	 0.001115 
36000000.000 	 0.998420 	 0.001262 
36020000.000 	 0.998185 	 0.001378 
36040000.000 	 0.999287 	 0.000638 
36060000.000 	 0.998921 	 0.000960 
36080000.000 	 0.996603 	 0.002489 
36100000.000 	 0.997122 	 0.001578 
36120000.000 	 0.999008 	 0.001007 
36140000.000 	 0.998987 	 0.000825 
36160000.000 	 0.999138 	 0.000626 
36180000.000 	 0.998693 	 0.001447 
36200000.000 	 0.998614 	 0.001207 
36220000.000 	 0.998719 	 0.001673 
36240000.000 	 0.998101 	 0.001555 
36260000.000 	 0.998980 	 0.001250 
36280000.000 	 0.998810 	 0.001047 
36300000.000 	 0.998884 	 0.001191 
36320000.000 	 0.998256 	 0.001692 
36340000.000 	 0.997698 	 0.001868 
36360000.000 	 0.996972 	 0.002517 
36380000.000 	 0.999426 	 0.000650 
36400000.000 	 0.998642 	 0.001406 
36420000.000 	 0.998655 	 0.001059 
36440000.000 	 0.998429 	 0.001486 
36460000.000 	 0.998962 	 0.001219 
36480000.000 	 0.998642 	 0.001027 
36500000.000 	 0.997444 	 0.001939 
36520000.000 	 0.998273 	 0.001963 
36540000.000 	 0.998350 	 0.001113 
36560000.000 	 0.997559 	 0.001529 
36580000.000 	 0.998622 	 0.001143 
36600000.000 	 0.998659 	 0.001476 
36620000.000 	 0.998012 	 0.001307 
36640000.000 	 0.996644 	 0.002237 
36660000.000 	 0.998748 	 0.001073 
36680000.000 	 0.998474 	 0.001311 
36700000.000 	 0.998735 	 0.001126 
36720000.000 	 0.998784 	 0.000894 
36740000.000 	 0.999154 	 0.001110 
36760000.000 	 0.998070 	 0.001440 
36780000.000 	 0.998344 	 0.001449 
36800000.000 	 0.997484 	 0.002051 
36820000.000 	 0.998208 	 0.001694 
36840000.000 	 0.998045 	 0.002269 
36860000.000 	 0.998036 	 0.001232 
36880000.000 	 0.998200 	 0.001923 
36900000.000 	 0.998734 	 0.001039 
36920000.000 	 0.998750 	 0.000978 
36940000.000 	 0.996983 	 0.003013 
36960000.000 	 0.998162 	 0.002445 
36980000.000 	 0.998541 	 0.001745 
37000000.000 	 0.998009 	 0.001378 
37020000.000 	 0.998351 	 0.001371 
37040000.000 	 0.998733 	 0.001355 
37060000.000 	 0.998245 	 0.001885 
37080000.000 	 0.998674 	 0.001157 
37100000.000 	 0.998848 	 0.000862 
37120000.000 	 0.997924 	 0.001787 
37140000.000 	 0.998723 	 0.000875 
37160000.000 	 0.997286 	 0.001733 
37180000.000 	 0.998171 	 0.001358 
37200000.000 	 0.997775 	 0.001489 
37220000.000 	 0.998757 	 0.000764 
37240000.000 	 0.998883 	 0.000983 
37260000.000 	 0.998841 	 0.001021 
37280000.000 	 0.997702 	 0.001227 
37300000.000 	 0.997989 	 0.001974 
37320000.000 	 0.998567 	 0.001291 
37340000.000 	 0.998212 	 0.001178 
37360000.000 	 0.999190 	 0.000768 
37380000.000 	 0.996882 	 0.001936 
37400000.000 	 0.999046 	 0.000921 
37420000.000 	 0.998450 	 0.001772 
37440000.000 	 0.998583 	 0.001277 
37460000.000 	 0.999009 	 0.000775 
37480000.000 	 0.998469 	 0.001325 
37500000.000 	 0.998814 	 0.001013 
37520000.000 	 0.998834 	 0.000968 
37540000.000 	 0.998920 	 0.001486 
37560000.000 	 0.998999 	 0.000968 
37580000.000 	 0.998925 	 0.000804 
37600000.000 	 0.998408 	 0.001334 
37620000.000 	 0.999298 	 0.000507 
37640000.000 	 0.998432 	 0.001734 
37660000.000 	 0.999091 	 0.000911 
37680000.000 	 0.998879 	 0.001838 
37700000.000 	 0.997668 	 0.001871 
37720000.000 	 0.999130 	 0.000742 
37740000.000 	 0.999390 	 0.000624 
37760000.000 	 0.997335 	 0.001938 
37780000.000 	 0.997688 	 0.001973 
37800000.000 	 0.997218 	 0.002078 
37820000.000 	 0.996585 	 0.002603 
37840000.000 	 0.998962 	 0.000936 
37860000.000 	 0.997951 	 0.002255 
37880000.000 	 0.998237 	 0.001663 
37900000.000 	 0.998492 	 0.001120 
37920000.000 	 0.997946 	 0.001329 
37940000.000 	 0.999203 	 0.000854 
37960000.000 	 0.998643 	 0.001096 
37980000.000 	 0.998943 	 0.000821 
38000000.000 	 0.998259 	 0.001466 
38020000.000 	 0.998581 	 0.001143 
38040000.000 	 0.998717 	 0.001428 
38060000.000 	 0.999012 	 0.001763 
38080000.000 	 0.998549 	 0.002849 
38100000.000 	 0.998824 	 0.001493 
38120000.000 	 0.998527 	 0.001193 
38140000.000 	 0.997204 	 0.002081 
38160000.000 	 0.998669 	 0.001948 
38180000.000 	 0.998882 	 0.001441 
38200000.000 	 0.998796 	 0.001098 
38220000.000 	 0.998648 	 0.001058 
38240000.000 	 0.998613 	 0.001660 
38260000.000 	 0.999068 	 0.000963 
38280000.000 	 0.997019 	 0.001734 
38300000.000 	 0.998084 	 0.001747 
38320000.000 	 0.998743 	 0.001360 
38340000.000 	 0.998550 	 0.001341 
38360000.000 	 0.998956 	 0.001281 
38380000.000 	 0.999113 	 0.001319 
38400000.000 	 0.998922 	 0.001289 
38420000.000 	 0.998260 	 0.002106 
38440000.000 	 0.998819 	 0.001176 
38460000.000 	 0.997919 	 0.001658 
38480000.000 	 0.998312 	 0.001336 
38500000.000 	 0.998990 	 0.001048 
38520000.000 	 0.998177 	 0.001378 
38540000.000 	 0.999219 	 0.000740 
38560000.000 	 0.997315 	 0.001991 
38580000.000 	 0.999211 	 0.000810 
38600000.000 	 0.997581 	 0.002344 
38620000.000 	 0.997079 	 0.002426 
38640000.000 	 0.999203 	 0.000806 
38660000.000 	 0.998767 	 0.001062 
38680000.000 	 0.997660 	 0.001924 
38700000.000 	 0.999060 	 0.000773 
38720000.000 	 0.999171 	 0.000651 
38740000.000 	 0.996542 	 0.004013 
38760000.000 	 0.994354 	 0.003313 
38780000.000 	 0.998918 	 0.000987 
38800000.000 	 0.997224 	 0.002127 
38820000.000 	 0.998593 	 0.002095 
38840000.000 	 0.997011 	 0.003402 
38860000.000 	 0.996444 	 0.002083 
38880000.000 	 0.998059 	 0.001429 
38900000.000 	 0.998717 	 0.001305 
38920000.000 	 0.998702 	 0.001156 
38940000.000 	 0.997777 	 0.002149 
38960000.000 	 0.997281 	 0.002055 
38980000.000 	 0.997456 	 0.001724 
39000000.000 	 0.998782 	 0.001209 
39020000.000 	 0.998383 	 0.001528 
39040000.000 	 0.997349 	 0.001481 
39060000.000 	 0.999413 	 0.000538 
39080000.000 	 0.998160 	 0.001951 
39100000.000 	 0.998183 	 0.001527 
39120000.000 	 0.997049 	 0.003922 
39140000.000 	 0.998761 	 0.000896 
39160000.000 	 0.998452 	 0.001140 
39180000.000 	 0.999063 	 0.000849 
39200000.000 	 0.996194 	 0.002632 
39220000.000 	 0.999095 	 0.000978 
39240000.000 	 0.998712 	 0.001195 
39260000.000 	 0.998414 	 0.002067 
39280000.000 	 0.998509 	 0.001054 
39300000.000 	 0.998400 	 0.002322 
39320000.000 	 0.998503 	 0.001542 
39340000.000 	 0.997835 	 0.001541 
39360000.000 	 0.998603 	 0.001126 
39380000.000 	 0.998846 	 0.001181 
39400000.000 	 0.998886 	 0.001137 
39420000.000 	 0.994127 	 0.003323 
39440000.000 	 0.998623 	 0.001427 
39460000.000 	 0.995554 	 0.005268 
39480000.000 	 0.997544 	 0.002897 
39500000.000 	 0.997396 	 0.003862 
39520000.000 	 0.999290 	 0.000770 
39540000.000 	 0.999323 	 0.000659 
39560000.000 	 0.998865 	 0.000944 
39580000.000 	 0.998364 	 0.001637 
39600000.000 	 0.997899 	 0.001590 
39620000.000 	 0.998551 	 0.001327 
39640000.000 	 0.996659 	 0.002044 
39660000.000 	 0.998690 	 0.001110 
39680000.000 	 0.998966 	 0.000947 
39700000.000 	 0.998500 	 0.001161 
39720000.000 	 0.998380 	 0.001783 
39740000.000 	 0.998794 	 0.000908 
39760000.000 	 0.998917 	 0.000954 
39780000.000 	 0.997808 	 0.001770 
39800000.000 	 0.997688 	 0.002237 
39820000.000 	 0.998131 	 0.001682 
39840000.000 	 0.998502 	 0.001070 
39860000.000 	 0.999071 	 0.000831 
39880000.000 	 0.997984 	 0.001159 
39900000.000 	 0.997584 	 0.001178 
39920000.000 	 0.998812 	 0.001111 
39940000.000 	 0.998501 	 0.001089 
39960000.000 	 0.997064 	 0.001719 
39980000.000 	 0.998277 	 0.001407 
40000000.000 	 0.997628 	 0.001678 
40020000.000 	 0.998265 	 0.002775 
40040000.000 	 0.998255 	 0.002072 
40060000.000 	 0.998610 	 0.001633 
40080000.000 	 0.996042 	 0.002633 
40100000.000 	 0.997192 	 0.002633 
40120000.000 	 0.998895 	 0.001138 
40140000.000 	 0.996527 	 0.002682 
40160000.000 	 0.998911 	 0.001261 
40180000.000 	 0.997352 	 0.002507 
40200000.000 	 0.998147 	 0.001448 
40220000.000 	 0.996198 	 0.003150 
40240000.000 	 0.998530 	 0.001293 
40260000.000 	 0.996615 	 0.002854 
40280000.000 	 0.997224 	 0.001397 
40300000.000 	 0.997563 	 0.001955 
40320000.000 	 0.999171 	 0.000762 
40340000.000 	 0.998321 	 0.000924 
40360000.000 	 0.998068 	 0.002346 
40380000.000 	 0.996336 	 0.006234 
40400000.000 	 0.998896 	 0.001301 
40420000.000 	 0.999341 	 0.000807 
40440000.000 	 0.998713 	 0.000998 
40460000.000 	 0.999006 	 0.001009 
40480000.000 	 0.999494 	 0.000513 
40500000.000 	 0.998335 	 0.001042 
40520000.000 	 0.998562 	 0.001197 
40540000.000 	 0.997916 	 0.001426 
40560000.000 	 0.997984 	 0.001405 
40580000.000 	 0.998334 	 0.001404 
40600000.000 	 0.998389 	 0.002094 
40620000.000 	 0.997483 	 0.001618 
40640000.000 	 0.996629 	 0.002137 
40660000.000 	 0.999069 	 0.000731 
40680000.000 	 0.997892 	 0.003068 
40700000.000 	 0.999093 	 0.000683 
40720000.000 	 0.998958 	 0.001147 
40740000.000 	 0.997619 	 0.001446 
40760000.000 	 0.998343 	 0.001324 
40780000.000 	 0.997483 	 0.002450 
40800000.000 	 0.997617 	 0.001447 
40820000.000 	 0.998089 	 0.002011 
40840000.000 	 0.999516 	 0.000547 
40860000.000 	 0.997846 	 0.003958 
40880000.000 	 0.998776 	 0.000988 
40900000.000 	 0.997833 	 0.001880 
40920000.000 	 0.998785 	 0.001364 
40940000.000 	 0.999253 	 0.000826 
40960000.000 	 0.999125 	 0.000956 
40980000.000 	 0.997581 	 0.002023 
41000000.000 	 0.998340 	 0.001844 
41020000.000 	 0.997698 	 0.001346 
41040000.000 	 0.997996 	 0.002126 
41060000.000 	 0.998327 	 0.001463 
41080000.000 	 0.999166 	 0.000788 
41100000.000 	 0.995680 	 0.002581 
41120000.000 	 0.998210 	 0.001416 
41140000.000 	 0.999110 	 0.001145 
41160000.000 	 0.998295 	 0.001113 
41180000.000 	 0.998068 	 0.001909 
41200000.000 	 0.996993 	 0.001584 
41220000.000 	 0.999343 	 0.000693 
41240000.000 	 0.998356 	 0.001570 
41260000.000 	 0.999054 	 0.000717 
41280000.000 	 0.998537 	 0.001798 
41300000.000 	 0.993656 	 0.007352 
41320000.000 	 0.999076 	 0.000678 
41340000.000 	 0.998531 	 0.001382 
41360000.000 	 0.998326 	 0.001419 
41380000.000 	 0.998285 	 0.001137 
41400000.000 	 0.998806 	 0.001044 
41420000.000 	 0.998075 	 0.001310 
41440000.000 	 0.998477 	 0.001436 
41460000.000 	 0.998867 	 0.000836 
41480000.000 	 0.998924 	 0.001002 
41500000.000 	 0.997215 	 0.001758 
41520000.000 	 0.998535 	 0.001173 
41540000.000 	 0.999264 	 0.000820 
41560000.000 	 0.997010 	 0.004761 
41580000.000 	 0.997288 	 0.002847 
41600000.000 	 0.998401 	 0.001466 
41620000.000 	 0.998741 	 0.001073 
41640000.000 	 0.998367 	 0.001608 
41660000.000 	 0.997989 	 0.001979 
41680000.000 	 0.999077 	 0.001511 
41700000.000 	 0.997539 	 0.002106 
41720000.000 	 0.998292 	 0.001298 
41740000.000 	 0.998535 	 0.001531 
41760000.000 	 0.995286 	 0.005270 
41780000.000 	 0.995085 	 0.002709 
41800000.000 	 0.997562 	 0.001582 
41820000.000 	 0.998620 	 0.001056 
41840000.000 	 0.998587 	 0.001201 
41860000.000 	 0.999004 	 0.000798 
41880000.000 	 0.997971 	 0.003244 
41900000.000 	 0.998579 	 0.001120 
41920000.000 	 0.997612 	 0.001138 
41940000.000 	 0.999168 	 0.000753 
41960000.000 	 0.998950 	 0.000857 
41980000.000 	 0.996716 	 0.001772 
42000000.000 	 0.997916 	 0.001481 
42020000.000 	 0.998704 	 0.001155 
42040000.000 	 0.997751 	 0.001298 
42060000.000 	 0.997570 	 0.002507 
42080000.000 	 0.998578 	 0.001514 
42100000.000 	 0.998670 	 0.001915 
42120000.000 	 0.998372 	 0.001250 
42140000.000 	 0.998299 	 0.001251 
42160000.000 	 0.998818 	 0.000842 
42180000.000 	 0.998343 	 0.001118 
42200000.000 	 0.999071 	 0.000864 
42220000.000 	 0.997764 	 0.001471 
42240000.000 	 0.996908 	 0.002147 
42260000.000 	 0.999026 	 0.001208 
42280000.000 	 0.999062 	 0.000844 
42300000.000 	 0.998449 	 0.001235 
42320000.000 	 0.998810 	 0.001089 
42340000.000 	 0.998566 	 0.001124 
42360000.000 	 0.999494 	 0.000696 
42380000.000 	 0.999014 	 0.000812 
42400000.000 	 0.999095 	 0.000718 
42420000.000 	 0.998745 	 0.000796 
42440000.000 	 0.998439 	 0.001428 
42460000.000 	 0.998528 	 0.000953 
42480000.000 	 0.998385 	 0.001542 
42500000.000 	 0.998535 	 0.001128 
42520000.000 	 0.997453 	 0.001578 
42540000.000 	 0.998261 	 0.001625 
42560000.000 	 0.996978 	 0.001514 
42580000.000 	 0.997597 	 0.001604 
42600000.000 	 0.998795 	 0.000912 
42620000.000 	 0.997052 	 0.003441 
42640000.000 	 0.997866 	 0.001747 
42660000.000 	 0.998269 	 0.001508 
42680000.000 	 0.998287 	 0.001385 
42700000.000 	 0.998403 	 0.001236 
42720000.000 	 0.997211 	 0.003924 
42740000.000 	 0.998578 	 0.000877 
42760000.000 	 0.999636 	 0.000398 
42780000.000 	 0.998890 	 0.000974 
42800000.000 	 0.998587 	 0.001095 
42820000.000 	 0.997999 	 0.001477 
42840000.000 	 0.999139 	 0.000654 
42860000.000 	 0.996777 	 0.002258 
42880000.000 	 0.999259 	 0.000755 
42900000.000 	 0.996631 	 0.005057 
42920000.000 	 0.998543 	 0.001205 
42940000.000 	 0.998334 	 0.001613 
42960000.000 	 0.998211 	 0.001155 
42980000.000 	 0.997271 	 0.001523 
43000000.000 	 0.998810 	 0.001022 
43020000.000 	 0.999042 	 0.000698 
43040000.000 	 0.998701 	 0.001382 
43060000.000 	 0.998249 	 0.001851 
43080000.000 	 0.997011 	 0.002383 
43100000.000 	 0.998359 	 0.001232 
43120000.000 	 0.998580 	 0.001237 
43140000.000 	 0.998192 	 0.001049 
43160000.000 	 0.996428 	 0.002780 
43180000.000 	 0.998451 	 0.000955 
43200000.000 	 0.997931 	 0.002192 
43220000.000 	 0.997786 	 0.001480 
43240000.000 	 0.996873 	 0.002800 
43260000.000 	 0.999382 	 0.000646 
43280000.000 	 0.998717 	 0.000960 
43300000.000 	 0.998156 	 0.001358 
43320000.000 	 0.998537 	 0.001779 
43340000.000 	 0.999193 	 0.000741 
43360000.000 	 0.998896 	 0.001723 
43380000.000 	 0.996359 	 0.002618 
43400000.000 	 0.999102 	 0.000843 
43420000.000 	 0.998814 	 0.000842 
43440000.000 	 0.999146 	 0.000743 
43460000.000 	 0.999178 	 0.000915 
43480000.000 	 0.997646 	 0.001991 
43500000.000 	 0.997290 	 0.002788 
43520000.000 	 0.999044 	 0.000855 
43540000.000 	 0.999099 	 0.000867 
43560000.000 	 0.999066 	 0.000731 
43580000.000 	 0.998866 	 0.000877 
43600000.000 	 0.999196 	 0.000872 
43620000.000 	 0.999406 	 0.000579 
43640000.000 	 0.998557 	 0.001408 
43660000.000 	 0.999449 	 0.000475 
43680000.000 	 0.997952 	 0.001807 
43700000.000 	 0.998360 	 0.001342 
43720000.000 	 0.998988 	 0.000800 
43740000.000 	 0.998507 	 0.001039 
43760000.000 	 0.999102 	 0.000816 
43780000.000 	 0.998716 	 0.001209 
43800000.000 	 0.998971 	 0.000953 
43820000.000 	 0.999030 	 0.000834 
43840000.000 	 0.998626 	 0.001386 
43860000.000 	 0.998571 	 0.002143 
43880000.000 	 0.999255 	 0.000759 
43900000.000 	 0.998403 	 0.001299 
43920000.000 	 0.997444 	 0.002076 
43940000.000 	 0.998098 	 0.001452 
43960000.000 	 0.998165 	 0.001588 
43980000.000 	 0.997261 	 0.001568 
44000000.000 	 0.999042 	 0.000791 
44020000.000 	 0.998977 	 0.000970 
44040000.000 	 0.997197 	 0.001678 
44060000.000 	 0.998766 	 0.001282 
44080000.000 	 0.998949 	 0.000713 
44100000.000 	 0.998579 	 0.001352 
44120000.000 	 0.997878 	 0.002415 
44140000.000 	 0.998206 	 0.001872 
44160000.000 	 0.997557 	 0.002059 
44180000.000 	 0.995062 	 0.003040 
44200000.000 	 0.998612 	 0.001131 
44220000.000 	 0.998845 	 0.001128 
44240000.000 	 0.996255 	 0.001695 
44260000.000 	 0.999219 	 0.000625 
44280000.000 	 0.997909 	 0.001772 
44300000.000 	 0.997403 	 0.002609 
44320000.000 	 0.999225 	 0.000982 
44340000.000 	 0.999019 	 0.001072 
44360000.000 	 0.998743 	 0.001413 
44380000.000 	 0.997939 	 0.001066 
44400000.000 	 0.999153 	 0.000770 
44420000.000 	 0.998508 	 0.001185 
44440000.000 	 0.999158 	 0.000795 
44460000.000 	 0.998904 	 0.001023 
44480000.000 	 0.998855 	 0.000830 
44500000.000 	 0.999180 	 0.000755 
44520000.000 	 0.998994 	 0.000933 
44540000.000 	 0.998419 	 0.001033 
44560000.000 	 0.998495 	 0.001455 
44580000.000 	 0.998206 	 0.001304 
44600000.000 	 0.998800 	 0.001019 
44620000.000 	 0.999337 	 0.000715 
44640000.000 	 0.998536 	 0.001478 
44660000.000 	 0.998439 	 0.001916 
44680000.000 	 0.997267 	 0.001941 
44700000.000 	 0.999513 	 0.000471 
44720000.000 	 0.999492 	 0.000523 
44740000.000 	 0.997464 	 0.002199 
44760000.000 	 0.998207 	 0.001533 
44780000.000 	 0.996964 	 0.002832 
44800000.000 	 0.998728 	 0.000929 
44820000.000 	 0.999187 	 0.000806 
44840000.000 	 0.998548 	 0.000994 
44860000.000 	 0.995434 	 0.001596 
44880000.000 	 0.998969 	 0.001429 
44900000.000 	 0.998704 	 0.001169 
44920000.000 	 0.998939 	 0.000862 
44940000.000 	 0.999271 	 0.000886 
44960000.000 	 0.998941 	 0.000833 
44980000.000 	 0.999276 	 0.000820 
45000000.000 	 0.997882 	 0.002010 
45020000.000 	 0.998352 	 0.000981 
45040000.000 	 0.998440 	 0.001273 
45060000.000 	 0.999036 	 0.000863 
45080000.000 	 0.998195 	 0.001298 
45100000.000 	 0.997890 	 0.001605 
45120000.000 	 0.997965 	 0.001692 
45140000.000 	 0.998659 	 0.000809 
45160000.000 	 0.997408 	 0.001761 
45180000.000 	 0.998331 	 0.001940 
45200000.000 	 0.997492 	 0.001770 
45220000.000 	 0.997640 	 0.001300 
45240000.000 	 0.999141 	 0.000791 
45260000.000 	 0.999214 	 0.000801 
45280000.000 	 0.999153 	 0.000921 
45300000.000 	 0.998439 	 0.001659 
45320000.000 	 0.998459 	 0.001324 
45340000.000 	 0.998691 	 0.001068 
45360000.000 	 0.999139 	 0.000851 
45380000.000 	 0.998628 	 0.001147 
45400000.000 	 0.998598 	 0.001145 
45420000.000 	 0.998756 	 0.001020 
45440000.000 	 0.998486 	 0.001633 
45460000.000 	 0.997942 	 0.001857 
45480000.000 	 0.998821 	 0.000949 
45500000.000 	 0.998613 	 0.000990 
45520000.000 	 0.998761 	 0.000989 
45540000.000 	 0.998956 	 0.001112 
45560000.000 	 0.999234 	 0.000889 
45580000.000 	 0.998991 	 0.001211 
45600000.000 	 0.998076 	 0.001322 
45620000.000 	 0.999148 	 0.000843 
45640000.000 	 0.998221 	 0.002951 
45660000.000 	 0.999227 	 0.000784 
45680000.000 	 0.998822 	 0.000803 
45700000.000 	 0.997145 	 0.001949 
45720000.000 	 0.998169 	 0.001367 
45740000.000 	 0.999340 	 0.000606 
45760000.000 	 0.997666 	 0.001590 
45780000.000 	 0.997751 	 0.001277 
45800000.000 	 0.998799 	 0.001042 
45820000.000 	 0.998657 	 0.001115 
45840000.000 	 0.994957 	 0.002174 
45860000.000 	 0.999294 	 0.000676 
45880000.000 	 0.998700 	 0.001275 
45900000.000 	 0.998676 	 0.001334 
45920000.000 	 0.999539 	 0.000397 
45940000.000 	 0.998306 	 0.001470 
45960000.000 	 0.997387 	 0.001681 
45980000.000 	 0.997055 	 0.002651 
46000000.000 	 0.999025 	 0.001124 
46020000.000 	 0.998815 	 0.001451 
46040000.000 	 0.997611 	 0.001677 
46060000.000 	 0.995353 	 0.002914 
46080000.000 	 0.996996 	 0.002484 
46100000.000 	 0.997029 	 0.003081 
46120000.000 	 0.998773 	 0.001089 
46140000.000 	 0.998025 	 0.003559 
46160000.000 	 0.997248 	 0.001807 
46180000.000 	 0.997051 	 0.001495 
46200000.000 	 0.999330 	 0.000537 
46220000.000 	 0.998961 	 0.001118 
46240000.000 	 0.998520 	 0.001044 
46260000.000 	 0.998048 	 0.003040 
46280000.000 	 0.998530 	 0.001017 
46300000.000 	 0.998045 	 0.002988 
46320000.000 	 0.998448 	 0.001390 
46340000.000 	 0.999204 	 0.000986 
46360000.000 	 0.999216 	 0.000696 
46380000.000 	 0.996632 	 0.002329 
46400000.000 	 0.993864 	 0.002360 
46420000.000 	 0.999009 	 0.000959 
46440000.000 	 0.999137 	 0.000699 
46460000.000 	 0.999218 	 0.000542 
46480000.000 	 0.996599 	 0.002543 
46500000.000 	 0.998131 	 0.001374 
46520000.000 	 0.998979 	 0.001102 
46540000.000 	 0.998256 	 0.000977 
46560000.000 	 0.998507 	 0.000983 
46580000.000 	 0.998568 	 0.001087 
46600000.000 	 0.999096 	 0.000926 
46620000.000 	 0.995550 	 0.002018 
46640000.000 	 0.999235 	 0.000551 
46660000.000 	 0.998085 	 0.001256 
46680000.000 	 0.999227 	 0.000646 
46700000.000 	 0.998514 	 0.000989 
46720000.000 	 0.998874 	 0.001118 
46740000.000 	 0.998366 	 0.001331 
46760000.000 	 0.999117 	 0.000873 
46780000.000 	 0.997818 	 0.001496 
46800000.000 	 0.999312 	 0.000864 
46820000.000 	 0.997847 	 0.002653 
46840000.000 	 0.999087 	 0.000684 
46860000.000 	 0.998925 	 0.000843 
46880000.000 	 0.999003 	 0.000981 
46900000.000 	 0.998139 	 0.001909 
46920000.000 	 0.999036 	 0.000983 
46940000.000 	 0.999379 	 0.000567 
46960000.000 	 0.998394 	 0.002119 
46980000.000 	 0.998775 	 0.001090 
47000000.000 	 0.998978 	 0.000893 
47020000.000 	 0.998126 	 0.001323 
47040000.000 	 0.998654 	 0.001208 
47060000.000 	 0.998214 	 0.001169 
47080000.000 	 0.998743 	 0.001096 
47100000.000 	 0.999090 	 0.001020 
47120000.000 	 0.998449 	 0.001192 
47140000.000 	 0.996216 	 0.002702 
47160000.000 	 0.997182 	 0.002673 
47180000.000 	 0.997711 	 0.001745 
47200000.000 	 0.999205 	 0.000655 
47220000.000 	 0.999177 	 0.000680 
47240000.000 	 0.997337 	 0.001406 
47260000.000 	 0.998867 	 0.001234 
47280000.000 	 0.998116 	 0.001166 
47300000.000 	 0.998552 	 0.001428 
47320000.000 	 0.995550 	 0.003086 
47340000.000 	 0.997658 	 0.002832 
47360000.000 	 0.997246 	 0.002653 
47380000.000 	 0.998742 	 0.001245 
47400000.000 	 0.995026 	 0.003424 
47420000.000 	 0.998788 	 0.000765 
47440000.000 	 0.999105 	 0.000572 
47460000.000 	 0.998934 	 0.000954 
47480000.000 	 0.998332 	 0.001495 
47500000.000 	 0.997526 	 0.001801 
47520000.000 	 0.998990 	 0.001011 
47540000.000 	 0.997783 	 0.001595 
47560000.000 	 0.998754 	 0.000787 
47580000.000 	 0.998167 	 0.002012 
47600000.000 	 0.998412 	 0.001451 
47620000.000 	 0.998620 	 0.001199 
47640000.000 	 0.998295 	 0.001155 
47660000.000 	 0.998737 	 0.001117 
47680000.000 	 0.997521 	 0.001389 
47700000.000 	 0.998405 	 0.002091 
47720000.000 	 0.999405 	 0.000663 
47740000.000 	 0.997457 	 0.002174 
47760000.000 	 0.998480 	 0.001775 
47780000.000 	 0.999274 	 0.000547 
47800000.000 	 0.998405 	 0.001806 
47820000.000 	 0.997115 	 0.002663 
47840000.000 	 0.994676 	 0.005238 
47860000.000 	 0.997893 	 0.001416 
47880000.000 	 0.996819 	 0.003775 
47900000.000 	 0.996175 	 0.003230 
47920000.000 	 0.998635 	 0.001689 
47940000.000 	 0.998717 	 0.000973 
47960000.000 	 0.997463 	 0.002062 
47980000.000 	 0.998308 	 0.001315 
48000000.000 	 0.998522 	 0.000967 
