       0.000 	 0.951334 	 0.036369 
   20000.000 	 0.940153 	 0.045425 
   40000.000 	 0.944582 	 0.043991 
   60000.000 	 0.970132 	 0.026414 
   80000.000 	 0.966531 	 0.033993 
  100000.000 	 0.965906 	 0.027461 
  120000.000 	 0.974909 	 0.029818 
  140000.000 	 0.974694 	 0.027984 
  160000.000 	 0.979651 	 0.015934 
  180000.000 	 0.978220 	 0.021114 
  200000.000 	 0.976035 	 0.021757 
  220000.000 	 0.985473 	 0.018533 
  240000.000 	 0.988273 	 0.013477 
  260000.000 	 0.981404 	 0.017531 
  280000.000 	 0.990944 	 0.010142 
  300000.000 	 0.988708 	 0.010030 
  320000.000 	 0.987372 	 0.016588 
  340000.000 	 0.978113 	 0.019349 
  360000.000 	 0.981929 	 0.015882 
  380000.000 	 0.990330 	 0.010884 
  400000.000 	 0.990566 	 0.008624 
  420000.000 	 0.986059 	 0.013257 
  440000.000 	 0.989782 	 0.014024 
  460000.000 	 0.986859 	 0.010430 
  480000.000 	 0.987371 	 0.010391 
  500000.000 	 0.990600 	 0.010231 
  520000.000 	 0.990314 	 0.008509 
  540000.000 	 0.993416 	 0.007292 
  560000.000 	 0.989042 	 0.007724 
  580000.000 	 0.991968 	 0.013286 
  600000.000 	 0.993046 	 0.009713 
  620000.000 	 0.991206 	 0.010035 
  640000.000 	 0.986274 	 0.011594 
  660000.000 	 0.992257 	 0.005848 
  680000.000 	 0.988567 	 0.020063 
  700000.000 	 0.992140 	 0.009746 
  720000.000 	 0.992218 	 0.011473 
  740000.000 	 0.992863 	 0.008430 
  760000.000 	 0.986517 	 0.009577 
  780000.000 	 0.988006 	 0.012207 
  800000.000 	 0.986105 	 0.014399 
  820000.000 	 0.985709 	 0.015684 
  840000.000 	 0.990326 	 0.009260 
  860000.000 	 0.987608 	 0.013687 
  880000.000 	 0.977208 	 0.024253 
  900000.000 	 0.988078 	 0.010378 
  920000.000 	 0.990822 	 0.007126 
  940000.000 	 0.992662 	 0.006372 
  960000.000 	 0.990160 	 0.009155 
  980000.000 	 0.992357 	 0.006605 
 1000000.000 	 0.996364 	 0.003018 
 1020000.000 	 0.991951 	 0.005441 
 1040000.000 	 0.993294 	 0.007813 
 1060000.000 	 0.995453 	 0.005221 
 1080000.000 	 0.995256 	 0.005182 
 1100000.000 	 0.990798 	 0.007178 
 1120000.000 	 0.987157 	 0.007874 
 1140000.000 	 0.991349 	 0.007344 
 1160000.000 	 0.991585 	 0.007633 
 1180000.000 	 0.991466 	 0.008947 
 1200000.000 	 0.989840 	 0.008354 
 1220000.000 	 0.989116 	 0.010678 
 1240000.000 	 0.985068 	 0.019917 
 1260000.000 	 0.985836 	 0.006810 
 1280000.000 	 0.992483 	 0.005398 
 1300000.000 	 0.994243 	 0.005601 
 1320000.000 	 0.984507 	 0.011720 
 1340000.000 	 0.994423 	 0.006127 
 1360000.000 	 0.991318 	 0.007427 
 1380000.000 	 0.995358 	 0.004236 
 1400000.000 	 0.996152 	 0.002919 
 1420000.000 	 0.990094 	 0.006657 
 1440000.000 	 0.989730 	 0.013328 
 1460000.000 	 0.993397 	 0.006409 
 1480000.000 	 0.994103 	 0.005203 
 1500000.000 	 0.988258 	 0.011031 
 1520000.000 	 0.989039 	 0.009761 
 1540000.000 	 0.990095 	 0.005882 
 1560000.000 	 0.991526 	 0.008380 
 1580000.000 	 0.993557 	 0.004094 
 1600000.000 	 0.992947 	 0.005667 
 1620000.000 	 0.993547 	 0.004772 
 1640000.000 	 0.983110 	 0.010004 
 1660000.000 	 0.993166 	 0.006415 
 1680000.000 	 0.987562 	 0.011507 
 1700000.000 	 0.993159 	 0.004708 
 1720000.000 	 0.991729 	 0.006555 
 1740000.000 	 0.989520 	 0.007554 
 1760000.000 	 0.991604 	 0.008696 
 1780000.000 	 0.991721 	 0.005424 
 1800000.000 	 0.991742 	 0.007080 
 1820000.000 	 0.994218 	 0.004819 
 1840000.000 	 0.993479 	 0.010805 
 1860000.000 	 0.993206 	 0.005240 
 1880000.000 	 0.988539 	 0.006434 
 1900000.000 	 0.991262 	 0.009758 
 1920000.000 	 0.992190 	 0.007884 
 1940000.000 	 0.985494 	 0.012827 
 1960000.000 	 0.987967 	 0.013453 
 1980000.000 	 0.992010 	 0.007131 
 2000000.000 	 0.988447 	 0.014927 
 2020000.000 	 0.995430 	 0.004470 
 2040000.000 	 0.989472 	 0.007416 
 2060000.000 	 0.990592 	 0.010330 
 2080000.000 	 0.994260 	 0.007487 
 2100000.000 	 0.988487 	 0.019295 
 2120000.000 	 0.991892 	 0.010399 
 2140000.000 	 0.991404 	 0.013748 
 2160000.000 	 0.988265 	 0.014372 
 2180000.000 	 0.993099 	 0.002957 
 2200000.000 	 0.986496 	 0.015941 
 2220000.000 	 0.996471 	 0.008206 
 2240000.000 	 0.986956 	 0.009108 
 2260000.000 	 0.991507 	 0.006235 
 2280000.000 	 0.988173 	 0.011393 
 2300000.000 	 0.988147 	 0.008379 
 2320000.000 	 0.991845 	 0.011633 
 2340000.000 	 0.988007 	 0.008510 
 2360000.000 	 0.987724 	 0.010893 
 2380000.000 	 0.992961 	 0.007781 
 2400000.000 	 0.995272 	 0.001982 
 2420000.000 	 0.992089 	 0.014179 
 2440000.000 	 0.993241 	 0.007408 
 2460000.000 	 0.993706 	 0.008893 
 2480000.000 	 0.992624 	 0.006447 
 2500000.000 	 0.988833 	 0.013535 
 2520000.000 	 0.993115 	 0.008586 
 2540000.000 	 0.993565 	 0.012294 
 2560000.000 	 0.994608 	 0.003831 
 2580000.000 	 0.994994 	 0.003563 
 2600000.000 	 0.994668 	 0.006030 
 2620000.000 	 0.993887 	 0.004103 
 2640000.000 	 0.995716 	 0.003235 
 2660000.000 	 0.994336 	 0.003877 
 2680000.000 	 0.995883 	 0.004894 
 2700000.000 	 0.995889 	 0.004123 
 2720000.000 	 0.996346 	 0.003622 
 2740000.000 	 0.993970 	 0.011141 
 2760000.000 	 0.992649 	 0.004830 
 2780000.000 	 0.987919 	 0.014621 
 2800000.000 	 0.997938 	 0.002528 
 2820000.000 	 0.995767 	 0.003145 
 2840000.000 	 0.996083 	 0.004009 
 2860000.000 	 0.994900 	 0.003450 
 2880000.000 	 0.993297 	 0.005455 
 2900000.000 	 0.993545 	 0.013319 
 2920000.000 	 0.994563 	 0.003921 
 2940000.000 	 0.994659 	 0.003511 
 2960000.000 	 0.995680 	 0.004444 
 2980000.000 	 0.997167 	 0.003035 
 3000000.000 	 0.996916 	 0.004084 
 3020000.000 	 0.994908 	 0.009550 
 3040000.000 	 0.995436 	 0.004618 
 3060000.000 	 0.997388 	 0.002964 
 3080000.000 	 0.996397 	 0.003673 
 3100000.000 	 0.996665 	 0.004098 
 3120000.000 	 0.996856 	 0.002975 
 3140000.000 	 0.990523 	 0.005628 
 3160000.000 	 0.994902 	 0.005606 
 3180000.000 	 0.995993 	 0.006061 
 3200000.000 	 0.992243 	 0.007929 
 3220000.000 	 0.993788 	 0.008688 
 3240000.000 	 0.995514 	 0.002883 
 3260000.000 	 0.997643 	 0.001781 
 3280000.000 	 0.992741 	 0.004435 
 3300000.000 	 0.992949 	 0.005964 
 3320000.000 	 0.995349 	 0.003960 
 3340000.000 	 0.992542 	 0.004432 
 3360000.000 	 0.990533 	 0.015854 
 3380000.000 	 0.996979 	 0.003167 
 3400000.000 	 0.992854 	 0.006205 
 3420000.000 	 0.997411 	 0.001643 
 3440000.000 	 0.996761 	 0.004975 
 3460000.000 	 0.997192 	 0.006743 
 3480000.000 	 0.995839 	 0.007773 
 3500000.000 	 0.997763 	 0.002379 
 3520000.000 	 0.998226 	 0.000822 
 3540000.000 	 0.995934 	 0.008140 
 3560000.000 	 0.995938 	 0.004778 
 3580000.000 	 0.993866 	 0.005695 
 3600000.000 	 0.997456 	 0.002241 
 3620000.000 	 0.997627 	 0.003003 
 3640000.000 	 0.996782 	 0.003107 
 3660000.000 	 0.997720 	 0.003463 
 3680000.000 	 0.992737 	 0.004359 
 3700000.000 	 0.994475 	 0.006171 
 3720000.000 	 0.995796 	 0.003147 
 3740000.000 	 0.996504 	 0.006773 
 3760000.000 	 0.996695 	 0.003168 
 3780000.000 	 0.997661 	 0.002548 
 3800000.000 	 0.993177 	 0.011086 
 3820000.000 	 0.996212 	 0.004763 
 3840000.000 	 0.995624 	 0.002685 
 3860000.000 	 0.996561 	 0.002617 
 3880000.000 	 0.997370 	 0.005058 
 3900000.000 	 0.996463 	 0.001707 
 3920000.000 	 0.992825 	 0.009043 
 3940000.000 	 0.994931 	 0.002575 
 3960000.000 	 0.992764 	 0.005471 
 3980000.000 	 0.996362 	 0.004404 
 4000000.000 	 0.996396 	 0.005457 
 4020000.000 	 0.998652 	 0.002240 
 4040000.000 	 0.995732 	 0.008353 
 4060000.000 	 0.996421 	 0.011934 
 4080000.000 	 0.996954 	 0.003485 
 4100000.000 	 0.996950 	 0.002734 
 4120000.000 	 0.996515 	 0.005809 
 4140000.000 	 0.994561 	 0.001836 
 4160000.000 	 0.995750 	 0.005477 
 4180000.000 	 0.998017 	 0.001878 
 4200000.000 	 0.994551 	 0.005538 
 4220000.000 	 0.993668 	 0.009323 
 4240000.000 	 0.997361 	 0.002714 
 4260000.000 	 0.997485 	 0.004659 
 4280000.000 	 0.997408 	 0.005565 
 4300000.000 	 0.997633 	 0.001774 
 4320000.000 	 0.995821 	 0.006711 
 4340000.000 	 0.997598 	 0.001679 
 4360000.000 	 0.996513 	 0.006120 
 4380000.000 	 0.998084 	 0.002147 
 4400000.000 	 0.996762 	 0.002545 
 4420000.000 	 0.993696 	 0.004868 
 4440000.000 	 0.991763 	 0.009821 
 4460000.000 	 0.993188 	 0.006235 
 4480000.000 	 0.994014 	 0.003762 
 4500000.000 	 0.997957 	 0.002420 
 4520000.000 	 0.995721 	 0.006625 
 4540000.000 	 0.997055 	 0.004229 
 4560000.000 	 0.997835 	 0.002916 
 4580000.000 	 0.998253 	 0.001307 
 4600000.000 	 0.993804 	 0.005867 
 4620000.000 	 0.997339 	 0.004736 
 4640000.000 	 0.996156 	 0.005952 
 4660000.000 	 0.997002 	 0.002967 
 4680000.000 	 0.994759 	 0.005477 
 4700000.000 	 0.994907 	 0.005382 
 4720000.000 	 0.997130 	 0.003781 
 4740000.000 	 0.995439 	 0.003879 
 4760000.000 	 0.995828 	 0.003703 
 4780000.000 	 0.997787 	 0.003417 
 4800000.000 	 0.994510 	 0.006512 
 4820000.000 	 0.994088 	 0.011798 
 4840000.000 	 0.995750 	 0.003484 
 4860000.000 	 0.992914 	 0.011110 
 4880000.000 	 0.994639 	 0.004919 
 4900000.000 	 0.997205 	 0.002098 
 4920000.000 	 0.996166 	 0.002865 
 4940000.000 	 0.997181 	 0.004246 
 4960000.000 	 0.994149 	 0.010695 
 4980000.000 	 0.990783 	 0.013362 
 5000000.000 	 0.987851 	 0.008608 
 5020000.000 	 0.991899 	 0.004632 
 5040000.000 	 0.988495 	 0.004139 
 5060000.000 	 0.993497 	 0.006068 
 5080000.000 	 0.994983 	 0.010073 
 5100000.000 	 0.997245 	 0.003237 
 5120000.000 	 0.994691 	 0.011824 
 5140000.000 	 0.993682 	 0.003258 
 5160000.000 	 0.998114 	 0.004562 
 5180000.000 	 0.996257 	 0.005569 
 5200000.000 	 0.994946 	 0.007599 
 5220000.000 	 0.994276 	 0.005333 
 5240000.000 	 0.993879 	 0.008947 
 5260000.000 	 0.995945 	 0.004776 
 5280000.000 	 0.996644 	 0.006069 
 5300000.000 	 0.996692 	 0.004224 
 5320000.000 	 0.996528 	 0.007659 
 5340000.000 	 0.997124 	 0.002601 
 5360000.000 	 0.997264 	 0.003396 
 5380000.000 	 0.996015 	 0.005654 
 5400000.000 	 0.996053 	 0.006810 
 5420000.000 	 0.995018 	 0.004548 
 5440000.000 	 0.995614 	 0.008514 
 5460000.000 	 0.995483 	 0.003743 
 5480000.000 	 0.995236 	 0.007389 
 5500000.000 	 0.996367 	 0.006065 
 5520000.000 	 0.993060 	 0.007071 
 5540000.000 	 0.996466 	 0.007514 
 5560000.000 	 0.996857 	 0.004494 
 5580000.000 	 0.994188 	 0.005959 
 5600000.000 	 0.997098 	 0.005022 
 5620000.000 	 0.997313 	 0.002587 
 5640000.000 	 0.996184 	 0.007153 
 5660000.000 	 0.997774 	 0.001823 
 5680000.000 	 0.993835 	 0.006197 
 5700000.000 	 0.995425 	 0.003901 
 5720000.000 	 0.994332 	 0.006390 
 5740000.000 	 0.997956 	 0.002516 
 5760000.000 	 0.992622 	 0.015077 
 5780000.000 	 0.998201 	 0.001852 
 5800000.000 	 0.997963 	 0.002730 
 5820000.000 	 0.995882 	 0.009137 
 5840000.000 	 0.995521 	 0.004005 
 5860000.000 	 0.991011 	 0.005805 
 5880000.000 	 0.992344 	 0.003605 
 5900000.000 	 0.993137 	 0.008750 
 5920000.000 	 0.994006 	 0.011925 
 5940000.000 	 0.996968 	 0.003023 
 5960000.000 	 0.997029 	 0.005042 
 5980000.000 	 0.994478 	 0.009800 
 6000000.000 	 0.996685 	 0.001867 
 6020000.000 	 0.997164 	 0.003202 
 6040000.000 	 0.991172 	 0.007792 
 6060000.000 	 0.995772 	 0.004367 
 6080000.000 	 0.997434 	 0.002100 
 6100000.000 	 0.994891 	 0.009505 
 6120000.000 	 0.998085 	 0.001923 
 6140000.000 	 0.995963 	 0.004089 
 6160000.000 	 0.996562 	 0.004662 
 6180000.000 	 0.996927 	 0.004469 
 6200000.000 	 0.994144 	 0.009289 
 6220000.000 	 0.995401 	 0.006676 
 6240000.000 	 0.994699 	 0.010213 
 6260000.000 	 0.996198 	 0.004652 
 6280000.000 	 0.994086 	 0.011363 
 6300000.000 	 0.998846 	 0.001278 
 6320000.000 	 0.996875 	 0.003994 
 6340000.000 	 0.995915 	 0.003199 
 6360000.000 	 0.993789 	 0.007471 
 6380000.000 	 0.997759 	 0.002179 
 6400000.000 	 0.996616 	 0.005240 
 6420000.000 	 0.992900 	 0.011382 
 6440000.000 	 0.993014 	 0.007800 
 6460000.000 	 0.989767 	 0.013056 
 6480000.000 	 0.996824 	 0.003161 
 6500000.000 	 0.997421 	 0.002818 
 6520000.000 	 0.994822 	 0.008532 
 6540000.000 	 0.996998 	 0.004558 
 6560000.000 	 0.996682 	 0.004599 
 6580000.000 	 0.989538 	 0.013792 
 6600000.000 	 0.995686 	 0.004722 
 6620000.000 	 0.997187 	 0.004588 
 6640000.000 	 0.995765 	 0.005622 
 6660000.000 	 0.994735 	 0.007120 
 6680000.000 	 0.994561 	 0.005115 
 6700000.000 	 0.995297 	 0.006060 
 6720000.000 	 0.997247 	 0.003052 
 6740000.000 	 0.995352 	 0.008170 
 6760000.000 	 0.996117 	 0.004701 
 6780000.000 	 0.997356 	 0.004065 
 6800000.000 	 0.994917 	 0.011672 
 6820000.000 	 0.991187 	 0.007547 
 6840000.000 	 0.994919 	 0.003042 
 6860000.000 	 0.995568 	 0.005564 
 6880000.000 	 0.995272 	 0.006879 
 6900000.000 	 0.997676 	 0.002594 
 6920000.000 	 0.996915 	 0.004418 
 6940000.000 	 0.996489 	 0.003429 
 6960000.000 	 0.996429 	 0.001979 
 6980000.000 	 0.997020 	 0.004114 
 7000000.000 	 0.991441 	 0.009494 
 7020000.000 	 0.994815 	 0.008343 
 7040000.000 	 0.996437 	 0.003918 
 7060000.000 	 0.993630 	 0.014262 
 7080000.000 	 0.992831 	 0.007985 
 7100000.000 	 0.996252 	 0.010012 
 7120000.000 	 0.990680 	 0.008782 
 7140000.000 	 0.993875 	 0.005426 
 7160000.000 	 0.996842 	 0.002317 
 7180000.000 	 0.993675 	 0.004476 
 7200000.000 	 0.994088 	 0.013037 
 7220000.000 	 0.995981 	 0.009287 
 7240000.000 	 0.995194 	 0.009441 
 7260000.000 	 0.994852 	 0.006911 
 7280000.000 	 0.993838 	 0.010476 
 7300000.000 	 0.994664 	 0.004618 
 7320000.000 	 0.998922 	 0.001212 
 7340000.000 	 0.993275 	 0.012254 
 7360000.000 	 0.996507 	 0.001888 
 7380000.000 	 0.994518 	 0.005784 
 7400000.000 	 0.994612 	 0.004864 
 7420000.000 	 0.997021 	 0.003836 
 7440000.000 	 0.995969 	 0.007631 
 7460000.000 	 0.997479 	 0.002585 
 7480000.000 	 0.993018 	 0.012205 
 7500000.000 	 0.995353 	 0.009408 
 7520000.000 	 0.997849 	 0.003601 
 7540000.000 	 0.995158 	 0.010360 
 7560000.000 	 0.994432 	 0.005304 
 7580000.000 	 0.993837 	 0.012101 
 7600000.000 	 0.997306 	 0.003526 
 7620000.000 	 0.997179 	 0.002659 
 7640000.000 	 0.997100 	 0.003549 
 7660000.000 	 0.997974 	 0.001396 
 7680000.000 	 0.992275 	 0.013270 
 7700000.000 	 0.995423 	 0.004211 
 7720000.000 	 0.995097 	 0.003761 
 7740000.000 	 0.994941 	 0.007212 
 7760000.000 	 0.995617 	 0.003491 
 7780000.000 	 0.997734 	 0.005286 
 7800000.000 	 0.995926 	 0.004785 
 7820000.000 	 0.995053 	 0.007231 
 7840000.000 	 0.997600 	 0.002478 
 7860000.000 	 0.997110 	 0.002187 
 7880000.000 	 0.998700 	 0.001000 
 7900000.000 	 0.996223 	 0.004504 
 7920000.000 	 0.989977 	 0.006119 
 7940000.000 	 0.996026 	 0.007005 
 7960000.000 	 0.993468 	 0.002683 
 7980000.000 	 0.995140 	 0.003006 
 8000000.000 	 0.996903 	 0.006151 
 8020000.000 	 0.999037 	 0.001260 
 8040000.000 	 0.997364 	 0.002728 
 8060000.000 	 0.997895 	 0.002678 
 8080000.000 	 0.996374 	 0.002699 
 8100000.000 	 0.998036 	 0.001858 
 8120000.000 	 0.997791 	 0.001461 
 8140000.000 	 0.996077 	 0.010114 
 8160000.000 	 0.995119 	 0.005660 
 8180000.000 	 0.994662 	 0.007731 
 8200000.000 	 0.991663 	 0.010423 
 8220000.000 	 0.995000 	 0.004585 
 8240000.000 	 0.997746 	 0.003319 
 8260000.000 	 0.995404 	 0.012694 
 8280000.000 	 0.997248 	 0.001316 
 8300000.000 	 0.997702 	 0.003091 
 8320000.000 	 0.996546 	 0.005638 
 8340000.000 	 0.997802 	 0.002619 
 8360000.000 	 0.993914 	 0.007500 
 8380000.000 	 0.993032 	 0.008606 
 8400000.000 	 0.994629 	 0.004495 
 8420000.000 	 0.994226 	 0.009404 
 8440000.000 	 0.995598 	 0.004739 
 8460000.000 	 0.997118 	 0.002698 
 8480000.000 	 0.998570 	 0.001002 
 8500000.000 	 0.995143 	 0.006034 
 8520000.000 	 0.992865 	 0.005351 
 8540000.000 	 0.997429 	 0.002999 
 8560000.000 	 0.996199 	 0.002886 
 8580000.000 	 0.996563 	 0.003107 
 8600000.000 	 0.996691 	 0.007539 
 8620000.000 	 0.995707 	 0.003501 
 8640000.000 	 0.997099 	 0.004354 
 8660000.000 	 0.996386 	 0.003251 
 8680000.000 	 0.996952 	 0.004883 
 8700000.000 	 0.996502 	 0.002312 
 8720000.000 	 0.996339 	 0.003160 
 8740000.000 	 0.994440 	 0.008537 
 8760000.000 	 0.997855 	 0.002647 
 8780000.000 	 0.995633 	 0.006358 
 8800000.000 	 0.996906 	 0.002487 
 8820000.000 	 0.996287 	 0.002754 
 8840000.000 	 0.994994 	 0.003229 
 8860000.000 	 0.997401 	 0.001776 
 8880000.000 	 0.995971 	 0.002935 
 8900000.000 	 0.999302 	 0.000633 
 8920000.000 	 0.999421 	 0.000480 
 8940000.000 	 0.999284 	 0.000759 
 8960000.000 	 0.993059 	 0.010296 
 8980000.000 	 0.992138 	 0.011772 
 9000000.000 	 0.995465 	 0.003363 
 9020000.000 	 0.995698 	 0.004589 
 9040000.000 	 0.998635 	 0.000870 
 9060000.000 	 0.995105 	 0.002566 
 9080000.000 	 0.998842 	 0.000921 
 9100000.000 	 0.997082 	 0.003655 
 9120000.000 	 0.997238 	 0.004072 
 9140000.000 	 0.997872 	 0.003376 
 9160000.000 	 0.996793 	 0.004851 
 9180000.000 	 0.996470 	 0.004658 
 9200000.000 	 0.995524 	 0.005290 
 9220000.000 	 0.993826 	 0.009694 
 9240000.000 	 0.997068 	 0.003275 
 9260000.000 	 0.995745 	 0.007900 
 9280000.000 	 0.997015 	 0.001802 
 9300000.000 	 0.998398 	 0.002087 
 9320000.000 	 0.997247 	 0.002463 
 9340000.000 	 0.997348 	 0.004940 
 9360000.000 	 0.997456 	 0.003096 
 9380000.000 	 0.995621 	 0.006272 
 9400000.000 	 0.999074 	 0.000966 
 9420000.000 	 0.992930 	 0.004656 
 9440000.000 	 0.994154 	 0.003890 
 9460000.000 	 0.990710 	 0.019262 
 9480000.000 	 0.998065 	 0.002411 
 9500000.000 	 0.994197 	 0.005557 
 9520000.000 	 0.997441 	 0.002010 
 9540000.000 	 0.996927 	 0.002819 
 9560000.000 	 0.996140 	 0.004169 
 9580000.000 	 0.992464 	 0.004424 
 9600000.000 	 0.999628 	 0.000425 
 9620000.000 	 0.995964 	 0.006051 
 9640000.000 	 0.998829 	 0.001272 
 9660000.000 	 0.998517 	 0.001032 
 9680000.000 	 0.999021 	 0.001205 
 9700000.000 	 0.997248 	 0.002959 
 9720000.000 	 0.995635 	 0.006999 
 9740000.000 	 0.996942 	 0.004258 
 9760000.000 	 0.996601 	 0.004193 
 9780000.000 	 0.998118 	 0.001402 
 9800000.000 	 0.996582 	 0.003944 
 9820000.000 	 0.998441 	 0.001877 
 9840000.000 	 0.995627 	 0.002218 
 9860000.000 	 0.998026 	 0.004236 
 9880000.000 	 0.994958 	 0.009443 
 9900000.000 	 0.997294 	 0.002721 
 9920000.000 	 0.998842 	 0.001622 
 9940000.000 	 0.999040 	 0.001335 
 9960000.000 	 0.997023 	 0.001947 
 9980000.000 	 0.997615 	 0.004342 
10000000.000 	 0.997188 	 0.006282 
10020000.000 	 0.994422 	 0.005082 
10040000.000 	 0.998695 	 0.001608 
10060000.000 	 0.998489 	 0.001849 
10080000.000 	 0.999210 	 0.001490 
10100000.000 	 0.997263 	 0.004050 
10120000.000 	 0.999391 	 0.000535 
10140000.000 	 0.996418 	 0.002369 
10160000.000 	 0.996360 	 0.006049 
10180000.000 	 0.998740 	 0.001071 
10200000.000 	 0.996789 	 0.003088 
10220000.000 	 0.998155 	 0.001694 
10240000.000 	 0.995502 	 0.008788 
10260000.000 	 0.998476 	 0.001261 
10280000.000 	 0.998121 	 0.001289 
10300000.000 	 0.997612 	 0.002256 
10320000.000 	 0.998013 	 0.002571 
10340000.000 	 0.993889 	 0.005159 
10360000.000 	 0.997363 	 0.004153 
10380000.000 	 0.997476 	 0.003151 
10400000.000 	 0.996783 	 0.004888 
10420000.000 	 0.997477 	 0.001892 
10440000.000 	 0.997040 	 0.001986 
10460000.000 	 0.998098 	 0.002722 
10480000.000 	 0.998041 	 0.002267 
10500000.000 	 0.997763 	 0.004056 
10520000.000 	 0.997085 	 0.002184 
10540000.000 	 0.999074 	 0.000678 
10560000.000 	 0.996958 	 0.003113 
10580000.000 	 0.993577 	 0.002461 
10600000.000 	 0.998515 	 0.001312 
10620000.000 	 0.997390 	 0.003677 
10640000.000 	 0.996285 	 0.003608 
10660000.000 	 0.997198 	 0.002119 
10680000.000 	 0.998233 	 0.002643 
10700000.000 	 0.998293 	 0.002468 
10720000.000 	 0.997647 	 0.003797 
10740000.000 	 0.998886 	 0.002331 
10760000.000 	 0.998565 	 0.001647 
10780000.000 	 0.995782 	 0.007463 
10800000.000 	 0.994826 	 0.005587 
10820000.000 	 0.996182 	 0.004628 
10840000.000 	 0.998113 	 0.001811 
10860000.000 	 0.998031 	 0.005143 
10880000.000 	 0.997203 	 0.005484 
10900000.000 	 0.996449 	 0.007644 
10920000.000 	 0.997769 	 0.003361 
10940000.000 	 0.997680 	 0.001975 
10960000.000 	 0.998677 	 0.001428 
10980000.000 	 0.998101 	 0.001888 
11000000.000 	 0.997420 	 0.002389 
11020000.000 	 0.998265 	 0.001207 
11040000.000 	 0.998827 	 0.001268 
11060000.000 	 0.998102 	 0.001371 
11080000.000 	 0.995185 	 0.001599 
11100000.000 	 0.998437 	 0.001237 
11120000.000 	 0.999490 	 0.000482 
11140000.000 	 0.997423 	 0.002018 
11160000.000 	 0.999032 	 0.000735 
11180000.000 	 0.998312 	 0.001662 
11200000.000 	 0.999179 	 0.000771 
11220000.000 	 0.999376 	 0.000554 
11240000.000 	 0.998818 	 0.000898 
11260000.000 	 0.999229 	 0.000609 
11280000.000 	 0.999242 	 0.000774 
11300000.000 	 0.999438 	 0.000561 
11320000.000 	 0.996750 	 0.001142 
11340000.000 	 0.998389 	 0.001357 
11360000.000 	 0.999111 	 0.000729 
11380000.000 	 0.996164 	 0.002188 
11400000.000 	 0.994334 	 0.003243 
11420000.000 	 0.998139 	 0.001354 
11440000.000 	 0.997938 	 0.001752 
11460000.000 	 0.997260 	 0.001260 
11480000.000 	 0.998736 	 0.001023 
11500000.000 	 0.999532 	 0.000401 
11520000.000 	 0.998220 	 0.002597 
11540000.000 	 0.999173 	 0.000922 
11560000.000 	 0.997404 	 0.002467 
11580000.000 	 0.997600 	 0.001854 
11600000.000 	 0.994463 	 0.001734 
11620000.000 	 0.996286 	 0.002308 
11640000.000 	 0.997659 	 0.001922 
11660000.000 	 0.998835 	 0.001035 
11680000.000 	 0.999277 	 0.000831 
11700000.000 	 0.998877 	 0.000820 
11720000.000 	 0.999334 	 0.000632 
11740000.000 	 0.998442 	 0.001215 
11760000.000 	 0.998488 	 0.001592 
11780000.000 	 0.998232 	 0.001404 
11800000.000 	 0.998909 	 0.001172 
11820000.000 	 0.999382 	 0.000799 
11840000.000 	 0.998651 	 0.001511 
11860000.000 	 0.995276 	 0.003872 
11880000.000 	 0.998790 	 0.001267 
11900000.000 	 0.997756 	 0.001094 
11920000.000 	 0.997523 	 0.002384 
11940000.000 	 0.998338 	 0.001516 
11960000.000 	 0.996805 	 0.003416 
11980000.000 	 0.998631 	 0.001152 
12000000.000 	 0.998847 	 0.001347 
12020000.000 	 0.997708 	 0.003140 
12040000.000 	 0.998859 	 0.000962 
12060000.000 	 0.998002 	 0.001007 
12080000.000 	 0.998934 	 0.001005 
12100000.000 	 0.998629 	 0.002840 
12120000.000 	 0.997723 	 0.001349 
12140000.000 	 0.998605 	 0.001418 
12160000.000 	 0.998236 	 0.002015 
12180000.000 	 0.998962 	 0.000816 
12200000.000 	 0.999404 	 0.000509 
12220000.000 	 0.999037 	 0.001030 
12240000.000 	 0.998542 	 0.000936 
12260000.000 	 0.999147 	 0.000610 
12280000.000 	 0.998574 	 0.000830 
12300000.000 	 0.997672 	 0.001877 
12320000.000 	 0.997979 	 0.002677 
12340000.000 	 0.997256 	 0.001652 
12360000.000 	 0.997975 	 0.001999 
12380000.000 	 0.998233 	 0.001531 
12400000.000 	 0.994345 	 0.002878 
12420000.000 	 0.998976 	 0.000977 
12440000.000 	 0.999367 	 0.000420 
12460000.000 	 0.998360 	 0.000906 
12480000.000 	 0.996577 	 0.004000 
12500000.000 	 0.998668 	 0.001045 
12520000.000 	 0.996182 	 0.001688 
12540000.000 	 0.998366 	 0.001209 
12560000.000 	 0.997947 	 0.001625 
12580000.000 	 0.997661 	 0.002515 
12600000.000 	 0.997936 	 0.001819 
12620000.000 	 0.994925 	 0.003402 
12640000.000 	 0.998450 	 0.001013 
12660000.000 	 0.998653 	 0.000995 
12680000.000 	 0.997923 	 0.001702 
12700000.000 	 0.998980 	 0.000862 
12720000.000 	 0.998564 	 0.000851 
12740000.000 	 0.998156 	 0.001678 
12760000.000 	 0.998113 	 0.002239 
12780000.000 	 0.998534 	 0.001673 
12800000.000 	 0.997191 	 0.002790 
12820000.000 	 0.998281 	 0.001501 
12840000.000 	 0.996756 	 0.003381 
12860000.000 	 0.998604 	 0.001154 
12880000.000 	 0.998832 	 0.001670 
12900000.000 	 0.998557 	 0.000966 
12920000.000 	 0.997827 	 0.001435 
12940000.000 	 0.998678 	 0.000988 
12960000.000 	 0.998838 	 0.001082 
12980000.000 	 0.999168 	 0.000693 
13000000.000 	 0.999041 	 0.001164 
13020000.000 	 0.998961 	 0.000680 
13040000.000 	 0.998989 	 0.001007 
13060000.000 	 0.998018 	 0.001539 
13080000.000 	 0.998231 	 0.001951 
13100000.000 	 0.999329 	 0.000853 
13120000.000 	 0.998893 	 0.000966 
13140000.000 	 0.998799 	 0.001637 
13160000.000 	 0.999220 	 0.000709 
13180000.000 	 0.998512 	 0.001359 
13200000.000 	 0.999445 	 0.000532 
13220000.000 	 0.997707 	 0.001572 
13240000.000 	 0.998573 	 0.000758 
13260000.000 	 0.996006 	 0.003951 
13280000.000 	 0.997762 	 0.002482 
13300000.000 	 0.997363 	 0.001862 
13320000.000 	 0.998366 	 0.001206 
13340000.000 	 0.998560 	 0.001115 
13360000.000 	 0.999165 	 0.000925 
13380000.000 	 0.999048 	 0.001510 
13400000.000 	 0.998277 	 0.000792 
13420000.000 	 0.998916 	 0.001035 
13440000.000 	 0.997274 	 0.001646 
13460000.000 	 0.994816 	 0.003713 
13480000.000 	 0.999112 	 0.000716 
13500000.000 	 0.997346 	 0.001343 
13520000.000 	 0.998726 	 0.000981 
13540000.000 	 0.998961 	 0.001132 
13560000.000 	 0.999361 	 0.000745 
13580000.000 	 0.998111 	 0.001348 
13600000.000 	 0.998788 	 0.000952 
13620000.000 	 0.998497 	 0.000924 
13640000.000 	 0.997416 	 0.001452 
13660000.000 	 0.999086 	 0.000677 
13680000.000 	 0.998530 	 0.001040 
13700000.000 	 0.999185 	 0.000699 
13720000.000 	 0.997671 	 0.001907 
13740000.000 	 0.996186 	 0.001863 
13760000.000 	 0.997578 	 0.002407 
13780000.000 	 0.997497 	 0.001496 
13800000.000 	 0.998349 	 0.001808 
13820000.000 	 0.998476 	 0.001109 
13840000.000 	 0.998506 	 0.002095 
13860000.000 	 0.996678 	 0.002595 
13880000.000 	 0.998232 	 0.000886 
13900000.000 	 0.998286 	 0.002135 
13920000.000 	 0.998888 	 0.000887 
13940000.000 	 0.998874 	 0.001647 
13960000.000 	 0.998519 	 0.001569 
13980000.000 	 0.998975 	 0.000833 
14000000.000 	 0.997039 	 0.001035 
14020000.000 	 0.998156 	 0.001158 
14040000.000 	 0.997497 	 0.003066 
14060000.000 	 0.999011 	 0.000786 
14080000.000 	 0.997406 	 0.002005 
14100000.000 	 0.998658 	 0.001034 
14120000.000 	 0.998613 	 0.001361 
14140000.000 	 0.998255 	 0.000693 
14160000.000 	 0.999202 	 0.000872 
14180000.000 	 0.998564 	 0.001030 
14200000.000 	 0.996984 	 0.001585 
14220000.000 	 0.998543 	 0.000801 
14240000.000 	 0.998059 	 0.000996 
14260000.000 	 0.999184 	 0.000712 
14280000.000 	 0.999317 	 0.000686 
14300000.000 	 0.997660 	 0.001297 
14320000.000 	 0.994193 	 0.002572 
14340000.000 	 0.999126 	 0.000754 
14360000.000 	 0.997638 	 0.001113 
14380000.000 	 0.998503 	 0.001885 
14400000.000 	 0.998491 	 0.001394 
14420000.000 	 0.997383 	 0.001582 
14440000.000 	 0.999387 	 0.000769 
14460000.000 	 0.998619 	 0.001084 
14480000.000 	 0.998716 	 0.001152 
14500000.000 	 0.998386 	 0.001903 
14520000.000 	 0.997944 	 0.001304 
14540000.000 	 0.997517 	 0.002359 
14560000.000 	 0.995097 	 0.002692 
14580000.000 	 0.997080 	 0.001155 
14600000.000 	 0.998699 	 0.001238 
14620000.000 	 0.998273 	 0.000963 
14640000.000 	 0.998984 	 0.001116 
14660000.000 	 0.998273 	 0.001687 
14680000.000 	 0.997343 	 0.002703 
14700000.000 	 0.998373 	 0.001558 
14720000.000 	 0.998472 	 0.001054 
14740000.000 	 0.991845 	 0.005223 
14760000.000 	 0.998671 	 0.000839 
14780000.000 	 0.999681 	 0.000336 
14800000.000 	 0.997895 	 0.001246 
14820000.000 	 0.998500 	 0.001627 
14840000.000 	 0.999203 	 0.000981 
14860000.000 	 0.998063 	 0.001200 
14880000.000 	 0.998695 	 0.000675 
14900000.000 	 0.996794 	 0.001202 
14920000.000 	 0.997952 	 0.001440 
14940000.000 	 0.998503 	 0.000766 
14960000.000 	 0.998794 	 0.001500 
14980000.000 	 0.998098 	 0.001772 
15000000.000 	 0.999108 	 0.000736 
15020000.000 	 0.998341 	 0.001519 
15040000.000 	 0.997229 	 0.001754 
15060000.000 	 0.998756 	 0.001306 
15080000.000 	 0.999064 	 0.000813 
15100000.000 	 0.998976 	 0.001358 
15120000.000 	 0.998043 	 0.002117 
15140000.000 	 0.998161 	 0.002341 
15160000.000 	 0.998684 	 0.001794 
15180000.000 	 0.997730 	 0.001121 
15200000.000 	 0.997883 	 0.001149 
15220000.000 	 0.998571 	 0.000916 
15240000.000 	 0.998592 	 0.001006 
15260000.000 	 0.998409 	 0.001059 
15280000.000 	 0.998845 	 0.001110 
15300000.000 	 0.997442 	 0.001232 
15320000.000 	 0.996994 	 0.002329 
15340000.000 	 0.997663 	 0.001902 
15360000.000 	 0.998886 	 0.001314 
15380000.000 	 0.995616 	 0.003212 
15400000.000 	 0.999080 	 0.000774 
15420000.000 	 0.997996 	 0.001581 
15440000.000 	 0.998847 	 0.000920 
15460000.000 	 0.995954 	 0.003107 
15480000.000 	 0.998765 	 0.000791 
15500000.000 	 0.998359 	 0.002147 
15520000.000 	 0.998389 	 0.001189 
15540000.000 	 0.997608 	 0.001230 
15560000.000 	 0.999246 	 0.000477 
15580000.000 	 0.999275 	 0.000697 
15600000.000 	 0.998922 	 0.000688 
15620000.000 	 0.996960 	 0.001682 
15640000.000 	 0.998700 	 0.001401 
15660000.000 	 0.999048 	 0.000768 
15680000.000 	 0.999221 	 0.000776 
15700000.000 	 0.995447 	 0.003879 
15720000.000 	 0.998789 	 0.001243 
15740000.000 	 0.993503 	 0.003019 
15760000.000 	 0.997921 	 0.001418 
15780000.000 	 0.998971 	 0.000981 
15800000.000 	 0.998854 	 0.001001 
15820000.000 	 0.997520 	 0.001781 
15840000.000 	 0.997471 	 0.001707 
15860000.000 	 0.998886 	 0.000830 
15880000.000 	 0.999337 	 0.000586 
15900000.000 	 0.998517 	 0.001043 
15920000.000 	 0.999588 	 0.000439 
15940000.000 	 0.997305 	 0.001069 
15960000.000 	 0.998080 	 0.001353 
15980000.000 	 0.999402 	 0.000406 
16000000.000 	 0.998327 	 0.001984 
16020000.000 	 0.999192 	 0.000815 
16040000.000 	 0.998154 	 0.000988 
16060000.000 	 0.997579 	 0.001525 
16080000.000 	 0.997803 	 0.002339 
16100000.000 	 0.997521 	 0.001464 
16120000.000 	 0.999071 	 0.000533 
16140000.000 	 0.998420 	 0.001148 
16160000.000 	 0.998171 	 0.001116 
16180000.000 	 0.998737 	 0.001316 
16200000.000 	 0.998499 	 0.001838 
16220000.000 	 0.999166 	 0.000937 
16240000.000 	 0.998954 	 0.001142 
16260000.000 	 0.999088 	 0.000713 
16280000.000 	 0.998300 	 0.002017 
16300000.000 	 0.997840 	 0.001395 
16320000.000 	 0.995532 	 0.002473 
16340000.000 	 0.998994 	 0.000925 
16360000.000 	 0.998781 	 0.000971 
16380000.000 	 0.996386 	 0.002565 
16400000.000 	 0.998106 	 0.001451 
16420000.000 	 0.997046 	 0.001845 
16440000.000 	 0.998654 	 0.001649 
16460000.000 	 0.999149 	 0.000741 
16480000.000 	 0.998819 	 0.000884 
16500000.000 	 0.998769 	 0.000950 
16520000.000 	 0.998954 	 0.000934 
16540000.000 	 0.998706 	 0.000902 
16560000.000 	 0.999019 	 0.000849 
16580000.000 	 0.996150 	 0.001788 
16600000.000 	 0.999146 	 0.000798 
16620000.000 	 0.997208 	 0.002126 
16640000.000 	 0.999159 	 0.000662 
16660000.000 	 0.994862 	 0.003491 
16680000.000 	 0.996219 	 0.002123 
16700000.000 	 0.992622 	 0.002419 
16720000.000 	 0.996202 	 0.002578 
16740000.000 	 0.997750 	 0.002291 
16760000.000 	 0.998180 	 0.002484 
16780000.000 	 0.996423 	 0.002976 
16800000.000 	 0.998653 	 0.000939 
16820000.000 	 0.998637 	 0.001982 
16840000.000 	 0.998971 	 0.000805 
16860000.000 	 0.999240 	 0.000856 
16880000.000 	 0.997792 	 0.002110 
16900000.000 	 0.992965 	 0.003372 
16920000.000 	 0.996283 	 0.001789 
16940000.000 	 0.994066 	 0.002040 
16960000.000 	 0.999218 	 0.000592 
16980000.000 	 0.996230 	 0.002738 
17000000.000 	 0.999339 	 0.000551 
17020000.000 	 0.996642 	 0.001455 
17040000.000 	 0.998612 	 0.000843 
17060000.000 	 0.998229 	 0.001994 
17080000.000 	 0.999182 	 0.000556 
17100000.000 	 0.998767 	 0.001149 
17120000.000 	 0.998768 	 0.001128 
17140000.000 	 0.998131 	 0.001153 
17160000.000 	 0.998799 	 0.001518 
17180000.000 	 0.998917 	 0.001264 
17200000.000 	 0.998441 	 0.001385 
17220000.000 	 0.998797 	 0.001295 
17240000.000 	 0.998141 	 0.001604 
17260000.000 	 0.999158 	 0.000583 
17280000.000 	 0.995210 	 0.002493 
17300000.000 	 0.999653 	 0.000332 
17320000.000 	 0.998391 	 0.001250 
17340000.000 	 0.999074 	 0.000609 
17360000.000 	 0.998763 	 0.000990 
17380000.000 	 0.998367 	 0.000796 
17400000.000 	 0.999089 	 0.000924 
17420000.000 	 0.994027 	 0.004953 
17440000.000 	 0.998272 	 0.001557 
17460000.000 	 0.998543 	 0.001082 
17480000.000 	 0.998825 	 0.000614 
17500000.000 	 0.999143 	 0.001087 
17520000.000 	 0.997156 	 0.001692 
17540000.000 	 0.999022 	 0.000795 
17560000.000 	 0.999310 	 0.001146 
17580000.000 	 0.999511 	 0.000544 
17600000.000 	 0.997601 	 0.001556 
17620000.000 	 0.998531 	 0.001030 
17640000.000 	 0.996923 	 0.003875 
17660000.000 	 0.999229 	 0.000872 
17680000.000 	 0.998080 	 0.001338 
17700000.000 	 0.997491 	 0.001367 
17720000.000 	 0.998159 	 0.001522 
17740000.000 	 0.999012 	 0.000851 
17760000.000 	 0.999277 	 0.000785 
17780000.000 	 0.997846 	 0.002003 
17800000.000 	 0.999077 	 0.001028 
17820000.000 	 0.997521 	 0.001263 
17840000.000 	 0.998396 	 0.001080 
17860000.000 	 0.999252 	 0.000636 
17880000.000 	 0.998187 	 0.001610 
17900000.000 	 0.999182 	 0.000598 
17920000.000 	 0.997130 	 0.002236 
17940000.000 	 0.997967 	 0.001894 
17960000.000 	 0.997087 	 0.003751 
17980000.000 	 0.998310 	 0.001289 
18000000.000 	 0.998672 	 0.000933 
18020000.000 	 0.998900 	 0.001346 
18040000.000 	 0.998602 	 0.001307 
18060000.000 	 0.999020 	 0.000826 
18080000.000 	 0.998837 	 0.001146 
18100000.000 	 0.997779 	 0.001814 
18120000.000 	 0.998202 	 0.001458 
18140000.000 	 0.998845 	 0.000916 
18160000.000 	 0.996812 	 0.002101 
18180000.000 	 0.999673 	 0.000274 
18200000.000 	 0.998754 	 0.001358 
18220000.000 	 0.999427 	 0.000399 
18240000.000 	 0.999155 	 0.000832 
18260000.000 	 0.998771 	 0.001258 
18280000.000 	 0.998432 	 0.000841 
18300000.000 	 0.997651 	 0.001193 
18320000.000 	 0.998309 	 0.001694 
18340000.000 	 0.998535 	 0.000941 
18360000.000 	 0.997537 	 0.001782 
18380000.000 	 0.998694 	 0.001126 
18400000.000 	 0.999142 	 0.000589 
18420000.000 	 0.998904 	 0.000918 
18440000.000 	 0.997428 	 0.001478 
18460000.000 	 0.998228 	 0.001941 
18480000.000 	 0.998164 	 0.001445 
18500000.000 	 0.998266 	 0.001555 
18520000.000 	 0.998226 	 0.001982 
18540000.000 	 0.999042 	 0.000733 
18560000.000 	 0.998787 	 0.000844 
18580000.000 	 0.997760 	 0.002738 
18600000.000 	 0.997950 	 0.001593 
18620000.000 	 0.998437 	 0.001170 
18640000.000 	 0.997068 	 0.002480 
18660000.000 	 0.998507 	 0.001423 
18680000.000 	 0.998977 	 0.001031 
18700000.000 	 0.997908 	 0.002339 
18720000.000 	 0.998875 	 0.001029 
18740000.000 	 0.998423 	 0.001318 
18760000.000 	 0.998794 	 0.000754 
18780000.000 	 0.997448 	 0.003215 
18800000.000 	 0.998445 	 0.001744 
18820000.000 	 0.997880 	 0.001546 
18840000.000 	 0.998755 	 0.000894 
18860000.000 	 0.998939 	 0.001215 
18880000.000 	 0.997967 	 0.001593 
18900000.000 	 0.998652 	 0.001028 
18920000.000 	 0.997607 	 0.001686 
18940000.000 	 0.996336 	 0.004570 
18960000.000 	 0.997635 	 0.001718 
18980000.000 	 0.998132 	 0.001289 
19000000.000 	 0.996494 	 0.002321 
19020000.000 	 0.998364 	 0.000930 
19040000.000 	 0.995433 	 0.002073 
19060000.000 	 0.999061 	 0.000794 
19080000.000 	 0.998444 	 0.001576 
19100000.000 	 0.999562 	 0.000494 
19120000.000 	 0.999166 	 0.000604 
19140000.000 	 0.998137 	 0.002062 
19160000.000 	 0.997517 	 0.001328 
19180000.000 	 0.997944 	 0.001191 
19200000.000 	 0.998797 	 0.001080 
19220000.000 	 0.999047 	 0.000610 
19240000.000 	 0.999030 	 0.001019 
19260000.000 	 0.997910 	 0.002061 
19280000.000 	 0.996952 	 0.003370 
19300000.000 	 0.997661 	 0.001808 
19320000.000 	 0.998652 	 0.000812 
19340000.000 	 0.999003 	 0.000975 
19360000.000 	 0.997826 	 0.001242 
19380000.000 	 0.999123 	 0.000841 
19400000.000 	 0.998148 	 0.001519 
19420000.000 	 0.997472 	 0.001104 
19440000.000 	 0.997902 	 0.001572 
19460000.000 	 0.998566 	 0.000973 
19480000.000 	 0.999094 	 0.000742 
19500000.000 	 0.997123 	 0.001497 
19520000.000 	 0.996630 	 0.001599 
19540000.000 	 0.998173 	 0.001088 
19560000.000 	 0.998072 	 0.001581 
19580000.000 	 0.998717 	 0.000885 
19600000.000 	 0.998505 	 0.000793 
19620000.000 	 0.997190 	 0.002614 
19640000.000 	 0.998509 	 0.001006 
19660000.000 	 0.998606 	 0.001042 
19680000.000 	 0.997698 	 0.001756 
19700000.000 	 0.996645 	 0.001629 
19720000.000 	 0.999175 	 0.000584 
19740000.000 	 0.997270 	 0.002907 
19760000.000 	 0.998365 	 0.002114 
19780000.000 	 0.999268 	 0.000831 
19800000.000 	 0.999601 	 0.000306 
19820000.000 	 0.998092 	 0.001377 
19840000.000 	 0.996944 	 0.001774 
19860000.000 	 0.997779 	 0.001243 
19880000.000 	 0.998469 	 0.001560 
19900000.000 	 0.998962 	 0.001199 
19920000.000 	 0.998722 	 0.001260 
19940000.000 	 0.996274 	 0.002114 
19960000.000 	 0.998679 	 0.001160 
19980000.000 	 0.999032 	 0.000775 
20000000.000 	 0.998561 	 0.001285 
20020000.000 	 0.998784 	 0.001126 
20040000.000 	 0.997554 	 0.002059 
20060000.000 	 0.997906 	 0.001805 
20080000.000 	 0.997198 	 0.001276 
20100000.000 	 0.997274 	 0.001431 
20120000.000 	 0.997761 	 0.001235 
20140000.000 	 0.998955 	 0.001688 
20160000.000 	 0.997609 	 0.001640 
20180000.000 	 0.996613 	 0.001476 
20200000.000 	 0.996907 	 0.002505 
20220000.000 	 0.997280 	 0.002544 
20240000.000 	 0.998938 	 0.000807 
20260000.000 	 0.995610 	 0.004357 
20280000.000 	 0.996340 	 0.001906 
20300000.000 	 0.998826 	 0.001429 
20320000.000 	 0.995429 	 0.002316 
20340000.000 	 0.997328 	 0.001546 
20360000.000 	 0.994897 	 0.002686 
20380000.000 	 0.998664 	 0.001564 
20400000.000 	 0.998607 	 0.001566 
20420000.000 	 0.998206 	 0.000983 
20440000.000 	 0.997712 	 0.001222 
20460000.000 	 0.997968 	 0.001020 
20480000.000 	 0.997087 	 0.001437 
20500000.000 	 0.999329 	 0.000570 
20520000.000 	 0.998889 	 0.000962 
20540000.000 	 0.998153 	 0.001474 
20560000.000 	 0.998570 	 0.001292 
20580000.000 	 0.998297 	 0.001763 
20600000.000 	 0.997162 	 0.001759 
20620000.000 	 0.995096 	 0.003238 
20640000.000 	 0.998467 	 0.000954 
20660000.000 	 0.997276 	 0.002323 
20680000.000 	 0.999003 	 0.001036 
20700000.000 	 0.996862 	 0.003370 
20720000.000 	 0.998871 	 0.001557 
20740000.000 	 0.996816 	 0.002343 
20760000.000 	 0.998507 	 0.001164 
20780000.000 	 0.997383 	 0.003030 
20800000.000 	 0.998093 	 0.001618 
20820000.000 	 0.997612 	 0.001528 
20840000.000 	 0.998429 	 0.001446 
20860000.000 	 0.996744 	 0.003182 
20880000.000 	 0.998520 	 0.001143 
20900000.000 	 0.999020 	 0.000879 
20920000.000 	 0.997359 	 0.001886 
20940000.000 	 0.999092 	 0.000600 
20960000.000 	 0.998257 	 0.001189 
20980000.000 	 0.998652 	 0.001671 
21000000.000 	 0.997576 	 0.002744 
21020000.000 	 0.998367 	 0.001508 
21040000.000 	 0.997273 	 0.002486 
21060000.000 	 0.998913 	 0.000681 
21080000.000 	 0.998819 	 0.001145 
21100000.000 	 0.998847 	 0.000728 
21120000.000 	 0.997738 	 0.002079 
21140000.000 	 0.998431 	 0.000937 
21160000.000 	 0.998535 	 0.001269 
21180000.000 	 0.999550 	 0.000383 
21200000.000 	 0.999267 	 0.000564 
21220000.000 	 0.996211 	 0.002678 
21240000.000 	 0.997944 	 0.001882 
21260000.000 	 0.998963 	 0.000837 
21280000.000 	 0.998596 	 0.000919 
21300000.000 	 0.998455 	 0.001498 
21320000.000 	 0.998544 	 0.001215 
21340000.000 	 0.998611 	 0.001139 
21360000.000 	 0.996185 	 0.002029 
21380000.000 	 0.999426 	 0.000501 
21400000.000 	 0.999004 	 0.001347 
21420000.000 	 0.999200 	 0.000540 
21440000.000 	 0.997701 	 0.001969 
21460000.000 	 0.999102 	 0.000727 
21480000.000 	 0.998399 	 0.000993 
21500000.000 	 0.998623 	 0.000986 
21520000.000 	 0.999258 	 0.000485 
21540000.000 	 0.998549 	 0.000893 
21560000.000 	 0.998410 	 0.001424 
21580000.000 	 0.998651 	 0.000707 
21600000.000 	 0.999005 	 0.000782 
21620000.000 	 0.998515 	 0.001007 
21640000.000 	 0.996910 	 0.002113 
21660000.000 	 0.998543 	 0.000979 
21680000.000 	 0.999107 	 0.000899 
21700000.000 	 0.999501 	 0.000505 
21720000.000 	 0.997029 	 0.002182 
21740000.000 	 0.997331 	 0.003225 
21760000.000 	 0.998725 	 0.001353 
21780000.000 	 0.999151 	 0.000860 
21800000.000 	 0.999140 	 0.000812 
21820000.000 	 0.999039 	 0.000925 
21840000.000 	 0.997546 	 0.003373 
21860000.000 	 0.996890 	 0.002108 
21880000.000 	 0.998066 	 0.001396 
21900000.000 	 0.998042 	 0.001295 
21920000.000 	 0.997901 	 0.001751 
21940000.000 	 0.997992 	 0.002044 
21960000.000 	 0.996779 	 0.002285 
21980000.000 	 0.998428 	 0.001597 
22000000.000 	 0.998543 	 0.000962 
22020000.000 	 0.995096 	 0.002953 
22040000.000 	 0.997311 	 0.002962 
22060000.000 	 0.998451 	 0.001176 
22080000.000 	 0.998825 	 0.001249 
22100000.000 	 0.998723 	 0.001198 
22120000.000 	 0.998138 	 0.001012 
22140000.000 	 0.998209 	 0.001334 
22160000.000 	 0.997913 	 0.002223 
22180000.000 	 0.998641 	 0.000574 
22200000.000 	 0.998372 	 0.001524 
22220000.000 	 0.998412 	 0.000979 
22240000.000 	 0.997474 	 0.001122 
22260000.000 	 0.995907 	 0.001882 
22280000.000 	 0.997778 	 0.002043 
22300000.000 	 0.997720 	 0.001531 
22320000.000 	 0.998146 	 0.002304 
22340000.000 	 0.998330 	 0.000999 
22360000.000 	 0.999367 	 0.000487 
22380000.000 	 0.996736 	 0.002878 
22400000.000 	 0.998967 	 0.000804 
22420000.000 	 0.999151 	 0.000702 
22440000.000 	 0.999142 	 0.000644 
22460000.000 	 0.998939 	 0.000832 
22480000.000 	 0.998053 	 0.002377 
22500000.000 	 0.998697 	 0.001596 
22520000.000 	 0.998261 	 0.000991 
22540000.000 	 0.997929 	 0.000908 
22560000.000 	 0.997857 	 0.001888 
22580000.000 	 0.995348 	 0.002249 
22600000.000 	 0.998236 	 0.001201 
22620000.000 	 0.998124 	 0.001126 
22640000.000 	 0.998021 	 0.001624 
22660000.000 	 0.998004 	 0.001306 
22680000.000 	 0.998429 	 0.000850 
22700000.000 	 0.997492 	 0.001549 
22720000.000 	 0.997395 	 0.001864 
22740000.000 	 0.999112 	 0.000851 
22760000.000 	 0.999266 	 0.000767 
22780000.000 	 0.998531 	 0.001222 
22800000.000 	 0.997524 	 0.002112 
22820000.000 	 0.997986 	 0.002112 
22840000.000 	 0.998850 	 0.000973 
22860000.000 	 0.996799 	 0.004192 
22880000.000 	 0.998468 	 0.001470 
22900000.000 	 0.997530 	 0.001880 
22920000.000 	 0.998024 	 0.002277 
22940000.000 	 0.998418 	 0.001309 
22960000.000 	 0.998739 	 0.000994 
22980000.000 	 0.999542 	 0.000463 
23000000.000 	 0.998951 	 0.000704 
23020000.000 	 0.999042 	 0.000805 
23040000.000 	 0.998427 	 0.002539 
23060000.000 	 0.998779 	 0.001053 
23080000.000 	 0.999285 	 0.000709 
23100000.000 	 0.999397 	 0.000800 
23120000.000 	 0.998810 	 0.001205 
23140000.000 	 0.999075 	 0.000510 
23160000.000 	 0.998224 	 0.001584 
23180000.000 	 0.997988 	 0.001531 
23200000.000 	 0.998215 	 0.000838 
23220000.000 	 0.998591 	 0.001457 
23240000.000 	 0.998195 	 0.001238 
23260000.000 	 0.997523 	 0.003184 
23280000.000 	 0.997399 	 0.003088 
23300000.000 	 0.997515 	 0.001216 
23320000.000 	 0.998332 	 0.001824 
23340000.000 	 0.998952 	 0.000615 
23360000.000 	 0.997970 	 0.001682 
23380000.000 	 0.995900 	 0.002688 
23400000.000 	 0.997941 	 0.001773 
23420000.000 	 0.996699 	 0.001329 
23440000.000 	 0.998498 	 0.000792 
23460000.000 	 0.998977 	 0.000714 
23480000.000 	 0.996415 	 0.002860 
23500000.000 	 0.996918 	 0.002379 
23520000.000 	 0.997876 	 0.001646 
23540000.000 	 0.997467 	 0.002173 
23560000.000 	 0.998308 	 0.001535 
23580000.000 	 0.998193 	 0.001897 
23600000.000 	 0.998545 	 0.001437 
23620000.000 	 0.998805 	 0.001200 
23640000.000 	 0.998975 	 0.001293 
23660000.000 	 0.996385 	 0.002204 
23680000.000 	 0.998136 	 0.000998 
23700000.000 	 0.998890 	 0.001562 
23720000.000 	 0.998831 	 0.000845 
23740000.000 	 0.998881 	 0.000959 
23760000.000 	 0.998378 	 0.001427 
23780000.000 	 0.998546 	 0.001471 
23800000.000 	 0.996774 	 0.003119 
23820000.000 	 0.998782 	 0.000832 
23840000.000 	 0.998385 	 0.001867 
23860000.000 	 0.999404 	 0.000613 
23880000.000 	 0.999405 	 0.000673 
23900000.000 	 0.996232 	 0.003301 
23920000.000 	 0.998417 	 0.001082 
23940000.000 	 0.999189 	 0.000683 
23960000.000 	 0.999019 	 0.001025 
23980000.000 	 0.997728 	 0.001586 
24000000.000 	 0.998020 	 0.001740 
24020000.000 	 0.997179 	 0.001863 
24040000.000 	 0.999343 	 0.000759 
24060000.000 	 0.995167 	 0.002081 
24080000.000 	 0.998905 	 0.001114 
24100000.000 	 0.998862 	 0.000726 
24120000.000 	 0.997259 	 0.002108 
24140000.000 	 0.997242 	 0.002270 
24160000.000 	 0.999223 	 0.000667 
24180000.000 	 0.999332 	 0.000464 
24200000.000 	 0.998631 	 0.000750 
24220000.000 	 0.998402 	 0.001319 
24240000.000 	 0.999461 	 0.000506 
24260000.000 	 0.999028 	 0.000679 
24280000.000 	 0.994797 	 0.004120 
24300000.000 	 0.995808 	 0.003065 
24320000.000 	 0.998614 	 0.001158 
24340000.000 	 0.996426 	 0.003983 
24360000.000 	 0.998515 	 0.001234 
24380000.000 	 0.998372 	 0.001789 
24400000.000 	 0.996728 	 0.002409 
24420000.000 	 0.998872 	 0.001149 
24440000.000 	 0.998861 	 0.001344 
24460000.000 	 0.999239 	 0.000698 
24480000.000 	 0.997919 	 0.002342 
24500000.000 	 0.998960 	 0.001261 
24520000.000 	 0.998588 	 0.002034 
24540000.000 	 0.999320 	 0.000637 
24560000.000 	 0.997136 	 0.003648 
24580000.000 	 0.997940 	 0.001422 
24600000.000 	 0.998077 	 0.001866 
24620000.000 	 0.995885 	 0.002550 
24640000.000 	 0.997461 	 0.001537 
24660000.000 	 0.996924 	 0.001704 
24680000.000 	 0.999094 	 0.001207 
24700000.000 	 0.997504 	 0.002855 
24720000.000 	 0.998318 	 0.001787 
24740000.000 	 0.997519 	 0.002123 
24760000.000 	 0.998114 	 0.001651 
24780000.000 	 0.996933 	 0.002448 
24800000.000 	 0.994874 	 0.003297 
24820000.000 	 0.997453 	 0.002240 
24840000.000 	 0.998556 	 0.001092 
24860000.000 	 0.996922 	 0.001198 
24880000.000 	 0.999018 	 0.000928 
24900000.000 	 0.998757 	 0.000696 
24920000.000 	 0.998890 	 0.000863 
24940000.000 	 0.998706 	 0.000909 
24960000.000 	 0.998798 	 0.001351 
24980000.000 	 0.997703 	 0.001392 
25000000.000 	 0.999314 	 0.000627 
25020000.000 	 0.999219 	 0.000985 
25040000.000 	 0.998395 	 0.001550 
25060000.000 	 0.997255 	 0.001746 
25080000.000 	 0.999657 	 0.000316 
25100000.000 	 0.999009 	 0.000904 
25120000.000 	 0.997385 	 0.001184 
25140000.000 	 0.998701 	 0.001396 
25160000.000 	 0.998995 	 0.000923 
25180000.000 	 0.997513 	 0.002048 
25200000.000 	 0.997421 	 0.001516 
25220000.000 	 0.998814 	 0.000865 
25240000.000 	 0.998077 	 0.002274 
25260000.000 	 0.998499 	 0.001865 
25280000.000 	 0.997426 	 0.001738 
25300000.000 	 0.998806 	 0.001419 
25320000.000 	 0.996818 	 0.002622 
25340000.000 	 0.998329 	 0.001132 
25360000.000 	 0.999388 	 0.000455 
25380000.000 	 0.995413 	 0.002881 
25400000.000 	 0.994440 	 0.004119 
25420000.000 	 0.999038 	 0.001322 
25440000.000 	 0.999112 	 0.000624 
25460000.000 	 0.999532 	 0.000462 
25480000.000 	 0.998655 	 0.001494 
25500000.000 	 0.999324 	 0.000617 
25520000.000 	 0.998923 	 0.001276 
25540000.000 	 0.996247 	 0.003234 
25560000.000 	 0.999090 	 0.000857 
25580000.000 	 0.998307 	 0.002371 
25600000.000 	 0.997627 	 0.002226 
25620000.000 	 0.999633 	 0.000343 
25640000.000 	 0.999236 	 0.000771 
25660000.000 	 0.997429 	 0.001654 
25680000.000 	 0.998237 	 0.001238 
25700000.000 	 0.998747 	 0.001180 
25720000.000 	 0.998359 	 0.001225 
25740000.000 	 0.998375 	 0.001670 
25760000.000 	 0.997641 	 0.002814 
25780000.000 	 0.999152 	 0.000861 
25800000.000 	 0.999187 	 0.000676 
25820000.000 	 0.996945 	 0.002683 
25840000.000 	 0.995438 	 0.002710 
25860000.000 	 0.998969 	 0.000971 
25880000.000 	 0.997192 	 0.001388 
25900000.000 	 0.996579 	 0.002335 
25920000.000 	 0.998597 	 0.001000 
25940000.000 	 0.998084 	 0.001798 
25960000.000 	 0.997898 	 0.002370 
25980000.000 	 0.998579 	 0.001328 
26000000.000 	 0.998565 	 0.001055 
26020000.000 	 0.998876 	 0.000745 
26040000.000 	 0.999106 	 0.000481 
26060000.000 	 0.998929 	 0.000622 
26080000.000 	 0.998854 	 0.000990 
26100000.000 	 0.999165 	 0.000780 
26120000.000 	 0.998822 	 0.000800 
26140000.000 	 0.998722 	 0.001145 
26160000.000 	 0.997322 	 0.002202 
26180000.000 	 0.999480 	 0.000604 
26200000.000 	 0.999326 	 0.000660 
26220000.000 	 0.996476 	 0.001491 
26240000.000 	 0.998740 	 0.000803 
26260000.000 	 0.997642 	 0.001465 
26280000.000 	 0.997846 	 0.001052 
26300000.000 	 0.998668 	 0.001010 
26320000.000 	 0.998858 	 0.000885 
26340000.000 	 0.999549 	 0.000386 
26360000.000 	 0.998478 	 0.001160 
26380000.000 	 0.999446 	 0.000586 
26400000.000 	 0.997721 	 0.001332 
26420000.000 	 0.994644 	 0.003102 
26440000.000 	 0.997693 	 0.001423 
26460000.000 	 0.999132 	 0.000753 
26480000.000 	 0.998385 	 0.001509 
26500000.000 	 0.998608 	 0.001060 
26520000.000 	 0.998210 	 0.001487 
26540000.000 	 0.998592 	 0.000910 
26560000.000 	 0.998239 	 0.002276 
26580000.000 	 0.998974 	 0.000896 
26600000.000 	 0.998488 	 0.000925 
26620000.000 	 0.998714 	 0.001599 
26640000.000 	 0.997371 	 0.001234 
26660000.000 	 0.999182 	 0.001016 
26680000.000 	 0.999382 	 0.000542 
26700000.000 	 0.999366 	 0.000711 
26720000.000 	 0.996512 	 0.002170 
26740000.000 	 0.998326 	 0.001934 
26760000.000 	 0.998594 	 0.000792 
26780000.000 	 0.996951 	 0.002182 
26800000.000 	 0.999364 	 0.000382 
26820000.000 	 0.998939 	 0.000788 
26840000.000 	 0.998629 	 0.001012 
26860000.000 	 0.998149 	 0.002499 
26880000.000 	 0.998650 	 0.001705 
26900000.000 	 0.998525 	 0.000790 
26920000.000 	 0.999518 	 0.000479 
26940000.000 	 0.999095 	 0.000629 
26960000.000 	 0.999307 	 0.000582 
26980000.000 	 0.998333 	 0.001734 
27000000.000 	 0.999275 	 0.000606 
27020000.000 	 0.996463 	 0.002907 
27040000.000 	 0.996791 	 0.002734 
27060000.000 	 0.997763 	 0.001464 
27080000.000 	 0.998255 	 0.001285 
27100000.000 	 0.998469 	 0.001320 
27120000.000 	 0.998742 	 0.000909 
27140000.000 	 0.997027 	 0.002360 
27160000.000 	 0.999444 	 0.000538 
27180000.000 	 0.999353 	 0.000673 
27200000.000 	 0.997230 	 0.002243 
27220000.000 	 0.997546 	 0.001046 
27240000.000 	 0.999127 	 0.000843 
27260000.000 	 0.997592 	 0.002691 
27280000.000 	 0.998071 	 0.001371 
27300000.000 	 0.997392 	 0.002350 
27320000.000 	 0.998331 	 0.001293 
27340000.000 	 0.998834 	 0.001010 
27360000.000 	 0.998657 	 0.001175 
27380000.000 	 0.998202 	 0.001239 
27400000.000 	 0.999291 	 0.000533 
27420000.000 	 0.998350 	 0.001394 
27440000.000 	 0.997780 	 0.000970 
27460000.000 	 0.996189 	 0.001961 
27480000.000 	 0.994587 	 0.002793 
27500000.000 	 0.996912 	 0.001699 
27520000.000 	 0.998937 	 0.000871 
27540000.000 	 0.996500 	 0.003938 
27560000.000 	 0.995153 	 0.001932 
27580000.000 	 0.998199 	 0.001236 
27600000.000 	 0.998868 	 0.000619 
27620000.000 	 0.998794 	 0.001139 
27640000.000 	 0.998246 	 0.001500 
27660000.000 	 0.999128 	 0.000931 
27680000.000 	 0.997515 	 0.002955 
27700000.000 	 0.998805 	 0.001060 
27720000.000 	 0.996939 	 0.002416 
27740000.000 	 0.998809 	 0.000964 
27760000.000 	 0.998322 	 0.001407 
27780000.000 	 0.997656 	 0.002335 
27800000.000 	 0.998094 	 0.001495 
27820000.000 	 0.998596 	 0.001039 
27840000.000 	 0.998873 	 0.001230 
27860000.000 	 0.998883 	 0.000990 
27880000.000 	 0.998487 	 0.001672 
27900000.000 	 0.998822 	 0.000814 
27920000.000 	 0.997949 	 0.003004 
27940000.000 	 0.999042 	 0.000721 
27960000.000 	 0.999193 	 0.000937 
27980000.000 	 0.997702 	 0.001643 
28000000.000 	 0.998831 	 0.000967 
28020000.000 	 0.999175 	 0.000876 
28040000.000 	 0.998645 	 0.001206 
28060000.000 	 0.998506 	 0.001666 
28080000.000 	 0.996774 	 0.001738 
28100000.000 	 0.998163 	 0.001563 
28120000.000 	 0.999467 	 0.000656 
28140000.000 	 0.997212 	 0.001809 
28160000.000 	 0.995781 	 0.001810 
28180000.000 	 0.998111 	 0.001639 
28200000.000 	 0.998444 	 0.000850 
28220000.000 	 0.998489 	 0.001550 
28240000.000 	 0.995677 	 0.003645 
28260000.000 	 0.998506 	 0.000552 
28280000.000 	 0.998843 	 0.000922 
28300000.000 	 0.997878 	 0.001333 
28320000.000 	 0.998808 	 0.001490 
28340000.000 	 0.997121 	 0.001987 
28360000.000 	 0.997281 	 0.002857 
28380000.000 	 0.998804 	 0.000992 
28400000.000 	 0.994705 	 0.005107 
28420000.000 	 0.996234 	 0.002061 
28440000.000 	 0.998263 	 0.001363 
28460000.000 	 0.998613 	 0.001193 
28480000.000 	 0.998740 	 0.001844 
28500000.000 	 0.998249 	 0.001214 
28520000.000 	 0.999218 	 0.000944 
28540000.000 	 0.999100 	 0.000870 
28560000.000 	 0.998322 	 0.001140 
28580000.000 	 0.998540 	 0.001408 
28600000.000 	 0.996829 	 0.002530 
28620000.000 	 0.997855 	 0.001078 
28640000.000 	 0.999105 	 0.000668 
28660000.000 	 0.998739 	 0.000836 
28680000.000 	 0.998079 	 0.001273 
28700000.000 	 0.999135 	 0.001114 
28720000.000 	 0.997996 	 0.001743 
28740000.000 	 0.996854 	 0.002937 
28760000.000 	 0.995196 	 0.003047 
28780000.000 	 0.999043 	 0.001318 
28800000.000 	 0.996621 	 0.004533 
28820000.000 	 0.998053 	 0.002301 
28840000.000 	 0.998572 	 0.001498 
28860000.000 	 0.999019 	 0.000971 
28880000.000 	 0.994802 	 0.003362 
28900000.000 	 0.991570 	 0.003816 
28920000.000 	 0.999127 	 0.000655 
28940000.000 	 0.997467 	 0.001903 
28960000.000 	 0.998416 	 0.001367 
28980000.000 	 0.994371 	 0.002384 
29000000.000 	 0.995344 	 0.003343 
29020000.000 	 0.998158 	 0.001486 
29040000.000 	 0.998665 	 0.001011 
29060000.000 	 0.998924 	 0.001359 
29080000.000 	 0.997304 	 0.003154 
29100000.000 	 0.998878 	 0.001247 
29120000.000 	 0.996484 	 0.003744 
29140000.000 	 0.998247 	 0.001361 
29160000.000 	 0.997412 	 0.001575 
29180000.000 	 0.998966 	 0.001271 
29200000.000 	 0.998567 	 0.000904 
29220000.000 	 0.997321 	 0.002991 
29240000.000 	 0.997429 	 0.001874 
29260000.000 	 0.998493 	 0.000882 
29280000.000 	 0.997414 	 0.002203 
29300000.000 	 0.998333 	 0.001290 
29320000.000 	 0.998468 	 0.001998 
29340000.000 	 0.998807 	 0.000910 
29360000.000 	 0.996835 	 0.001721 
29380000.000 	 0.997458 	 0.001548 
29400000.000 	 0.996594 	 0.001829 
29420000.000 	 0.996004 	 0.002082 
29440000.000 	 0.998206 	 0.001335 
29460000.000 	 0.998158 	 0.001858 
29480000.000 	 0.997903 	 0.001416 
29500000.000 	 0.998140 	 0.001728 
29520000.000 	 0.996987 	 0.001406 
29540000.000 	 0.997647 	 0.001605 
29560000.000 	 0.999122 	 0.000699 
29580000.000 	 0.998253 	 0.001253 
29600000.000 	 0.998496 	 0.000824 
29620000.000 	 0.998697 	 0.000781 
29640000.000 	 0.998026 	 0.001331 
29660000.000 	 0.994577 	 0.003112 
29680000.000 	 0.998628 	 0.001117 
29700000.000 	 0.999059 	 0.000869 
29720000.000 	 0.998395 	 0.001292 
29740000.000 	 0.998894 	 0.000890 
29760000.000 	 0.998742 	 0.000993 
29780000.000 	 0.998851 	 0.000620 
29800000.000 	 0.998556 	 0.001114 
29820000.000 	 0.999137 	 0.000809 
29840000.000 	 0.998812 	 0.000990 
29860000.000 	 0.998554 	 0.000985 
29880000.000 	 0.997430 	 0.003475 
29900000.000 	 0.997864 	 0.001145 
29920000.000 	 0.997678 	 0.001396 
29940000.000 	 0.995968 	 0.002968 
29960000.000 	 0.999304 	 0.000748 
29980000.000 	 0.999031 	 0.000852 
30000000.000 	 0.997683 	 0.002556 
30020000.000 	 0.998758 	 0.001548 
30040000.000 	 0.997579 	 0.003029 
30060000.000 	 0.998766 	 0.000837 
30080000.000 	 0.999368 	 0.000647 
30100000.000 	 0.998461 	 0.002243 
30120000.000 	 0.997265 	 0.001743 
30140000.000 	 0.995491 	 0.003435 
30160000.000 	 0.997474 	 0.002500 
30180000.000 	 0.998355 	 0.002177 
30200000.000 	 0.995710 	 0.001828 
30220000.000 	 0.999247 	 0.001146 
30240000.000 	 0.999299 	 0.000548 
30260000.000 	 0.998614 	 0.001157 
30280000.000 	 0.997395 	 0.001585 
30300000.000 	 0.996315 	 0.004152 
30320000.000 	 0.998370 	 0.001116 
30340000.000 	 0.998288 	 0.001545 
30360000.000 	 0.998557 	 0.000874 
30380000.000 	 0.998881 	 0.000970 
30400000.000 	 0.998060 	 0.001094 
30420000.000 	 0.996902 	 0.001960 
30440000.000 	 0.997812 	 0.001619 
30460000.000 	 0.997584 	 0.002150 
30480000.000 	 0.994275 	 0.002246 
30500000.000 	 0.997353 	 0.003337 
30520000.000 	 0.998902 	 0.000738 
30540000.000 	 0.995181 	 0.003841 
30560000.000 	 0.997789 	 0.001435 
30580000.000 	 0.996823 	 0.004547 
30600000.000 	 0.998381 	 0.001147 
30620000.000 	 0.995523 	 0.001616 
30640000.000 	 0.998786 	 0.001531 
30660000.000 	 0.999463 	 0.000434 
30680000.000 	 0.998379 	 0.002408 
30700000.000 	 0.999614 	 0.000441 
30720000.000 	 0.999296 	 0.001109 
30740000.000 	 0.998137 	 0.001676 
30760000.000 	 0.998937 	 0.000826 
30780000.000 	 0.994802 	 0.003108 
30800000.000 	 0.997454 	 0.001543 
30820000.000 	 0.997501 	 0.002610 
30840000.000 	 0.998109 	 0.001304 
30860000.000 	 0.998509 	 0.001024 
30880000.000 	 0.998463 	 0.001402 
30900000.000 	 0.997823 	 0.001800 
30920000.000 	 0.998196 	 0.001877 
30940000.000 	 0.997804 	 0.001225 
30960000.000 	 0.998073 	 0.001400 
30980000.000 	 0.998053 	 0.002496 
31000000.000 	 0.999622 	 0.000383 
31020000.000 	 0.998538 	 0.001868 
31040000.000 	 0.998216 	 0.001440 
31060000.000 	 0.998885 	 0.000679 
31080000.000 	 0.998558 	 0.001266 
31100000.000 	 0.998785 	 0.000914 
31120000.000 	 0.998512 	 0.000958 
31140000.000 	 0.998361 	 0.001659 
31160000.000 	 0.998571 	 0.001519 
31180000.000 	 0.998457 	 0.001563 
31200000.000 	 0.998555 	 0.001431 
31220000.000 	 0.997578 	 0.002541 
31240000.000 	 0.998837 	 0.000916 
31260000.000 	 0.997735 	 0.001113 
31280000.000 	 0.998765 	 0.001434 
31300000.000 	 0.997527 	 0.001830 
31320000.000 	 0.998596 	 0.000933 
31340000.000 	 0.997516 	 0.001084 
31360000.000 	 0.997785 	 0.002005 
31380000.000 	 0.998911 	 0.000970 
31400000.000 	 0.998546 	 0.001096 
31420000.000 	 0.997475 	 0.002496 
31440000.000 	 0.998982 	 0.000855 
31460000.000 	 0.998179 	 0.001151 
31480000.000 	 0.997672 	 0.002565 
31500000.000 	 0.998033 	 0.001916 
31520000.000 	 0.995519 	 0.002723 
31540000.000 	 0.997629 	 0.002525 
31560000.000 	 0.998176 	 0.001528 
31580000.000 	 0.998869 	 0.000622 
31600000.000 	 0.998504 	 0.001108 
31620000.000 	 0.994498 	 0.004118 
31640000.000 	 0.997431 	 0.002944 
31660000.000 	 0.993925 	 0.003411 
31680000.000 	 0.993429 	 0.003166 
31700000.000 	 0.998537 	 0.000794 
31720000.000 	 0.998545 	 0.001119 
31740000.000 	 0.997180 	 0.001739 
31760000.000 	 0.998733 	 0.001038 
31780000.000 	 0.998909 	 0.001100 
31800000.000 	 0.998582 	 0.000878 
31820000.000 	 0.999487 	 0.000445 
31840000.000 	 0.999274 	 0.000827 
31860000.000 	 0.997337 	 0.002036 
31880000.000 	 0.997526 	 0.001411 
31900000.000 	 0.997601 	 0.002458 
31920000.000 	 0.995303 	 0.003490 
31940000.000 	 0.998947 	 0.000690 
31960000.000 	 0.997073 	 0.001656 
31980000.000 	 0.998905 	 0.000726 
32000000.000 	 0.998484 	 0.000898 
32020000.000 	 0.998350 	 0.001255 
32040000.000 	 0.998898 	 0.000821 
32060000.000 	 0.995143 	 0.002812 
32080000.000 	 0.997979 	 0.001940 
32100000.000 	 0.996074 	 0.002553 
32120000.000 	 0.998498 	 0.001203 
32140000.000 	 0.999434 	 0.000601 
32160000.000 	 0.998630 	 0.000734 
32180000.000 	 0.997361 	 0.002026 
32200000.000 	 0.998582 	 0.001836 
32220000.000 	 0.997865 	 0.001756 
32240000.000 	 0.995217 	 0.002047 
32260000.000 	 0.999524 	 0.000455 
32280000.000 	 0.999148 	 0.001134 
32300000.000 	 0.999566 	 0.000450 
32320000.000 	 0.996916 	 0.003031 
32340000.000 	 0.998057 	 0.002187 
32360000.000 	 0.998850 	 0.001435 
32380000.000 	 0.998518 	 0.001914 
32400000.000 	 0.995469 	 0.004468 
32420000.000 	 0.996872 	 0.002805 
32440000.000 	 0.996616 	 0.002524 
32460000.000 	 0.996641 	 0.003468 
32480000.000 	 0.997880 	 0.001600 
32500000.000 	 0.999349 	 0.000441 
32520000.000 	 0.997312 	 0.001255 
32540000.000 	 0.998535 	 0.001007 
32560000.000 	 0.997535 	 0.001525 
32580000.000 	 0.997831 	 0.001507 
32600000.000 	 0.998803 	 0.001488 
32620000.000 	 0.997840 	 0.001137 
32640000.000 	 0.998427 	 0.001063 
32660000.000 	 0.998455 	 0.001060 
32680000.000 	 0.999077 	 0.000603 
32700000.000 	 0.995494 	 0.004156 
32720000.000 	 0.998353 	 0.001073 
32740000.000 	 0.998507 	 0.001102 
32760000.000 	 0.996752 	 0.003442 
32780000.000 	 0.997494 	 0.002384 
32800000.000 	 0.997911 	 0.002003 
32820000.000 	 0.997830 	 0.001987 
32840000.000 	 0.998034 	 0.001688 
32860000.000 	 0.999574 	 0.000397 
32880000.000 	 0.996964 	 0.001188 
32900000.000 	 0.998780 	 0.001388 
32920000.000 	 0.997083 	 0.002492 
32940000.000 	 0.996990 	 0.003675 
32960000.000 	 0.997682 	 0.002106 
32980000.000 	 0.995260 	 0.003588 
33000000.000 	 0.997314 	 0.001493 
33020000.000 	 0.995585 	 0.002551 
33040000.000 	 0.997769 	 0.001403 
33060000.000 	 0.998112 	 0.000957 
33080000.000 	 0.997889 	 0.002180 
33100000.000 	 0.998920 	 0.000760 
33120000.000 	 0.998814 	 0.000675 
33140000.000 	 0.998541 	 0.001313 
33160000.000 	 0.999211 	 0.000591 
33180000.000 	 0.998070 	 0.001495 
33200000.000 	 0.997690 	 0.002718 
33220000.000 	 0.997991 	 0.001456 
33240000.000 	 0.997979 	 0.001769 
33260000.000 	 0.999505 	 0.000409 
33280000.000 	 0.999000 	 0.000949 
33300000.000 	 0.999161 	 0.000495 
33320000.000 	 0.998752 	 0.000944 
33340000.000 	 0.999452 	 0.000708 
33360000.000 	 0.999028 	 0.000799 
33380000.000 	 0.997927 	 0.001651 
33400000.000 	 0.995465 	 0.003553 
33420000.000 	 0.997921 	 0.001337 
33440000.000 	 0.998895 	 0.000929 
33460000.000 	 0.998702 	 0.001002 
33480000.000 	 0.998503 	 0.001334 
33500000.000 	 0.998471 	 0.001339 
33520000.000 	 0.995810 	 0.004324 
33540000.000 	 0.996937 	 0.002161 
33560000.000 	 0.997343 	 0.000974 
33580000.000 	 0.999031 	 0.000634 
33600000.000 	 0.998449 	 0.001464 
33620000.000 	 0.997221 	 0.001988 
33640000.000 	 0.998073 	 0.001650 
33660000.000 	 0.999273 	 0.000940 
33680000.000 	 0.998464 	 0.001128 
33700000.000 	 0.998492 	 0.001078 
33720000.000 	 0.999234 	 0.000596 
33740000.000 	 0.997343 	 0.001757 
33760000.000 	 0.998842 	 0.000816 
33780000.000 	 0.997017 	 0.002809 
33800000.000 	 0.997930 	 0.001461 
33820000.000 	 0.998675 	 0.001693 
33840000.000 	 0.997475 	 0.002601 
33860000.000 	 0.998204 	 0.001659 
33880000.000 	 0.997484 	 0.001243 
33900000.000 	 0.999036 	 0.001550 
33920000.000 	 0.998303 	 0.002512 
33940000.000 	 0.999063 	 0.000974 
33960000.000 	 0.999017 	 0.000873 
33980000.000 	 0.998044 	 0.002264 
34000000.000 	 0.998408 	 0.001009 
34020000.000 	 0.997740 	 0.002807 
34040000.000 	 0.996216 	 0.001299 
34060000.000 	 0.996613 	 0.002697 
34080000.000 	 0.998836 	 0.001293 
34100000.000 	 0.998201 	 0.001476 
34120000.000 	 0.998204 	 0.001355 
34140000.000 	 0.998647 	 0.001831 
34160000.000 	 0.998476 	 0.001988 
34180000.000 	 0.998589 	 0.001354 
34200000.000 	 0.999114 	 0.001246 
34220000.000 	 0.997342 	 0.002652 
34240000.000 	 0.998603 	 0.001050 
34260000.000 	 0.998926 	 0.001131 
34280000.000 	 0.999399 	 0.000683 
34300000.000 	 0.999407 	 0.000549 
34320000.000 	 0.998571 	 0.001427 
34340000.000 	 0.999047 	 0.000799 
34360000.000 	 0.997747 	 0.001690 
34380000.000 	 0.998226 	 0.001412 
34400000.000 	 0.997532 	 0.002291 
34420000.000 	 0.997672 	 0.001524 
34440000.000 	 0.994916 	 0.002494 
34460000.000 	 0.996495 	 0.002103 
34480000.000 	 0.999345 	 0.000470 
34500000.000 	 0.999182 	 0.000543 
34520000.000 	 0.998633 	 0.001548 
34540000.000 	 0.998651 	 0.001079 
34560000.000 	 0.998864 	 0.000777 
34580000.000 	 0.999061 	 0.001347 
34600000.000 	 0.998660 	 0.001153 
34620000.000 	 0.999492 	 0.000461 
34640000.000 	 0.998377 	 0.001523 
34660000.000 	 0.998827 	 0.000570 
34680000.000 	 0.998144 	 0.001057 
34700000.000 	 0.998525 	 0.001535 
34720000.000 	 0.998263 	 0.001341 
34740000.000 	 0.997045 	 0.001543 
34760000.000 	 0.998114 	 0.001920 
34780000.000 	 0.998904 	 0.001240 
34800000.000 	 0.998823 	 0.001292 
34820000.000 	 0.999205 	 0.000883 
34840000.000 	 0.998126 	 0.001725 
34860000.000 	 0.997573 	 0.001515 
34880000.000 	 0.997521 	 0.002295 
34900000.000 	 0.998084 	 0.001930 
34920000.000 	 0.997775 	 0.001633 
34940000.000 	 0.998167 	 0.000996 
34960000.000 	 0.998549 	 0.001086 
34980000.000 	 0.999165 	 0.000969 
35000000.000 	 0.999048 	 0.000735 
35020000.000 	 0.997018 	 0.003257 
35040000.000 	 0.997126 	 0.003289 
35060000.000 	 0.995735 	 0.004065 
35080000.000 	 0.998050 	 0.001385 
35100000.000 	 0.997823 	 0.001789 
35120000.000 	 0.997918 	 0.001418 
35140000.000 	 0.993419 	 0.003642 
35160000.000 	 0.998341 	 0.001100 
35180000.000 	 0.998538 	 0.001304 
35200000.000 	 0.998554 	 0.001107 
35220000.000 	 0.998058 	 0.001958 
35240000.000 	 0.998951 	 0.001280 
35260000.000 	 0.998901 	 0.001067 
35280000.000 	 0.999240 	 0.000726 
35300000.000 	 0.997989 	 0.001480 
35320000.000 	 0.998548 	 0.001392 
35340000.000 	 0.999465 	 0.000554 
35360000.000 	 0.998509 	 0.001312 
35380000.000 	 0.996631 	 0.001740 
35400000.000 	 0.998267 	 0.001530 
35420000.000 	 0.998998 	 0.000779 
35440000.000 	 0.998453 	 0.001034 
35460000.000 	 0.998527 	 0.000817 
35480000.000 	 0.999525 	 0.000550 
35500000.000 	 0.999084 	 0.000828 
35520000.000 	 0.998179 	 0.002982 
35540000.000 	 0.999097 	 0.000711 
35560000.000 	 0.998872 	 0.000953 
35580000.000 	 0.998721 	 0.001229 
35600000.000 	 0.998321 	 0.001560 
35620000.000 	 0.999013 	 0.000653 
35640000.000 	 0.999143 	 0.000719 
35660000.000 	 0.998967 	 0.000992 
35680000.000 	 0.998687 	 0.000852 
35700000.000 	 0.999137 	 0.000545 
35720000.000 	 0.998094 	 0.001212 
35740000.000 	 0.999368 	 0.000820 
35760000.000 	 0.998442 	 0.001894 
35780000.000 	 0.998382 	 0.001734 
35800000.000 	 0.999409 	 0.000711 
35820000.000 	 0.997934 	 0.002718 
35840000.000 	 0.997840 	 0.001651 
35860000.000 	 0.994801 	 0.003339 
35880000.000 	 0.998212 	 0.001005 
35900000.000 	 0.998502 	 0.001553 
35920000.000 	 0.999041 	 0.000765 
35940000.000 	 0.997021 	 0.006697 
35960000.000 	 0.998989 	 0.000985 
35980000.000 	 0.999121 	 0.000624 
36000000.000 	 0.997851 	 0.001899 
36020000.000 	 0.998387 	 0.001225 
36040000.000 	 0.997923 	 0.001980 
36060000.000 	 0.998091 	 0.001723 
36080000.000 	 0.998208 	 0.001582 
36100000.000 	 0.998575 	 0.000975 
36120000.000 	 0.999021 	 0.000916 
36140000.000 	 0.999676 	 0.000294 
36160000.000 	 0.995741 	 0.002276 
36180000.000 	 0.998291 	 0.001359 
36200000.000 	 0.997618 	 0.001189 
36220000.000 	 0.995722 	 0.002118 
36240000.000 	 0.997089 	 0.001496 
36260000.000 	 0.999412 	 0.001005 
36280000.000 	 0.999255 	 0.000892 
36300000.000 	 0.998836 	 0.001239 
36320000.000 	 0.998160 	 0.001142 
36340000.000 	 0.997837 	 0.001834 
36360000.000 	 0.998381 	 0.001055 
36380000.000 	 0.998157 	 0.001675 
36400000.000 	 0.998306 	 0.003185 
36420000.000 	 0.997331 	 0.001847 
36440000.000 	 0.998706 	 0.001034 
36460000.000 	 0.998497 	 0.000997 
36480000.000 	 0.998669 	 0.001349 
36500000.000 	 0.998255 	 0.001034 
36520000.000 	 0.998777 	 0.000793 
36540000.000 	 0.999078 	 0.000764 
36560000.000 	 0.998358 	 0.001505 
36580000.000 	 0.998182 	 0.002034 
36600000.000 	 0.998556 	 0.000884 
36620000.000 	 0.997890 	 0.001942 
36640000.000 	 0.998130 	 0.001566 
36660000.000 	 0.997228 	 0.002510 
36680000.000 	 0.997873 	 0.001928 
36700000.000 	 0.998903 	 0.001240 
36720000.000 	 0.998865 	 0.001317 
36740000.000 	 0.998530 	 0.001206 
36760000.000 	 0.997569 	 0.001461 
36780000.000 	 0.999318 	 0.001573 
36800000.000 	 0.996227 	 0.002142 
36820000.000 	 0.998448 	 0.001691 
36840000.000 	 0.998581 	 0.001054 
36860000.000 	 0.998836 	 0.001216 
36880000.000 	 0.996872 	 0.001954 
36900000.000 	 0.998965 	 0.000905 
36920000.000 	 0.998045 	 0.001314 
36940000.000 	 0.998628 	 0.000729 
36960000.000 	 0.999028 	 0.000895 
36980000.000 	 0.998621 	 0.000836 
37000000.000 	 0.997801 	 0.001589 
37020000.000 	 0.999022 	 0.001173 
37040000.000 	 0.999630 	 0.000305 
37060000.000 	 0.999252 	 0.000728 
37080000.000 	 0.998843 	 0.001003 
37100000.000 	 0.999439 	 0.000483 
37120000.000 	 0.995998 	 0.003432 
37140000.000 	 0.999115 	 0.001026 
37160000.000 	 0.999184 	 0.000975 
37180000.000 	 0.998749 	 0.001085 
37200000.000 	 0.996843 	 0.001982 
37220000.000 	 0.996580 	 0.001633 
37240000.000 	 0.999340 	 0.000972 
37260000.000 	 0.998416 	 0.000952 
37280000.000 	 0.997087 	 0.002700 
37300000.000 	 0.998450 	 0.001427 
37320000.000 	 0.997854 	 0.001529 
37340000.000 	 0.996860 	 0.001831 
37360000.000 	 0.998430 	 0.000861 
37380000.000 	 0.998823 	 0.000705 
37400000.000 	 0.999056 	 0.001271 
37420000.000 	 0.997742 	 0.002416 
37440000.000 	 0.998866 	 0.001083 
37460000.000 	 0.998072 	 0.001993 
37480000.000 	 0.998477 	 0.001444 
37500000.000 	 0.998945 	 0.001302 
37520000.000 	 0.998228 	 0.002245 
37540000.000 	 0.999093 	 0.000703 
37560000.000 	 0.998799 	 0.000595 
37580000.000 	 0.998972 	 0.000736 
37600000.000 	 0.997977 	 0.001784 
37620000.000 	 0.998534 	 0.001234 
37640000.000 	 0.998581 	 0.001005 
37660000.000 	 0.998951 	 0.000881 
37680000.000 	 0.998427 	 0.002730 
37700000.000 	 0.999294 	 0.000454 
37720000.000 	 0.996593 	 0.002878 
37740000.000 	 0.995367 	 0.002340 
37760000.000 	 0.998238 	 0.001443 
37780000.000 	 0.997737 	 0.000928 
37800000.000 	 0.995645 	 0.001310 
37820000.000 	 0.995796 	 0.002125 
37840000.000 	 0.997099 	 0.001356 
37860000.000 	 0.997512 	 0.001436 
37880000.000 	 0.993717 	 0.003058 
37900000.000 	 0.995547 	 0.002288 
37920000.000 	 0.997791 	 0.001303 
37940000.000 	 0.999134 	 0.000753 
37960000.000 	 0.997852 	 0.001404 
37980000.000 	 0.998843 	 0.000783 
38000000.000 	 0.998858 	 0.001015 
38020000.000 	 0.998805 	 0.001383 
38040000.000 	 0.995996 	 0.002841 
38060000.000 	 0.998561 	 0.000928 
38080000.000 	 0.997635 	 0.001734 
38100000.000 	 0.999378 	 0.000427 
38120000.000 	 0.997907 	 0.001830 
38140000.000 	 0.997167 	 0.003765 
38160000.000 	 0.998246 	 0.001197 
38180000.000 	 0.999497 	 0.000679 
38200000.000 	 0.998562 	 0.001451 
38220000.000 	 0.998720 	 0.001522 
38240000.000 	 0.999082 	 0.000880 
38260000.000 	 0.998447 	 0.000902 
38280000.000 	 0.998871 	 0.001027 
38300000.000 	 0.997488 	 0.001976 
38320000.000 	 0.999352 	 0.000925 
38340000.000 	 0.997092 	 0.001621 
38360000.000 	 0.998459 	 0.001482 
38380000.000 	 0.998654 	 0.001364 
38400000.000 	 0.998987 	 0.001402 
38420000.000 	 0.998943 	 0.000937 
38440000.000 	 0.998198 	 0.001561 
38460000.000 	 0.997851 	 0.001109 
38480000.000 	 0.998592 	 0.001037 
38500000.000 	 0.999351 	 0.000739 
38520000.000 	 0.999038 	 0.001306 
38540000.000 	 0.998966 	 0.000917 
38560000.000 	 0.998436 	 0.001167 
38580000.000 	 0.998174 	 0.001642 
38600000.000 	 0.995136 	 0.005082 
38620000.000 	 0.998395 	 0.001736 
38640000.000 	 0.998707 	 0.001223 
38660000.000 	 0.999321 	 0.000433 
38680000.000 	 0.999503 	 0.000521 
38700000.000 	 0.999489 	 0.000705 
38720000.000 	 0.999140 	 0.000739 
38740000.000 	 0.999032 	 0.001121 
38760000.000 	 0.999206 	 0.000592 
38780000.000 	 0.999042 	 0.000785 
38800000.000 	 0.998813 	 0.001136 
38820000.000 	 0.998165 	 0.001827 
38840000.000 	 0.998322 	 0.001094 
38860000.000 	 0.998288 	 0.001081 
38880000.000 	 0.998329 	 0.001299 
38900000.000 	 0.999044 	 0.000800 
38920000.000 	 0.997613 	 0.001952 
38940000.000 	 0.998428 	 0.001274 
38960000.000 	 0.996509 	 0.003979 
38980000.000 	 0.998046 	 0.001279 
39000000.000 	 0.998341 	 0.001161 
39020000.000 	 0.998860 	 0.001050 
39040000.000 	 0.998336 	 0.001681 
39060000.000 	 0.998494 	 0.001699 
39080000.000 	 0.999393 	 0.000546 
39100000.000 	 0.998876 	 0.000666 
39120000.000 	 0.997677 	 0.001420 
39140000.000 	 0.998211 	 0.003256 
39160000.000 	 0.998255 	 0.002155 
39180000.000 	 0.998524 	 0.001208 
39200000.000 	 0.998342 	 0.001594 
39220000.000 	 0.998767 	 0.000826 
39240000.000 	 0.998533 	 0.000987 
39260000.000 	 0.999010 	 0.000931 
39280000.000 	 0.999282 	 0.000549 
39300000.000 	 0.998586 	 0.000883 
39320000.000 	 0.998937 	 0.000909 
39340000.000 	 0.996132 	 0.001796 
39360000.000 	 0.997379 	 0.001594 
39380000.000 	 0.997654 	 0.001905 
39400000.000 	 0.999095 	 0.000858 
39420000.000 	 0.999075 	 0.000960 
39440000.000 	 0.998188 	 0.001794 
39460000.000 	 0.999052 	 0.000624 
39480000.000 	 0.997683 	 0.001967 
39500000.000 	 0.997639 	 0.001165 
39520000.000 	 0.996572 	 0.001687 
39540000.000 	 0.998746 	 0.001090 
39560000.000 	 0.999447 	 0.000492 
39580000.000 	 0.998387 	 0.001246 
39600000.000 	 0.998731 	 0.001055 
39620000.000 	 0.997397 	 0.001614 
39640000.000 	 0.996434 	 0.001912 
39660000.000 	 0.999003 	 0.001837 
