       0.000 	 0.950153 	 0.036081 
   20000.000 	 0.950036 	 0.039533 
   40000.000 	 0.940156 	 0.043506 
   60000.000 	 0.953211 	 0.040417 
   80000.000 	 0.951268 	 0.045643 
  100000.000 	 0.949929 	 0.041931 
  120000.000 	 0.954730 	 0.040175 
  140000.000 	 0.961950 	 0.036836 
  160000.000 	 0.968639 	 0.028323 
  180000.000 	 0.968276 	 0.034486 
  200000.000 	 0.973374 	 0.023111 
  220000.000 	 0.969369 	 0.028822 
  240000.000 	 0.972339 	 0.026932 
  260000.000 	 0.973062 	 0.028743 
  280000.000 	 0.972862 	 0.030364 
  300000.000 	 0.968276 	 0.031496 
  320000.000 	 0.972304 	 0.027511 
  340000.000 	 0.977521 	 0.025857 
  360000.000 	 0.979546 	 0.023784 
  380000.000 	 0.979148 	 0.023131 
  400000.000 	 0.978803 	 0.028682 
  420000.000 	 0.976210 	 0.032440 
  440000.000 	 0.985280 	 0.014254 
  460000.000 	 0.976714 	 0.028553 
  480000.000 	 0.977924 	 0.027852 
  500000.000 	 0.979089 	 0.025944 
  520000.000 	 0.983664 	 0.020725 
  540000.000 	 0.984714 	 0.022131 
  560000.000 	 0.982095 	 0.021629 
  580000.000 	 0.980531 	 0.023426 
  600000.000 	 0.982244 	 0.025172 
  620000.000 	 0.984113 	 0.021380 
  640000.000 	 0.986697 	 0.015535 
  660000.000 	 0.984900 	 0.013391 
  680000.000 	 0.983670 	 0.017067 
  700000.000 	 0.988545 	 0.012238 
  720000.000 	 0.988296 	 0.017192 
  740000.000 	 0.990214 	 0.018024 
  760000.000 	 0.988350 	 0.023041 
  780000.000 	 0.987561 	 0.016517 
  800000.000 	 0.986096 	 0.018519 
  820000.000 	 0.991909 	 0.011610 
  840000.000 	 0.987609 	 0.010618 
  860000.000 	 0.989150 	 0.015607 
  880000.000 	 0.991985 	 0.012160 
  900000.000 	 0.991573 	 0.011749 
  920000.000 	 0.985930 	 0.025353 
  940000.000 	 0.988156 	 0.018302 
  960000.000 	 0.987291 	 0.019473 
  980000.000 	 0.992835 	 0.007796 
 1000000.000 	 0.991978 	 0.009274 
 1020000.000 	 0.992062 	 0.009965 
 1040000.000 	 0.989670 	 0.012495 
 1060000.000 	 0.991199 	 0.010164 
 1080000.000 	 0.991729 	 0.011168 
 1100000.000 	 0.989388 	 0.020725 
 1120000.000 	 0.991699 	 0.012897 
 1140000.000 	 0.991797 	 0.006501 
 1160000.000 	 0.989561 	 0.009851 
 1180000.000 	 0.990367 	 0.008559 
 1200000.000 	 0.989035 	 0.017534 
 1220000.000 	 0.989271 	 0.015836 
 1240000.000 	 0.991287 	 0.010394 
 1260000.000 	 0.988977 	 0.008417 
 1280000.000 	 0.991715 	 0.010366 
 1300000.000 	 0.990195 	 0.013563 
 1320000.000 	 0.993024 	 0.009620 
 1340000.000 	 0.993686 	 0.012827 
 1360000.000 	 0.992487 	 0.019047 
 1380000.000 	 0.990606 	 0.016040 
 1400000.000 	 0.986939 	 0.016007 
 1420000.000 	 0.990144 	 0.010824 
 1440000.000 	 0.993295 	 0.006489 
 1460000.000 	 0.993419 	 0.005967 
 1480000.000 	 0.993603 	 0.008218 
 1500000.000 	 0.995605 	 0.007940 
 1520000.000 	 0.991360 	 0.009434 
 1540000.000 	 0.994073 	 0.009674 
 1560000.000 	 0.990648 	 0.012512 
 1580000.000 	 0.994345 	 0.004713 
 1600000.000 	 0.992848 	 0.007839 
 1620000.000 	 0.990804 	 0.011009 
 1640000.000 	 0.991433 	 0.012522 
 1660000.000 	 0.990970 	 0.010776 
 1680000.000 	 0.993785 	 0.008380 
 1700000.000 	 0.992245 	 0.010131 
 1720000.000 	 0.991318 	 0.013483 
 1740000.000 	 0.993803 	 0.007282 
 1760000.000 	 0.994437 	 0.006349 
 1780000.000 	 0.988782 	 0.011946 
 1800000.000 	 0.993082 	 0.008983 
 1820000.000 	 0.993261 	 0.008788 
 1840000.000 	 0.988092 	 0.011938 
 1860000.000 	 0.993157 	 0.012916 
 1880000.000 	 0.993392 	 0.013934 
 1900000.000 	 0.992231 	 0.009030 
 1920000.000 	 0.993257 	 0.009322 
 1940000.000 	 0.991954 	 0.008507 
 1960000.000 	 0.996423 	 0.005117 
 1980000.000 	 0.994172 	 0.012759 
 2000000.000 	 0.991147 	 0.009735 
 2020000.000 	 0.993490 	 0.010894 
 2040000.000 	 0.993478 	 0.006044 
 2060000.000 	 0.995016 	 0.009237 
 2080000.000 	 0.994479 	 0.010503 
 2100000.000 	 0.993370 	 0.010302 
 2120000.000 	 0.991239 	 0.009860 
 2140000.000 	 0.993957 	 0.010259 
 2160000.000 	 0.993030 	 0.009352 
 2180000.000 	 0.994952 	 0.009581 
 2200000.000 	 0.996052 	 0.003747 
 2220000.000 	 0.996251 	 0.004962 
 2240000.000 	 0.994724 	 0.011113 
 2260000.000 	 0.993913 	 0.004893 
 2280000.000 	 0.994748 	 0.007296 
 2300000.000 	 0.994388 	 0.005323 
 2320000.000 	 0.993295 	 0.007026 
 2340000.000 	 0.992527 	 0.007968 
 2360000.000 	 0.993307 	 0.008869 
 2380000.000 	 0.994587 	 0.005997 
 2400000.000 	 0.995954 	 0.004772 
 2420000.000 	 0.995986 	 0.005149 
 2440000.000 	 0.990996 	 0.011847 
 2460000.000 	 0.995990 	 0.007092 
 2480000.000 	 0.993810 	 0.008268 
 2500000.000 	 0.996671 	 0.004571 
 2520000.000 	 0.994587 	 0.011333 
 2540000.000 	 0.995533 	 0.005683 
 2560000.000 	 0.996835 	 0.004012 
 2580000.000 	 0.993221 	 0.007011 
 2600000.000 	 0.996364 	 0.003484 
 2620000.000 	 0.994519 	 0.006372 
 2640000.000 	 0.993968 	 0.008918 
 2660000.000 	 0.996011 	 0.006079 
 2680000.000 	 0.995527 	 0.004782 
 2700000.000 	 0.994893 	 0.004538 
 2720000.000 	 0.995132 	 0.008033 
 2740000.000 	 0.993212 	 0.007709 
 2760000.000 	 0.994904 	 0.005363 
 2780000.000 	 0.996898 	 0.003498 
 2800000.000 	 0.993967 	 0.006710 
 2820000.000 	 0.997240 	 0.003575 
 2840000.000 	 0.995423 	 0.004340 
 2860000.000 	 0.995483 	 0.004889 
 2880000.000 	 0.996042 	 0.006637 
 2900000.000 	 0.996522 	 0.005713 
 2920000.000 	 0.995902 	 0.005633 
 2940000.000 	 0.995875 	 0.003923 
 2960000.000 	 0.995888 	 0.003724 
 2980000.000 	 0.998627 	 0.001573 
 3000000.000 	 0.996202 	 0.004352 
 3020000.000 	 0.997696 	 0.002297 
 3040000.000 	 0.993360 	 0.006574 
 3060000.000 	 0.993717 	 0.005351 
 3080000.000 	 0.995850 	 0.007172 
 3100000.000 	 0.997053 	 0.003534 
 3120000.000 	 0.997038 	 0.002869 
 3140000.000 	 0.997725 	 0.003977 
 3160000.000 	 0.996967 	 0.003655 
 3180000.000 	 0.997995 	 0.002103 
 3200000.000 	 0.996161 	 0.003339 
 3220000.000 	 0.997277 	 0.002845 
 3240000.000 	 0.997816 	 0.002113 
 3260000.000 	 0.996937 	 0.004331 
 3280000.000 	 0.997164 	 0.003392 
 3300000.000 	 0.997399 	 0.004601 
 3320000.000 	 0.996298 	 0.004540 
 3340000.000 	 0.996488 	 0.003679 
 3360000.000 	 0.995910 	 0.004202 
 3380000.000 	 0.997734 	 0.002412 
 3400000.000 	 0.997450 	 0.002468 
 3420000.000 	 0.995677 	 0.003310 
 3440000.000 	 0.992229 	 0.006551 
 3460000.000 	 0.997937 	 0.003225 
 3480000.000 	 0.996460 	 0.002435 
 3500000.000 	 0.995583 	 0.004601 
 3520000.000 	 0.995350 	 0.005104 
 3540000.000 	 0.996415 	 0.003071 
 3560000.000 	 0.997484 	 0.002623 
 3580000.000 	 0.996586 	 0.007110 
 3600000.000 	 0.996458 	 0.006038 
 3620000.000 	 0.996244 	 0.005884 
 3640000.000 	 0.996685 	 0.003278 
 3660000.000 	 0.996430 	 0.005039 
 3680000.000 	 0.998009 	 0.002992 
 3700000.000 	 0.994981 	 0.007455 
 3720000.000 	 0.997683 	 0.002378 
 3740000.000 	 0.995607 	 0.003563 
 3760000.000 	 0.994339 	 0.005304 
 3780000.000 	 0.995362 	 0.008262 
 3800000.000 	 0.996449 	 0.005576 
 3820000.000 	 0.996036 	 0.006843 
 3840000.000 	 0.998426 	 0.001457 
 3860000.000 	 0.995810 	 0.004282 
 3880000.000 	 0.997656 	 0.004307 
 3900000.000 	 0.997945 	 0.002638 
 3920000.000 	 0.997875 	 0.002970 
 3940000.000 	 0.995067 	 0.005833 
 3960000.000 	 0.994514 	 0.009521 
 3980000.000 	 0.996638 	 0.003374 
 4000000.000 	 0.997837 	 0.002535 
 4020000.000 	 0.997653 	 0.002580 
 4040000.000 	 0.997068 	 0.005711 
 4060000.000 	 0.997174 	 0.003785 
 4080000.000 	 0.996345 	 0.003264 
 4100000.000 	 0.997116 	 0.004239 
 4120000.000 	 0.997072 	 0.002863 
 4140000.000 	 0.997227 	 0.002257 
 4160000.000 	 0.996619 	 0.006878 
 4180000.000 	 0.994696 	 0.009643 
 4200000.000 	 0.996310 	 0.004143 
 4220000.000 	 0.996115 	 0.003774 
 4240000.000 	 0.996810 	 0.003557 
 4260000.000 	 0.997250 	 0.002864 
 4280000.000 	 0.997305 	 0.002513 
 4300000.000 	 0.996590 	 0.002971 
 4320000.000 	 0.995879 	 0.004669 
 4340000.000 	 0.995560 	 0.005462 
 4360000.000 	 0.997874 	 0.002196 
 4380000.000 	 0.994829 	 0.005384 
 4400000.000 	 0.996787 	 0.005938 
 4420000.000 	 0.996835 	 0.003000 
 4440000.000 	 0.996691 	 0.002358 
 4460000.000 	 0.996169 	 0.003985 
 4480000.000 	 0.993062 	 0.005772 
 4500000.000 	 0.997969 	 0.001871 
 4520000.000 	 0.997677 	 0.002134 
 4540000.000 	 0.997381 	 0.002406 
 4560000.000 	 0.996586 	 0.003292 
 4580000.000 	 0.996733 	 0.004621 
 4600000.000 	 0.997828 	 0.004022 
 4620000.000 	 0.997134 	 0.004173 
 4640000.000 	 0.996998 	 0.004541 
 4660000.000 	 0.995464 	 0.005253 
 4680000.000 	 0.998749 	 0.001219 
 4700000.000 	 0.996214 	 0.005344 
 4720000.000 	 0.996645 	 0.005358 
 4740000.000 	 0.996916 	 0.005245 
 4760000.000 	 0.997628 	 0.002997 
 4780000.000 	 0.996185 	 0.002934 
 4800000.000 	 0.996354 	 0.003864 
 4820000.000 	 0.997495 	 0.002572 
 4840000.000 	 0.994616 	 0.006160 
 4860000.000 	 0.998311 	 0.001774 
 4880000.000 	 0.997571 	 0.002155 
 4900000.000 	 0.995992 	 0.005613 
 4920000.000 	 0.995357 	 0.008668 
 4940000.000 	 0.997891 	 0.002133 
 4960000.000 	 0.996701 	 0.003287 
 4980000.000 	 0.995738 	 0.003846 
 5000000.000 	 0.997263 	 0.003625 
 5020000.000 	 0.998694 	 0.001743 
 5040000.000 	 0.997926 	 0.004581 
 5060000.000 	 0.997343 	 0.003765 
 5080000.000 	 0.997612 	 0.003033 
 5100000.000 	 0.998263 	 0.001926 
 5120000.000 	 0.997713 	 0.002621 
 5140000.000 	 0.997308 	 0.003139 
 5160000.000 	 0.997443 	 0.003625 
 5180000.000 	 0.997793 	 0.001769 
 5200000.000 	 0.997842 	 0.002499 
 5220000.000 	 0.994754 	 0.007398 
 5240000.000 	 0.995791 	 0.005521 
 5260000.000 	 0.997291 	 0.003266 
 5280000.000 	 0.997447 	 0.003969 
 5300000.000 	 0.996596 	 0.002984 
 5320000.000 	 0.997309 	 0.004121 
 5340000.000 	 0.996028 	 0.003182 
 5360000.000 	 0.998500 	 0.001461 
 5380000.000 	 0.997662 	 0.003097 
 5400000.000 	 0.998173 	 0.002970 
 5420000.000 	 0.997609 	 0.001861 
 5440000.000 	 0.997758 	 0.002131 
 5460000.000 	 0.996713 	 0.005176 
 5480000.000 	 0.997750 	 0.002094 
 5500000.000 	 0.997972 	 0.002312 
 5520000.000 	 0.998306 	 0.001880 
 5540000.000 	 0.996043 	 0.004682 
 5560000.000 	 0.997627 	 0.002697 
 5580000.000 	 0.997879 	 0.002624 
 5600000.000 	 0.998110 	 0.002662 
 5620000.000 	 0.998208 	 0.001917 
 5640000.000 	 0.997339 	 0.002820 
 5660000.000 	 0.997815 	 0.002068 
 5680000.000 	 0.997308 	 0.002130 
 5700000.000 	 0.996420 	 0.003503 
 5720000.000 	 0.997432 	 0.003014 
 5740000.000 	 0.998727 	 0.001320 
 5760000.000 	 0.997541 	 0.002665 
 5780000.000 	 0.998333 	 0.002385 
 5800000.000 	 0.997492 	 0.002723 
 5820000.000 	 0.997620 	 0.003478 
 5840000.000 	 0.996875 	 0.006208 
 5860000.000 	 0.996922 	 0.003865 
 5880000.000 	 0.997365 	 0.003019 
 5900000.000 	 0.996146 	 0.002809 
 5920000.000 	 0.996558 	 0.004593 
 5940000.000 	 0.996410 	 0.002918 
 5960000.000 	 0.995505 	 0.006549 
 5980000.000 	 0.997587 	 0.002288 
 6000000.000 	 0.996936 	 0.002551 
 6020000.000 	 0.997284 	 0.004271 
 6040000.000 	 0.997075 	 0.002212 
 6060000.000 	 0.997973 	 0.002007 
 6080000.000 	 0.997814 	 0.001601 
 6100000.000 	 0.997026 	 0.003947 
 6120000.000 	 0.994091 	 0.007472 
 6140000.000 	 0.997430 	 0.002551 
 6160000.000 	 0.995065 	 0.004093 
 6180000.000 	 0.997948 	 0.002439 
 6200000.000 	 0.997780 	 0.002177 
 6220000.000 	 0.998038 	 0.003234 
 6240000.000 	 0.997167 	 0.004048 
 6260000.000 	 0.998738 	 0.001622 
 6280000.000 	 0.997653 	 0.002392 
 6300000.000 	 0.998170 	 0.001520 
 6320000.000 	 0.998445 	 0.001115 
 6340000.000 	 0.997280 	 0.002948 
 6360000.000 	 0.997546 	 0.003201 
 6380000.000 	 0.997062 	 0.004121 
 6400000.000 	 0.996305 	 0.003488 
 6420000.000 	 0.995060 	 0.006066 
 6440000.000 	 0.997539 	 0.002297 
 6460000.000 	 0.996828 	 0.003121 
 6480000.000 	 0.996843 	 0.003399 
 6500000.000 	 0.996774 	 0.002317 
 6520000.000 	 0.997531 	 0.003955 
 6540000.000 	 0.997956 	 0.002243 
 6560000.000 	 0.997813 	 0.001749 
 6580000.000 	 0.997658 	 0.002550 
 6600000.000 	 0.996030 	 0.004031 
 6620000.000 	 0.997908 	 0.003002 
 6640000.000 	 0.997325 	 0.002845 
 6660000.000 	 0.997509 	 0.002441 
 6680000.000 	 0.997121 	 0.003327 
 6700000.000 	 0.996671 	 0.002381 
 6720000.000 	 0.997440 	 0.003128 
 6740000.000 	 0.996759 	 0.004311 
 6760000.000 	 0.996551 	 0.004413 
 6780000.000 	 0.997355 	 0.003443 
 6800000.000 	 0.997393 	 0.003067 
 6820000.000 	 0.997447 	 0.002292 
 6840000.000 	 0.997502 	 0.003690 
 6860000.000 	 0.997742 	 0.003075 
 6880000.000 	 0.996999 	 0.003951 
 6900000.000 	 0.997912 	 0.002178 
 6920000.000 	 0.998208 	 0.001413 
 6940000.000 	 0.995342 	 0.003529 
 6960000.000 	 0.998499 	 0.001415 
 6980000.000 	 0.997422 	 0.003170 
 7000000.000 	 0.998404 	 0.001812 
 7020000.000 	 0.998494 	 0.001449 
 7040000.000 	 0.997887 	 0.002920 
 7060000.000 	 0.997826 	 0.003774 
 7080000.000 	 0.996200 	 0.003717 
 7100000.000 	 0.998252 	 0.004990 
 7120000.000 	 0.997608 	 0.002068 
 7140000.000 	 0.998264 	 0.002006 
 7160000.000 	 0.997330 	 0.003734 
 7180000.000 	 0.996982 	 0.004145 
 7200000.000 	 0.997070 	 0.004209 
 7220000.000 	 0.995869 	 0.004396 
 7240000.000 	 0.996495 	 0.004412 
 7260000.000 	 0.995925 	 0.004720 
 7280000.000 	 0.994684 	 0.003506 
 7300000.000 	 0.995744 	 0.003797 
 7320000.000 	 0.997283 	 0.002519 
 7340000.000 	 0.997371 	 0.002480 
 7360000.000 	 0.996148 	 0.003878 
 7380000.000 	 0.996648 	 0.004247 
 7400000.000 	 0.998183 	 0.001958 
 7420000.000 	 0.997131 	 0.002878 
 7440000.000 	 0.998169 	 0.002356 
 7460000.000 	 0.997394 	 0.002373 
 7480000.000 	 0.997083 	 0.003045 
 7500000.000 	 0.997770 	 0.002001 
 7520000.000 	 0.997825 	 0.002057 
 7540000.000 	 0.997410 	 0.002212 
 7560000.000 	 0.997354 	 0.002577 
 7580000.000 	 0.998211 	 0.002075 
 7600000.000 	 0.997414 	 0.002555 
 7620000.000 	 0.996920 	 0.002823 
 7640000.000 	 0.998548 	 0.001215 
 7660000.000 	 0.996559 	 0.003536 
 7680000.000 	 0.998619 	 0.003127 
 7700000.000 	 0.998138 	 0.001847 
 7720000.000 	 0.998071 	 0.001848 
 7740000.000 	 0.996335 	 0.005241 
 7760000.000 	 0.998414 	 0.002015 
 7780000.000 	 0.998649 	 0.001302 
 7800000.000 	 0.997664 	 0.003241 
 7820000.000 	 0.994859 	 0.004989 
 7840000.000 	 0.997432 	 0.005544 
 7860000.000 	 0.997592 	 0.003409 
 7880000.000 	 0.994213 	 0.004382 
 7900000.000 	 0.997309 	 0.003546 
 7920000.000 	 0.997052 	 0.003227 
 7940000.000 	 0.997486 	 0.003405 
 7960000.000 	 0.997315 	 0.004560 
 7980000.000 	 0.996406 	 0.003592 
 8000000.000 	 0.997916 	 0.002208 
 8020000.000 	 0.994904 	 0.005617 
 8040000.000 	 0.996734 	 0.003852 
 8060000.000 	 0.997440 	 0.004372 
 8080000.000 	 0.997625 	 0.003071 
 8100000.000 	 0.997185 	 0.005366 
 8120000.000 	 0.995821 	 0.003754 
 8140000.000 	 0.997848 	 0.002221 
 8160000.000 	 0.996626 	 0.005727 
 8180000.000 	 0.998421 	 0.002323 
 8200000.000 	 0.997713 	 0.002538 
 8220000.000 	 0.995181 	 0.003923 
 8240000.000 	 0.998067 	 0.002164 
 8260000.000 	 0.997882 	 0.001804 
 8280000.000 	 0.998590 	 0.001794 
 8300000.000 	 0.997054 	 0.003673 
 8320000.000 	 0.997394 	 0.003441 
 8340000.000 	 0.998122 	 0.002478 
 8360000.000 	 0.996543 	 0.005723 
 8380000.000 	 0.997684 	 0.003843 
 8400000.000 	 0.998450 	 0.001902 
 8420000.000 	 0.998917 	 0.001339 
 8440000.000 	 0.996766 	 0.003778 
 8460000.000 	 0.998226 	 0.002458 
 8480000.000 	 0.997994 	 0.001548 
 8500000.000 	 0.996178 	 0.004802 
 8520000.000 	 0.997057 	 0.002260 
 8540000.000 	 0.995962 	 0.004604 
 8560000.000 	 0.997434 	 0.003553 
 8580000.000 	 0.997463 	 0.003162 
 8600000.000 	 0.998304 	 0.001716 
 8620000.000 	 0.997313 	 0.002761 
 8640000.000 	 0.998196 	 0.001406 
 8660000.000 	 0.996967 	 0.002402 
 8680000.000 	 0.997836 	 0.002612 
 8700000.000 	 0.998402 	 0.001644 
 8720000.000 	 0.997461 	 0.002174 
 8740000.000 	 0.998921 	 0.000998 
 8760000.000 	 0.998417 	 0.001905 
 8780000.000 	 0.997407 	 0.003242 
 8800000.000 	 0.996093 	 0.003614 
 8820000.000 	 0.995876 	 0.003554 
 8840000.000 	 0.998785 	 0.001277 
 8860000.000 	 0.997973 	 0.002100 
 8880000.000 	 0.998762 	 0.001117 
 8900000.000 	 0.997613 	 0.002041 
 8920000.000 	 0.998205 	 0.001859 
 8940000.000 	 0.992086 	 0.009121 
 8960000.000 	 0.997902 	 0.003060 
 8980000.000 	 0.997941 	 0.002480 
 9000000.000 	 0.998612 	 0.001650 
 9020000.000 	 0.998022 	 0.001980 
 9040000.000 	 0.998674 	 0.001387 
 9060000.000 	 0.996478 	 0.003088 
 9080000.000 	 0.998596 	 0.002062 
 9100000.000 	 0.998794 	 0.001323 
 9120000.000 	 0.997908 	 0.001823 
 9140000.000 	 0.997353 	 0.002885 
 9160000.000 	 0.998174 	 0.001827 
 9180000.000 	 0.996735 	 0.003813 
 9200000.000 	 0.998010 	 0.001630 
 9220000.000 	 0.997476 	 0.003313 
 9240000.000 	 0.997769 	 0.001780 
 9260000.000 	 0.997014 	 0.003508 
 9280000.000 	 0.998146 	 0.002213 
 9300000.000 	 0.997030 	 0.002572 
 9320000.000 	 0.997092 	 0.003598 
 9340000.000 	 0.996967 	 0.004938 
 9360000.000 	 0.998755 	 0.001714 
 9380000.000 	 0.999000 	 0.001069 
 9400000.000 	 0.997696 	 0.002656 
 9420000.000 	 0.997900 	 0.002016 
 9440000.000 	 0.998252 	 0.002083 
 9460000.000 	 0.997832 	 0.003099 
 9480000.000 	 0.997599 	 0.003151 
 9500000.000 	 0.994734 	 0.005389 
 9520000.000 	 0.997358 	 0.001694 
 9540000.000 	 0.998172 	 0.001798 
 9560000.000 	 0.997490 	 0.003194 
 9580000.000 	 0.997748 	 0.003189 
 9600000.000 	 0.998450 	 0.001398 
 9620000.000 	 0.997493 	 0.002206 
 9640000.000 	 0.998471 	 0.001888 
 9660000.000 	 0.997992 	 0.002798 
 9680000.000 	 0.996841 	 0.002951 
 9700000.000 	 0.996546 	 0.003583 
 9720000.000 	 0.998513 	 0.002247 
 9740000.000 	 0.996278 	 0.003789 
 9760000.000 	 0.998686 	 0.001271 
 9780000.000 	 0.998535 	 0.001516 
 9800000.000 	 0.998629 	 0.001673 
 9820000.000 	 0.998486 	 0.002055 
 9840000.000 	 0.997266 	 0.004547 
 9860000.000 	 0.998446 	 0.001863 
 9880000.000 	 0.998037 	 0.001909 
 9900000.000 	 0.998340 	 0.001515 
 9920000.000 	 0.996669 	 0.003791 
 9940000.000 	 0.998649 	 0.001169 
 9960000.000 	 0.998689 	 0.001718 
 9980000.000 	 0.998600 	 0.001398 
10000000.000 	 0.997666 	 0.002502 
10020000.000 	 0.998028 	 0.001884 
10040000.000 	 0.997942 	 0.002020 
10060000.000 	 0.998151 	 0.001622 
10080000.000 	 0.997603 	 0.003171 
10100000.000 	 0.996002 	 0.003219 
10120000.000 	 0.997046 	 0.003004 
10140000.000 	 0.998125 	 0.002076 
10160000.000 	 0.998026 	 0.002068 
10180000.000 	 0.998336 	 0.001865 
10200000.000 	 0.997522 	 0.002134 
10220000.000 	 0.995666 	 0.003894 
10240000.000 	 0.999149 	 0.000830 
10260000.000 	 0.998228 	 0.001977 
10280000.000 	 0.997097 	 0.003712 
10300000.000 	 0.997767 	 0.001481 
10320000.000 	 0.997528 	 0.004045 
10340000.000 	 0.995953 	 0.003823 
10360000.000 	 0.998677 	 0.001275 
10380000.000 	 0.997016 	 0.003611 
10400000.000 	 0.998110 	 0.001968 
10420000.000 	 0.996671 	 0.002433 
10440000.000 	 0.996204 	 0.003954 
10460000.000 	 0.997870 	 0.004358 
10480000.000 	 0.996660 	 0.004225 
10500000.000 	 0.997588 	 0.003791 
10520000.000 	 0.998490 	 0.001503 
10540000.000 	 0.996218 	 0.002731 
10560000.000 	 0.997856 	 0.001946 
10580000.000 	 0.998606 	 0.001253 
10600000.000 	 0.997711 	 0.002033 
10620000.000 	 0.998699 	 0.001587 
10640000.000 	 0.996284 	 0.003695 
10660000.000 	 0.998344 	 0.001756 
10680000.000 	 0.997937 	 0.002519 
10700000.000 	 0.998258 	 0.003453 
10720000.000 	 0.997670 	 0.002015 
10740000.000 	 0.997169 	 0.002476 
10760000.000 	 0.997052 	 0.004941 
10780000.000 	 0.996919 	 0.005173 
10800000.000 	 0.997675 	 0.003097 
10820000.000 	 0.998773 	 0.001468 
10840000.000 	 0.997987 	 0.001697 
10860000.000 	 0.996309 	 0.006894 
10880000.000 	 0.997531 	 0.002416 
10900000.000 	 0.998286 	 0.001409 
10920000.000 	 0.996826 	 0.002205 
10940000.000 	 0.996827 	 0.002715 
10960000.000 	 0.998484 	 0.001336 
10980000.000 	 0.999201 	 0.000743 
11000000.000 	 0.997591 	 0.003587 
11020000.000 	 0.997449 	 0.002788 
11040000.000 	 0.998211 	 0.003113 
11060000.000 	 0.996720 	 0.003657 
11080000.000 	 0.995707 	 0.003771 
11100000.000 	 0.998455 	 0.001357 
11120000.000 	 0.996687 	 0.002896 
11140000.000 	 0.997599 	 0.002183 
11160000.000 	 0.996438 	 0.005257 
11180000.000 	 0.998446 	 0.001353 
11200000.000 	 0.997390 	 0.003810 
11220000.000 	 0.998112 	 0.002034 
11240000.000 	 0.997675 	 0.003734 
11260000.000 	 0.996312 	 0.003291 
11280000.000 	 0.996274 	 0.002503 
11300000.000 	 0.998289 	 0.002024 
11320000.000 	 0.996107 	 0.008017 
11340000.000 	 0.996322 	 0.005218 
11360000.000 	 0.998027 	 0.002376 
11380000.000 	 0.997765 	 0.003080 
11400000.000 	 0.996751 	 0.004525 
11420000.000 	 0.997318 	 0.003399 
11440000.000 	 0.998496 	 0.001826 
11460000.000 	 0.997058 	 0.002964 
11480000.000 	 0.998505 	 0.001117 
11500000.000 	 0.997806 	 0.002157 
11520000.000 	 0.998444 	 0.001503 
11540000.000 	 0.998358 	 0.002377 
11560000.000 	 0.996579 	 0.002642 
11580000.000 	 0.998291 	 0.001508 
11600000.000 	 0.997553 	 0.003475 
11620000.000 	 0.998479 	 0.001481 
11640000.000 	 0.996804 	 0.002646 
11660000.000 	 0.997536 	 0.003030 
11680000.000 	 0.998714 	 0.002196 
11700000.000 	 0.996543 	 0.002483 
11720000.000 	 0.998187 	 0.002045 
11740000.000 	 0.997042 	 0.003215 
11760000.000 	 0.996847 	 0.003413 
11780000.000 	 0.997953 	 0.001401 
11800000.000 	 0.998475 	 0.001228 
11820000.000 	 0.998579 	 0.001475 
11840000.000 	 0.998248 	 0.001577 
11860000.000 	 0.998568 	 0.001500 
11880000.000 	 0.997439 	 0.003007 
11900000.000 	 0.998710 	 0.001637 
11920000.000 	 0.997786 	 0.002754 
11940000.000 	 0.997687 	 0.002514 
11960000.000 	 0.998011 	 0.002263 
11980000.000 	 0.998334 	 0.001530 
12000000.000 	 0.998668 	 0.001506 
12020000.000 	 0.998800 	 0.001403 
12040000.000 	 0.994918 	 0.005212 
12060000.000 	 0.998408 	 0.002132 
12080000.000 	 0.995617 	 0.005802 
12100000.000 	 0.996880 	 0.003549 
12120000.000 	 0.998467 	 0.001808 
12140000.000 	 0.997892 	 0.002393 
12160000.000 	 0.998133 	 0.001934 
12180000.000 	 0.997738 	 0.002324 
12200000.000 	 0.998233 	 0.001584 
12220000.000 	 0.998314 	 0.002890 
12240000.000 	 0.996434 	 0.005337 
12260000.000 	 0.998826 	 0.001111 
12280000.000 	 0.996347 	 0.002372 
12300000.000 	 0.997734 	 0.002356 
12320000.000 	 0.997769 	 0.001694 
12340000.000 	 0.998276 	 0.002557 
12360000.000 	 0.998069 	 0.001632 
12380000.000 	 0.997696 	 0.003920 
12400000.000 	 0.997320 	 0.002700 
12420000.000 	 0.998203 	 0.001868 
12440000.000 	 0.997479 	 0.003172 
12460000.000 	 0.996045 	 0.003736 
12480000.000 	 0.996411 	 0.003525 
12500000.000 	 0.998528 	 0.001384 
12520000.000 	 0.998876 	 0.001309 
12540000.000 	 0.998809 	 0.001099 
12560000.000 	 0.997696 	 0.002643 
12580000.000 	 0.997699 	 0.002154 
12600000.000 	 0.996249 	 0.005776 
12620000.000 	 0.997030 	 0.003539 
12640000.000 	 0.998227 	 0.001763 
12660000.000 	 0.998900 	 0.001227 
12680000.000 	 0.998684 	 0.001209 
12700000.000 	 0.996954 	 0.002350 
12720000.000 	 0.996493 	 0.002989 
12740000.000 	 0.997628 	 0.003353 
12760000.000 	 0.993576 	 0.006458 
12780000.000 	 0.998110 	 0.002222 
12800000.000 	 0.997597 	 0.002151 
12820000.000 	 0.997745 	 0.002430 
12840000.000 	 0.997162 	 0.003306 
12860000.000 	 0.997473 	 0.002410 
12880000.000 	 0.998462 	 0.001729 
12900000.000 	 0.997142 	 0.002379 
12920000.000 	 0.998510 	 0.001214 
12940000.000 	 0.998323 	 0.001851 
12960000.000 	 0.997730 	 0.001927 
12980000.000 	 0.997583 	 0.002099 
13000000.000 	 0.996865 	 0.003133 
13020000.000 	 0.999016 	 0.001252 
13040000.000 	 0.997848 	 0.002307 
13060000.000 	 0.997176 	 0.002341 
13080000.000 	 0.997625 	 0.001931 
13100000.000 	 0.998153 	 0.001594 
13120000.000 	 0.996144 	 0.002728 
13140000.000 	 0.998148 	 0.002139 
13160000.000 	 0.997104 	 0.002186 
13180000.000 	 0.997087 	 0.003632 
13200000.000 	 0.997825 	 0.003568 
13220000.000 	 0.996939 	 0.002664 
13240000.000 	 0.998255 	 0.001961 
13260000.000 	 0.997957 	 0.002523 
13280000.000 	 0.997640 	 0.001992 
13300000.000 	 0.997552 	 0.003949 
13320000.000 	 0.997137 	 0.003100 
13340000.000 	 0.997980 	 0.001976 
13360000.000 	 0.998765 	 0.001217 
13380000.000 	 0.997468 	 0.002500 
13400000.000 	 0.998272 	 0.002082 
13420000.000 	 0.998624 	 0.001788 
13440000.000 	 0.998218 	 0.002136 
13460000.000 	 0.998535 	 0.001581 
13480000.000 	 0.996293 	 0.005875 
13500000.000 	 0.997698 	 0.002129 
13520000.000 	 0.997619 	 0.002079 
13540000.000 	 0.998680 	 0.001399 
13560000.000 	 0.997783 	 0.002884 
13580000.000 	 0.997913 	 0.002213 
13600000.000 	 0.998603 	 0.001254 
13620000.000 	 0.995219 	 0.003207 
13640000.000 	 0.995953 	 0.002836 
13660000.000 	 0.996685 	 0.004539 
13680000.000 	 0.995963 	 0.002924 
13700000.000 	 0.997144 	 0.003819 
13720000.000 	 0.997975 	 0.002025 
13740000.000 	 0.995190 	 0.003652 
13760000.000 	 0.998203 	 0.001495 
13780000.000 	 0.997041 	 0.002830 
13800000.000 	 0.996078 	 0.005448 
13820000.000 	 0.997835 	 0.002987 
13840000.000 	 0.996729 	 0.002866 
13860000.000 	 0.998555 	 0.002144 
13880000.000 	 0.998703 	 0.001504 
13900000.000 	 0.998175 	 0.002267 
13920000.000 	 0.998460 	 0.001730 
13940000.000 	 0.995993 	 0.003334 
13960000.000 	 0.996815 	 0.002560 
13980000.000 	 0.998227 	 0.001824 
14000000.000 	 0.995590 	 0.005109 
14020000.000 	 0.997978 	 0.001886 
14040000.000 	 0.997768 	 0.002013 
14060000.000 	 0.998942 	 0.001044 
14080000.000 	 0.997904 	 0.003828 
14100000.000 	 0.999350 	 0.000829 
14120000.000 	 0.997251 	 0.004438 
14140000.000 	 0.996984 	 0.002939 
14160000.000 	 0.998442 	 0.001994 
14180000.000 	 0.998678 	 0.001493 
14200000.000 	 0.998357 	 0.002174 
14220000.000 	 0.997983 	 0.001689 
14240000.000 	 0.997199 	 0.004040 
14260000.000 	 0.998171 	 0.001681 
14280000.000 	 0.997850 	 0.002225 
14300000.000 	 0.997970 	 0.002066 
14320000.000 	 0.998368 	 0.001729 
14340000.000 	 0.998118 	 0.001637 
14360000.000 	 0.998669 	 0.001242 
14380000.000 	 0.997636 	 0.002205 
14400000.000 	 0.998152 	 0.001561 
14420000.000 	 0.997203 	 0.002420 
14440000.000 	 0.998614 	 0.001468 
14460000.000 	 0.996927 	 0.004733 
14480000.000 	 0.997583 	 0.002864 
14500000.000 	 0.998295 	 0.002476 
14520000.000 	 0.996640 	 0.002446 
14540000.000 	 0.998002 	 0.002240 
14560000.000 	 0.998185 	 0.001622 
14580000.000 	 0.998632 	 0.001404 
14600000.000 	 0.998806 	 0.001429 
14620000.000 	 0.997175 	 0.003653 
14640000.000 	 0.998370 	 0.001590 
14660000.000 	 0.998775 	 0.001134 
14680000.000 	 0.997954 	 0.002359 
14700000.000 	 0.997676 	 0.006144 
14720000.000 	 0.998640 	 0.001218 
14740000.000 	 0.998647 	 0.001220 
14760000.000 	 0.998589 	 0.001353 
14780000.000 	 0.997183 	 0.003313 
14800000.000 	 0.998594 	 0.001341 
14820000.000 	 0.998117 	 0.003523 
14840000.000 	 0.998011 	 0.001937 
14860000.000 	 0.997302 	 0.002609 
14880000.000 	 0.998715 	 0.001395 
14900000.000 	 0.998358 	 0.002027 
14920000.000 	 0.998225 	 0.001730 
14940000.000 	 0.998740 	 0.001525 
14960000.000 	 0.998664 	 0.001077 
14980000.000 	 0.997915 	 0.002096 
15000000.000 	 0.998256 	 0.002041 
15020000.000 	 0.997860 	 0.002096 
15040000.000 	 0.997893 	 0.002445 
15060000.000 	 0.999144 	 0.000951 
15080000.000 	 0.998395 	 0.001877 
15100000.000 	 0.998132 	 0.003340 
15120000.000 	 0.998833 	 0.001152 
15140000.000 	 0.998555 	 0.001270 
15160000.000 	 0.998153 	 0.001560 
15180000.000 	 0.999075 	 0.000809 
15200000.000 	 0.998092 	 0.003564 
15220000.000 	 0.998205 	 0.001949 
15240000.000 	 0.998618 	 0.001559 
15260000.000 	 0.997744 	 0.003396 
15280000.000 	 0.998169 	 0.001729 
15300000.000 	 0.996761 	 0.002463 
15320000.000 	 0.998143 	 0.002590 
15340000.000 	 0.998624 	 0.001463 
15360000.000 	 0.995411 	 0.004127 
15380000.000 	 0.997833 	 0.002303 
15400000.000 	 0.998766 	 0.000996 
15420000.000 	 0.998997 	 0.001315 
15440000.000 	 0.998834 	 0.001465 
15460000.000 	 0.998160 	 0.001736 
15480000.000 	 0.997138 	 0.004829 
15500000.000 	 0.998189 	 0.001915 
15520000.000 	 0.997453 	 0.002251 
15540000.000 	 0.998172 	 0.001736 
15560000.000 	 0.997735 	 0.002376 
15580000.000 	 0.998483 	 0.001705 
15600000.000 	 0.998537 	 0.001782 
15620000.000 	 0.999166 	 0.000749 
15640000.000 	 0.998917 	 0.001069 
15660000.000 	 0.997205 	 0.002327 
15680000.000 	 0.997757 	 0.002082 
15700000.000 	 0.997866 	 0.002006 
15720000.000 	 0.996514 	 0.004081 
15740000.000 	 0.997626 	 0.002949 
15760000.000 	 0.997622 	 0.002648 
15780000.000 	 0.998684 	 0.002838 
15800000.000 	 0.997530 	 0.002909 
15820000.000 	 0.998240 	 0.002110 
15840000.000 	 0.998858 	 0.001125 
15860000.000 	 0.997694 	 0.002469 
15880000.000 	 0.998122 	 0.001770 
15900000.000 	 0.998549 	 0.001234 
15920000.000 	 0.997030 	 0.003826 
15940000.000 	 0.997603 	 0.001984 
15960000.000 	 0.997160 	 0.002984 
15980000.000 	 0.998731 	 0.001227 
16000000.000 	 0.998154 	 0.002985 
16020000.000 	 0.997365 	 0.002661 
16040000.000 	 0.998855 	 0.001336 
16060000.000 	 0.998670 	 0.001610 
16080000.000 	 0.998177 	 0.002164 
16100000.000 	 0.996598 	 0.003230 
16120000.000 	 0.998076 	 0.001747 
16140000.000 	 0.998855 	 0.001270 
16160000.000 	 0.997672 	 0.002925 
16180000.000 	 0.998767 	 0.001485 
16200000.000 	 0.998321 	 0.002075 
16220000.000 	 0.998623 	 0.001814 
16240000.000 	 0.998711 	 0.001408 
16260000.000 	 0.996615 	 0.003001 
16280000.000 	 0.998830 	 0.001072 
16300000.000 	 0.999097 	 0.001357 
16320000.000 	 0.997868 	 0.001640 
16340000.000 	 0.998352 	 0.001485 
16360000.000 	 0.998309 	 0.001379 
16380000.000 	 0.998525 	 0.001439 
16400000.000 	 0.997071 	 0.003321 
16420000.000 	 0.998317 	 0.001478 
16440000.000 	 0.999041 	 0.000975 
16460000.000 	 0.997501 	 0.002177 
16480000.000 	 0.996844 	 0.003320 
16500000.000 	 0.997896 	 0.002970 
16520000.000 	 0.998043 	 0.002333 
16540000.000 	 0.998786 	 0.001044 
16560000.000 	 0.998921 	 0.001212 
16580000.000 	 0.997702 	 0.002936 
16600000.000 	 0.998713 	 0.001743 
16620000.000 	 0.997225 	 0.002983 
16640000.000 	 0.998500 	 0.001650 
16660000.000 	 0.998021 	 0.003630 
16680000.000 	 0.998650 	 0.001435 
16700000.000 	 0.998268 	 0.001561 
16720000.000 	 0.998485 	 0.001492 
16740000.000 	 0.996909 	 0.005057 
16760000.000 	 0.996193 	 0.003003 
16780000.000 	 0.997503 	 0.002162 
16800000.000 	 0.997309 	 0.003223 
16820000.000 	 0.998532 	 0.001559 
16840000.000 	 0.997276 	 0.004263 
16860000.000 	 0.997923 	 0.002333 
16880000.000 	 0.997492 	 0.003914 
16900000.000 	 0.998539 	 0.001447 
16920000.000 	 0.999039 	 0.000696 
16940000.000 	 0.997640 	 0.002350 
16960000.000 	 0.998370 	 0.001855 
16980000.000 	 0.998679 	 0.001032 
17000000.000 	 0.997488 	 0.002874 
17020000.000 	 0.997854 	 0.002350 
17040000.000 	 0.998435 	 0.001186 
17060000.000 	 0.997948 	 0.001854 
17080000.000 	 0.999146 	 0.000877 
17100000.000 	 0.998355 	 0.001757 
17120000.000 	 0.998617 	 0.001507 
17140000.000 	 0.998966 	 0.001138 
17160000.000 	 0.998547 	 0.001752 
17180000.000 	 0.998147 	 0.001872 
17200000.000 	 0.997570 	 0.002307 
17220000.000 	 0.997528 	 0.002306 
17240000.000 	 0.998713 	 0.001311 
17260000.000 	 0.997567 	 0.002034 
17280000.000 	 0.998526 	 0.001551 
17300000.000 	 0.998600 	 0.001224 
17320000.000 	 0.998104 	 0.002316 
17340000.000 	 0.998273 	 0.001428 
17360000.000 	 0.997356 	 0.005383 
17380000.000 	 0.998409 	 0.001534 
17400000.000 	 0.997976 	 0.002434 
17420000.000 	 0.997568 	 0.002574 
17440000.000 	 0.998489 	 0.002073 
17460000.000 	 0.997703 	 0.002066 
17480000.000 	 0.998739 	 0.001503 
17500000.000 	 0.998898 	 0.001141 
17520000.000 	 0.996832 	 0.002705 
17540000.000 	 0.998443 	 0.001758 
17560000.000 	 0.998764 	 0.001884 
17580000.000 	 0.998057 	 0.003052 
17600000.000 	 0.997291 	 0.001992 
17620000.000 	 0.998282 	 0.001300 
17640000.000 	 0.996970 	 0.002595 
17660000.000 	 0.998725 	 0.001408 
17680000.000 	 0.999034 	 0.000911 
17700000.000 	 0.998724 	 0.001729 
17720000.000 	 0.997248 	 0.002034 
17740000.000 	 0.998191 	 0.001736 
17760000.000 	 0.997548 	 0.002431 
17780000.000 	 0.998357 	 0.001832 
17800000.000 	 0.998024 	 0.002603 
17820000.000 	 0.996509 	 0.002860 
17840000.000 	 0.994830 	 0.005692 
17860000.000 	 0.997650 	 0.002724 
17880000.000 	 0.998713 	 0.001204 
17900000.000 	 0.997035 	 0.002598 
17920000.000 	 0.998588 	 0.001427 
17940000.000 	 0.998120 	 0.001838 
17960000.000 	 0.998288 	 0.002062 
17980000.000 	 0.997664 	 0.003689 
18000000.000 	 0.998190 	 0.001743 
18020000.000 	 0.998256 	 0.002274 
18040000.000 	 0.998255 	 0.001668 
18060000.000 	 0.998360 	 0.001450 
18080000.000 	 0.997648 	 0.001511 
18100000.000 	 0.998433 	 0.001454 
18120000.000 	 0.997995 	 0.002073 
18140000.000 	 0.998950 	 0.000915 
18160000.000 	 0.998895 	 0.001150 
18180000.000 	 0.997781 	 0.002618 
18200000.000 	 0.999296 	 0.000810 
18220000.000 	 0.997864 	 0.002032 
18240000.000 	 0.998306 	 0.001419 
18260000.000 	 0.994765 	 0.004225 
18280000.000 	 0.996921 	 0.003926 
18300000.000 	 0.998454 	 0.001489 
18320000.000 	 0.998672 	 0.001543 
18340000.000 	 0.997162 	 0.002179 
18360000.000 	 0.997860 	 0.002709 
18380000.000 	 0.997903 	 0.002707 
18400000.000 	 0.998999 	 0.001039 
18420000.000 	 0.998535 	 0.001912 
18440000.000 	 0.998393 	 0.001705 
18460000.000 	 0.997816 	 0.003243 
18480000.000 	 0.998677 	 0.001173 
18500000.000 	 0.998884 	 0.001922 
18520000.000 	 0.997843 	 0.001576 
18540000.000 	 0.998110 	 0.001919 
18560000.000 	 0.998198 	 0.001690 
18580000.000 	 0.998049 	 0.002835 
18600000.000 	 0.998236 	 0.002246 
18620000.000 	 0.998367 	 0.001723 
18640000.000 	 0.997453 	 0.002378 
18660000.000 	 0.997183 	 0.001999 
18680000.000 	 0.998016 	 0.001992 
18700000.000 	 0.998289 	 0.001984 
18720000.000 	 0.997514 	 0.002734 
18740000.000 	 0.997664 	 0.001887 
18760000.000 	 0.998164 	 0.001825 
18780000.000 	 0.998799 	 0.001401 
18800000.000 	 0.998830 	 0.001233 
18820000.000 	 0.998091 	 0.002480 
18840000.000 	 0.997406 	 0.002997 
18860000.000 	 0.998712 	 0.001493 
18880000.000 	 0.998806 	 0.001115 
18900000.000 	 0.998400 	 0.001520 
18920000.000 	 0.997547 	 0.002232 
18940000.000 	 0.999145 	 0.000803 
18960000.000 	 0.997145 	 0.002597 
18980000.000 	 0.997662 	 0.002078 
19000000.000 	 0.997868 	 0.001848 
19020000.000 	 0.998121 	 0.001702 
19040000.000 	 0.998987 	 0.001113 
19060000.000 	 0.998448 	 0.001936 
19080000.000 	 0.999259 	 0.000748 
19100000.000 	 0.999006 	 0.001705 
19120000.000 	 0.998340 	 0.001778 
19140000.000 	 0.998896 	 0.001164 
19160000.000 	 0.998423 	 0.002541 
19180000.000 	 0.998379 	 0.001463 
19200000.000 	 0.997416 	 0.002125 
19220000.000 	 0.997657 	 0.002579 
19240000.000 	 0.998888 	 0.001176 
19260000.000 	 0.998640 	 0.001392 
19280000.000 	 0.998248 	 0.001642 
19300000.000 	 0.998290 	 0.001868 
19320000.000 	 0.998503 	 0.001827 
19340000.000 	 0.998836 	 0.001926 
19360000.000 	 0.998862 	 0.001172 
19380000.000 	 0.997708 	 0.003040 
19400000.000 	 0.998723 	 0.001234 
19420000.000 	 0.999092 	 0.000812 
19440000.000 	 0.998823 	 0.001002 
19460000.000 	 0.997351 	 0.002143 
19480000.000 	 0.998736 	 0.001171 
19500000.000 	 0.997564 	 0.002129 
19520000.000 	 0.997384 	 0.002311 
19540000.000 	 0.997314 	 0.003247 
19560000.000 	 0.998434 	 0.001470 
19580000.000 	 0.998188 	 0.002069 
19600000.000 	 0.998129 	 0.001642 
19620000.000 	 0.997529 	 0.004785 
19640000.000 	 0.998012 	 0.001556 
19660000.000 	 0.997973 	 0.002062 
19680000.000 	 0.998036 	 0.002024 
19700000.000 	 0.997867 	 0.002063 
19720000.000 	 0.998639 	 0.001178 
19740000.000 	 0.997821 	 0.002000 
19760000.000 	 0.998264 	 0.002162 
19780000.000 	 0.998651 	 0.001738 
19800000.000 	 0.997717 	 0.001805 
19820000.000 	 0.998641 	 0.001443 
19840000.000 	 0.998331 	 0.001321 
19860000.000 	 0.999123 	 0.001005 
19880000.000 	 0.998321 	 0.001903 
19900000.000 	 0.999117 	 0.000878 
19920000.000 	 0.998833 	 0.001309 
19940000.000 	 0.997797 	 0.001797 
19960000.000 	 0.998484 	 0.002287 
19980000.000 	 0.997718 	 0.001773 
20000000.000 	 0.998910 	 0.001172 
20020000.000 	 0.998567 	 0.001251 
20040000.000 	 0.997952 	 0.001836 
20060000.000 	 0.997297 	 0.004946 
20080000.000 	 0.996405 	 0.002651 
20100000.000 	 0.997091 	 0.003381 
20120000.000 	 0.998861 	 0.001343 
20140000.000 	 0.998459 	 0.001507 
20160000.000 	 0.998398 	 0.001419 
20180000.000 	 0.998166 	 0.002463 
20200000.000 	 0.997556 	 0.003513 
20220000.000 	 0.998007 	 0.001659 
20240000.000 	 0.997413 	 0.003080 
20260000.000 	 0.999242 	 0.000724 
20280000.000 	 0.996796 	 0.002397 
20300000.000 	 0.998510 	 0.001255 
20320000.000 	 0.997484 	 0.004033 
20340000.000 	 0.998800 	 0.001288 
20360000.000 	 0.998155 	 0.002179 
20380000.000 	 0.998165 	 0.001993 
20400000.000 	 0.999001 	 0.000992 
20420000.000 	 0.998915 	 0.001500 
20440000.000 	 0.998778 	 0.001111 
20460000.000 	 0.997864 	 0.002623 
20480000.000 	 0.998961 	 0.000906 
20500000.000 	 0.997504 	 0.002249 
20520000.000 	 0.996980 	 0.004929 
20540000.000 	 0.998912 	 0.000991 
20560000.000 	 0.997857 	 0.002376 
20580000.000 	 0.998697 	 0.001309 
20600000.000 	 0.998526 	 0.001447 
20620000.000 	 0.998239 	 0.001808 
20640000.000 	 0.998877 	 0.001289 
20660000.000 	 0.998324 	 0.002966 
20680000.000 	 0.998643 	 0.001522 
20700000.000 	 0.998211 	 0.003220 
20720000.000 	 0.999254 	 0.000987 
20740000.000 	 0.999174 	 0.000950 
20760000.000 	 0.997472 	 0.002575 
20780000.000 	 0.999078 	 0.001036 
20800000.000 	 0.998372 	 0.002433 
20820000.000 	 0.998749 	 0.001253 
20840000.000 	 0.998936 	 0.001365 
20860000.000 	 0.998927 	 0.001044 
20880000.000 	 0.998857 	 0.001151 
20900000.000 	 0.997055 	 0.002451 
20920000.000 	 0.998764 	 0.001280 
20940000.000 	 0.998527 	 0.001639 
20960000.000 	 0.999009 	 0.001276 
20980000.000 	 0.998933 	 0.001245 
21000000.000 	 0.998381 	 0.001627 
21020000.000 	 0.998843 	 0.000877 
21040000.000 	 0.996179 	 0.002521 
21060000.000 	 0.998122 	 0.001753 
21080000.000 	 0.995548 	 0.003254 
21100000.000 	 0.997370 	 0.003352 
21120000.000 	 0.999168 	 0.001159 
21140000.000 	 0.998393 	 0.001443 
21160000.000 	 0.998467 	 0.001988 
21180000.000 	 0.997530 	 0.002652 
21200000.000 	 0.999016 	 0.000897 
21220000.000 	 0.995901 	 0.004063 
21240000.000 	 0.998711 	 0.001320 
21260000.000 	 0.996796 	 0.003609 
21280000.000 	 0.996583 	 0.003652 
21300000.000 	 0.998530 	 0.001649 
21320000.000 	 0.997848 	 0.002162 
21340000.000 	 0.998431 	 0.001489 
21360000.000 	 0.998540 	 0.001354 
21380000.000 	 0.997874 	 0.001398 
21400000.000 	 0.997761 	 0.002113 
21420000.000 	 0.998833 	 0.001110 
21440000.000 	 0.997791 	 0.002388 
21460000.000 	 0.998466 	 0.001475 
21480000.000 	 0.998251 	 0.001586 
21500000.000 	 0.998716 	 0.001040 
21520000.000 	 0.998955 	 0.001021 
21540000.000 	 0.999025 	 0.000709 
21560000.000 	 0.998705 	 0.001140 
21580000.000 	 0.997336 	 0.002247 
21600000.000 	 0.997853 	 0.002307 
21620000.000 	 0.997871 	 0.001650 
21640000.000 	 0.999031 	 0.000836 
21660000.000 	 0.998793 	 0.000891 
21680000.000 	 0.997907 	 0.003410 
21700000.000 	 0.997440 	 0.002764 
21720000.000 	 0.997836 	 0.002467 
21740000.000 	 0.998671 	 0.001232 
21760000.000 	 0.997839 	 0.001608 
21780000.000 	 0.998791 	 0.001239 
21800000.000 	 0.998824 	 0.001742 
21820000.000 	 0.998683 	 0.001132 
21840000.000 	 0.998699 	 0.001751 
21860000.000 	 0.998252 	 0.002114 
21880000.000 	 0.998131 	 0.002187 
21900000.000 	 0.998084 	 0.002213 
21920000.000 	 0.998348 	 0.001727 
21940000.000 	 0.999353 	 0.000622 
21960000.000 	 0.998558 	 0.001190 
21980000.000 	 0.998908 	 0.001276 
22000000.000 	 0.998603 	 0.001474 
22020000.000 	 0.998542 	 0.001429 
22040000.000 	 0.997670 	 0.003045 
22060000.000 	 0.998586 	 0.001406 
22080000.000 	 0.997541 	 0.002232 
22100000.000 	 0.998460 	 0.002629 
22120000.000 	 0.998647 	 0.001753 
22140000.000 	 0.997682 	 0.002202 
22160000.000 	 0.998398 	 0.001428 
22180000.000 	 0.999121 	 0.000899 
22200000.000 	 0.997229 	 0.001624 
22220000.000 	 0.998897 	 0.000961 
22240000.000 	 0.998990 	 0.001144 
22260000.000 	 0.998693 	 0.001172 
22280000.000 	 0.998842 	 0.001613 
22300000.000 	 0.998397 	 0.002675 
22320000.000 	 0.998242 	 0.002197 
22340000.000 	 0.998662 	 0.001120 
22360000.000 	 0.998475 	 0.001429 
22380000.000 	 0.998306 	 0.001632 
22400000.000 	 0.999340 	 0.000830 
22420000.000 	 0.999040 	 0.001251 
22440000.000 	 0.998309 	 0.001896 
22460000.000 	 0.998579 	 0.001730 
22480000.000 	 0.997204 	 0.006001 
22500000.000 	 0.998119 	 0.001734 
22520000.000 	 0.998585 	 0.001336 
22540000.000 	 0.996931 	 0.002405 
22560000.000 	 0.998632 	 0.001642 
22580000.000 	 0.998315 	 0.001261 
22600000.000 	 0.998873 	 0.001346 
22620000.000 	 0.997445 	 0.003692 
22640000.000 	 0.998926 	 0.001280 
22660000.000 	 0.998143 	 0.002303 
22680000.000 	 0.998428 	 0.001951 
22700000.000 	 0.997320 	 0.002675 
22720000.000 	 0.998305 	 0.001526 
22740000.000 	 0.997806 	 0.002324 
22760000.000 	 0.998947 	 0.001369 
22780000.000 	 0.999153 	 0.001093 
22800000.000 	 0.998175 	 0.002233 
22820000.000 	 0.998102 	 0.003336 
22840000.000 	 0.998472 	 0.002340 
22860000.000 	 0.998019 	 0.001892 
22880000.000 	 0.997720 	 0.002859 
22900000.000 	 0.998160 	 0.001740 
22920000.000 	 0.998740 	 0.001901 
22940000.000 	 0.997413 	 0.002656 
22960000.000 	 0.998931 	 0.000990 
22980000.000 	 0.998254 	 0.002902 
23000000.000 	 0.998827 	 0.001154 
23020000.000 	 0.999173 	 0.000841 
23040000.000 	 0.998844 	 0.001106 
23060000.000 	 0.997036 	 0.002780 
23080000.000 	 0.996957 	 0.006820 
23100000.000 	 0.997328 	 0.005601 
23120000.000 	 0.998457 	 0.001722 
23140000.000 	 0.998865 	 0.001516 
23160000.000 	 0.997708 	 0.003109 
23180000.000 	 0.997959 	 0.002422 
23200000.000 	 0.998303 	 0.001647 
23220000.000 	 0.997961 	 0.002165 
23240000.000 	 0.998159 	 0.001639 
23260000.000 	 0.998784 	 0.001325 
23280000.000 	 0.998268 	 0.002413 
23300000.000 	 0.998740 	 0.001494 
23320000.000 	 0.997876 	 0.001824 
23340000.000 	 0.998545 	 0.001324 
23360000.000 	 0.997461 	 0.002936 
23380000.000 	 0.995646 	 0.002364 
23400000.000 	 0.998567 	 0.001218 
23420000.000 	 0.997801 	 0.003738 
23440000.000 	 0.998571 	 0.001472 
23460000.000 	 0.998888 	 0.001214 
23480000.000 	 0.998779 	 0.001876 
23500000.000 	 0.997567 	 0.002426 
23520000.000 	 0.998462 	 0.001513 
23540000.000 	 0.998733 	 0.001696 
23560000.000 	 0.998452 	 0.002064 
23580000.000 	 0.998817 	 0.002578 
23600000.000 	 0.998438 	 0.001248 
23620000.000 	 0.998367 	 0.001437 
23640000.000 	 0.998248 	 0.002148 
23660000.000 	 0.998622 	 0.001724 
23680000.000 	 0.998612 	 0.001465 
23700000.000 	 0.998306 	 0.001811 
23720000.000 	 0.998268 	 0.001695 
23740000.000 	 0.997950 	 0.003234 
23760000.000 	 0.997863 	 0.002640 
23780000.000 	 0.998506 	 0.001444 
23800000.000 	 0.998675 	 0.001184 
23820000.000 	 0.998619 	 0.001743 
23840000.000 	 0.998097 	 0.002021 
23860000.000 	 0.998638 	 0.001599 
23880000.000 	 0.998524 	 0.001420 
23900000.000 	 0.998529 	 0.002308 
23920000.000 	 0.998691 	 0.001467 
23940000.000 	 0.999037 	 0.000789 
23960000.000 	 0.998729 	 0.000998 
23980000.000 	 0.998947 	 0.001240 
24000000.000 	 0.999201 	 0.000798 
24020000.000 	 0.997961 	 0.001941 
24040000.000 	 0.999058 	 0.001129 
24060000.000 	 0.999132 	 0.001406 
24080000.000 	 0.998703 	 0.001637 
24100000.000 	 0.998489 	 0.002007 
24120000.000 	 0.998703 	 0.001142 
24140000.000 	 0.998085 	 0.002187 
24160000.000 	 0.998751 	 0.001074 
24180000.000 	 0.997480 	 0.002028 
24200000.000 	 0.998336 	 0.002743 
24220000.000 	 0.998790 	 0.001381 
24240000.000 	 0.997900 	 0.001704 
24260000.000 	 0.997971 	 0.002437 
24280000.000 	 0.999179 	 0.000722 
24300000.000 	 0.996950 	 0.004157 
24320000.000 	 0.998483 	 0.001457 
24340000.000 	 0.997890 	 0.002096 
24360000.000 	 0.998214 	 0.002219 
24380000.000 	 0.999149 	 0.000765 
24400000.000 	 0.999072 	 0.000947 
24420000.000 	 0.997826 	 0.001511 
24440000.000 	 0.998226 	 0.002298 
24460000.000 	 0.995771 	 0.001875 
24480000.000 	 0.998913 	 0.001083 
24500000.000 	 0.999241 	 0.000644 
24520000.000 	 0.998855 	 0.001174 
24540000.000 	 0.997181 	 0.003141 
24560000.000 	 0.998449 	 0.001081 
24580000.000 	 0.998488 	 0.001723 
24600000.000 	 0.998749 	 0.002230 
24620000.000 	 0.997922 	 0.001814 
24640000.000 	 0.997983 	 0.002671 
24660000.000 	 0.999035 	 0.000864 
24680000.000 	 0.998228 	 0.001845 
24700000.000 	 0.996838 	 0.002065 
24720000.000 	 0.998730 	 0.001440 
24740000.000 	 0.996178 	 0.003434 
24760000.000 	 0.997904 	 0.001933 
24780000.000 	 0.998648 	 0.001531 
24800000.000 	 0.996049 	 0.006566 
24820000.000 	 0.998614 	 0.001259 
24840000.000 	 0.998278 	 0.001765 
24860000.000 	 0.998412 	 0.001158 
24880000.000 	 0.997635 	 0.001976 
24900000.000 	 0.998074 	 0.001445 
24920000.000 	 0.997848 	 0.001865 
24940000.000 	 0.997997 	 0.001855 
24960000.000 	 0.998167 	 0.001567 
24980000.000 	 0.998851 	 0.001368 
25000000.000 	 0.998632 	 0.001290 
25020000.000 	 0.999164 	 0.000718 
25040000.000 	 0.999287 	 0.000906 
25060000.000 	 0.998056 	 0.001502 
25080000.000 	 0.997726 	 0.002904 
25100000.000 	 0.998764 	 0.001082 
25120000.000 	 0.998552 	 0.001061 
25140000.000 	 0.998291 	 0.001365 
25160000.000 	 0.997411 	 0.003856 
25180000.000 	 0.997313 	 0.002550 
25200000.000 	 0.998763 	 0.000978 
25220000.000 	 0.998373 	 0.001703 
25240000.000 	 0.998786 	 0.001176 
25260000.000 	 0.997324 	 0.003880 
25280000.000 	 0.997472 	 0.001760 
25300000.000 	 0.998351 	 0.001080 
25320000.000 	 0.997630 	 0.002506 
25340000.000 	 0.998371 	 0.001814 
25360000.000 	 0.997794 	 0.001439 
25380000.000 	 0.998853 	 0.001509 
25400000.000 	 0.997184 	 0.001939 
25420000.000 	 0.998397 	 0.001633 
25440000.000 	 0.998742 	 0.001304 
25460000.000 	 0.998833 	 0.001289 
25480000.000 	 0.998197 	 0.001677 
25500000.000 	 0.997783 	 0.002100 
25520000.000 	 0.998365 	 0.001700 
25540000.000 	 0.999190 	 0.000883 
25560000.000 	 0.997912 	 0.002289 
25580000.000 	 0.998876 	 0.001528 
25600000.000 	 0.998621 	 0.001231 
25620000.000 	 0.998942 	 0.001043 
25640000.000 	 0.997715 	 0.001891 
25660000.000 	 0.998260 	 0.001554 
25680000.000 	 0.997494 	 0.002998 
25700000.000 	 0.998861 	 0.001173 
25720000.000 	 0.996627 	 0.002800 
25740000.000 	 0.998313 	 0.001744 
25760000.000 	 0.998879 	 0.001543 
25780000.000 	 0.998014 	 0.001704 
25800000.000 	 0.998828 	 0.001428 
25820000.000 	 0.998533 	 0.001503 
25840000.000 	 0.997984 	 0.001940 
25860000.000 	 0.998923 	 0.001115 
25880000.000 	 0.998034 	 0.003259 
25900000.000 	 0.998023 	 0.002330 
25920000.000 	 0.998966 	 0.001048 
25940000.000 	 0.998707 	 0.001235 
25960000.000 	 0.997237 	 0.002098 
25980000.000 	 0.998178 	 0.002190 
26000000.000 	 0.999028 	 0.001043 
26020000.000 	 0.997348 	 0.002148 
26040000.000 	 0.999064 	 0.001496 
26060000.000 	 0.998526 	 0.001136 
26080000.000 	 0.997737 	 0.001628 
26100000.000 	 0.998985 	 0.000829 
26120000.000 	 0.998229 	 0.002078 
26140000.000 	 0.998237 	 0.001675 
26160000.000 	 0.997699 	 0.002137 
26180000.000 	 0.998118 	 0.001596 
26200000.000 	 0.999047 	 0.001273 
26220000.000 	 0.998967 	 0.000816 
26240000.000 	 0.998407 	 0.001783 
26260000.000 	 0.998269 	 0.002747 
26280000.000 	 0.996344 	 0.003688 
26300000.000 	 0.998585 	 0.001237 
26320000.000 	 0.998761 	 0.001814 
26340000.000 	 0.998725 	 0.001230 
26360000.000 	 0.997478 	 0.002682 
26380000.000 	 0.998442 	 0.003120 
26400000.000 	 0.995413 	 0.004541 
26420000.000 	 0.998490 	 0.001704 
26440000.000 	 0.998552 	 0.001514 
26460000.000 	 0.998212 	 0.002407 
26480000.000 	 0.999176 	 0.000895 
26500000.000 	 0.997436 	 0.002230 
26520000.000 	 0.999249 	 0.001095 
26540000.000 	 0.998007 	 0.001652 
26560000.000 	 0.998855 	 0.001083 
26580000.000 	 0.998810 	 0.000949 
26600000.000 	 0.998130 	 0.002123 
26620000.000 	 0.996649 	 0.005543 
26640000.000 	 0.997266 	 0.002216 
26660000.000 	 0.997908 	 0.002746 
26680000.000 	 0.998911 	 0.000877 
26700000.000 	 0.996580 	 0.003333 
26720000.000 	 0.999000 	 0.001345 
26740000.000 	 0.998544 	 0.001296 
26760000.000 	 0.998919 	 0.001295 
26780000.000 	 0.997713 	 0.002742 
26800000.000 	 0.998715 	 0.001445 
26820000.000 	 0.997792 	 0.002747 
26840000.000 	 0.998902 	 0.001107 
26860000.000 	 0.998821 	 0.001069 
26880000.000 	 0.998984 	 0.001069 
26900000.000 	 0.996636 	 0.003149 
26920000.000 	 0.995956 	 0.003182 
26940000.000 	 0.998423 	 0.001795 
26960000.000 	 0.997918 	 0.002061 
26980000.000 	 0.998583 	 0.001645 
27000000.000 	 0.999036 	 0.000840 
27020000.000 	 0.997323 	 0.004437 
27040000.000 	 0.998639 	 0.001706 
27060000.000 	 0.998573 	 0.001458 
27080000.000 	 0.998294 	 0.002077 
27100000.000 	 0.997738 	 0.002234 
27120000.000 	 0.998472 	 0.001689 
27140000.000 	 0.998701 	 0.001188 
27160000.000 	 0.998143 	 0.002187 
27180000.000 	 0.997776 	 0.001688 
27200000.000 	 0.999142 	 0.000856 
27220000.000 	 0.998714 	 0.002181 
27240000.000 	 0.998905 	 0.001178 
27260000.000 	 0.998404 	 0.001536 
27280000.000 	 0.998235 	 0.001562 
27300000.000 	 0.998691 	 0.001344 
27320000.000 	 0.998885 	 0.001013 
27340000.000 	 0.998300 	 0.001778 
27360000.000 	 0.996100 	 0.002792 
27380000.000 	 0.998928 	 0.001134 
27400000.000 	 0.998737 	 0.001472 
27420000.000 	 0.998877 	 0.000926 
27440000.000 	 0.998363 	 0.002057 
27460000.000 	 0.997983 	 0.002268 
27480000.000 	 0.998138 	 0.002195 
27500000.000 	 0.998804 	 0.001098 
27520000.000 	 0.998808 	 0.001102 
27540000.000 	 0.998174 	 0.001615 
27560000.000 	 0.997987 	 0.002199 
27580000.000 	 0.997487 	 0.001882 
27600000.000 	 0.998599 	 0.001719 
27620000.000 	 0.998337 	 0.001939 
27640000.000 	 0.998875 	 0.001169 
27660000.000 	 0.998140 	 0.001681 
27680000.000 	 0.998780 	 0.001208 
27700000.000 	 0.996841 	 0.004004 
27720000.000 	 0.997751 	 0.002733 
27740000.000 	 0.998173 	 0.003325 
27760000.000 	 0.997377 	 0.002886 
27780000.000 	 0.998420 	 0.001909 
27800000.000 	 0.997561 	 0.002810 
27820000.000 	 0.998753 	 0.001031 
27840000.000 	 0.998522 	 0.001249 
27860000.000 	 0.998345 	 0.003025 
27880000.000 	 0.997821 	 0.001423 
27900000.000 	 0.998413 	 0.002771 
27920000.000 	 0.998476 	 0.002497 
27940000.000 	 0.998509 	 0.001146 
27960000.000 	 0.997937 	 0.001776 
27980000.000 	 0.997040 	 0.003799 
28000000.000 	 0.995876 	 0.003142 
28020000.000 	 0.998099 	 0.002987 
28040000.000 	 0.999156 	 0.000960 
28060000.000 	 0.997676 	 0.001660 
28080000.000 	 0.998146 	 0.002360 
28100000.000 	 0.998478 	 0.001691 
28120000.000 	 0.997943 	 0.001625 
28140000.000 	 0.998619 	 0.001323 
28160000.000 	 0.997324 	 0.002573 
28180000.000 	 0.997645 	 0.002021 
28200000.000 	 0.998619 	 0.001707 
28220000.000 	 0.998400 	 0.002261 
28240000.000 	 0.998596 	 0.001433 
28260000.000 	 0.998942 	 0.001210 
28280000.000 	 0.998651 	 0.001228 
28300000.000 	 0.998402 	 0.001334 
28320000.000 	 0.998798 	 0.001799 
28340000.000 	 0.998218 	 0.001142 
28360000.000 	 0.998823 	 0.001449 
28380000.000 	 0.998420 	 0.001742 
28400000.000 	 0.997528 	 0.002012 
28420000.000 	 0.998642 	 0.001211 
28440000.000 	 0.998323 	 0.001523 
28460000.000 	 0.998944 	 0.001078 
28480000.000 	 0.998458 	 0.001331 
28500000.000 	 0.998787 	 0.001698 
28520000.000 	 0.998076 	 0.001515 
28540000.000 	 0.998333 	 0.001892 
28560000.000 	 0.998485 	 0.001627 
28580000.000 	 0.998689 	 0.001152 
28600000.000 	 0.997709 	 0.005491 
28620000.000 	 0.998642 	 0.001564 
28640000.000 	 0.997562 	 0.002749 
28660000.000 	 0.998626 	 0.001688 
28680000.000 	 0.997848 	 0.002304 
28700000.000 	 0.998245 	 0.002440 
28720000.000 	 0.998057 	 0.002101 
28740000.000 	 0.997998 	 0.002344 
28760000.000 	 0.997824 	 0.002955 
28780000.000 	 0.998815 	 0.001345 
28800000.000 	 0.999191 	 0.001396 
28820000.000 	 0.997446 	 0.003638 
28840000.000 	 0.997979 	 0.004956 
28860000.000 	 0.998917 	 0.001696 
28880000.000 	 0.999212 	 0.000740 
28900000.000 	 0.998001 	 0.002117 
28920000.000 	 0.998862 	 0.000998 
28940000.000 	 0.995691 	 0.006287 
28960000.000 	 0.998290 	 0.002183 
28980000.000 	 0.998269 	 0.001916 
29000000.000 	 0.997871 	 0.002514 
29020000.000 	 0.998354 	 0.001606 
29040000.000 	 0.998971 	 0.000951 
29060000.000 	 0.998585 	 0.001248 
29080000.000 	 0.998123 	 0.001424 
29100000.000 	 0.998296 	 0.001693 
29120000.000 	 0.997186 	 0.003142 
29140000.000 	 0.998593 	 0.001281 
29160000.000 	 0.997279 	 0.001744 
29180000.000 	 0.998613 	 0.001204 
29200000.000 	 0.998410 	 0.003668 
29220000.000 	 0.998552 	 0.001703 
29240000.000 	 0.998794 	 0.001636 
29260000.000 	 0.998663 	 0.001527 
29280000.000 	 0.998609 	 0.001493 
29300000.000 	 0.998827 	 0.001206 
29320000.000 	 0.998106 	 0.002503 
29340000.000 	 0.999083 	 0.001049 
29360000.000 	 0.998987 	 0.001514 
29380000.000 	 0.997679 	 0.002295 
29400000.000 	 0.998374 	 0.001887 
29420000.000 	 0.999250 	 0.000936 
29440000.000 	 0.998397 	 0.001419 
29460000.000 	 0.997864 	 0.002426 
29480000.000 	 0.998902 	 0.001074 
29500000.000 	 0.998258 	 0.002141 
29520000.000 	 0.998771 	 0.002133 
29540000.000 	 0.998963 	 0.000887 
29560000.000 	 0.997826 	 0.001988 
29580000.000 	 0.998217 	 0.001606 
29600000.000 	 0.997402 	 0.002798 
29620000.000 	 0.998676 	 0.001766 
29640000.000 	 0.998527 	 0.002489 
29660000.000 	 0.998134 	 0.002192 
29680000.000 	 0.997628 	 0.001814 
29700000.000 	 0.999212 	 0.000864 
29720000.000 	 0.998159 	 0.002539 
29740000.000 	 0.997898 	 0.002337 
29760000.000 	 0.998833 	 0.003269 
29780000.000 	 0.998364 	 0.008858 
29800000.000 	 0.998001 	 0.002015 
29820000.000 	 0.997866 	 0.001895 
29840000.000 	 0.998696 	 0.003182 
29860000.000 	 0.995770 	 0.002958 
29880000.000 	 0.997307 	 0.002525 
29900000.000 	 0.998731 	 0.001162 
29920000.000 	 0.999164 	 0.000846 
29940000.000 	 0.998890 	 0.001332 
29960000.000 	 0.998126 	 0.001468 
29980000.000 	 0.997627 	 0.003412 
30000000.000 	 0.997244 	 0.003592 
30020000.000 	 0.998367 	 0.002006 
30040000.000 	 0.999168 	 0.000832 
30060000.000 	 0.997070 	 0.004621 
30080000.000 	 0.998525 	 0.001075 
30100000.000 	 0.995729 	 0.004450 
30120000.000 	 0.998619 	 0.001269 
30140000.000 	 0.997732 	 0.001984 
30160000.000 	 0.999322 	 0.000862 
30180000.000 	 0.998791 	 0.000983 
30200000.000 	 0.998952 	 0.000961 
30220000.000 	 0.998506 	 0.002717 
30240000.000 	 0.998801 	 0.001189 
30260000.000 	 0.998624 	 0.001306 
30280000.000 	 0.999054 	 0.001342 
30300000.000 	 0.997735 	 0.001916 
30320000.000 	 0.998681 	 0.001444 
30340000.000 	 0.998786 	 0.001267 
30360000.000 	 0.997091 	 0.003271 
30380000.000 	 0.998118 	 0.001685 
30400000.000 	 0.998241 	 0.003501 
30420000.000 	 0.998609 	 0.001358 
30440000.000 	 0.997971 	 0.002922 
30460000.000 	 0.998793 	 0.002091 
30480000.000 	 0.998842 	 0.001032 
30500000.000 	 0.998423 	 0.001271 
30520000.000 	 0.998902 	 0.001184 
30540000.000 	 0.998841 	 0.001218 
30560000.000 	 0.998527 	 0.001271 
30580000.000 	 0.997792 	 0.002761 
30600000.000 	 0.998412 	 0.003084 
30620000.000 	 0.998299 	 0.001644 
30640000.000 	 0.998776 	 0.000924 
30660000.000 	 0.998207 	 0.001415 
30680000.000 	 0.997750 	 0.002381 
30700000.000 	 0.998055 	 0.003593 
30720000.000 	 0.998908 	 0.002117 
30740000.000 	 0.998730 	 0.001376 
30760000.000 	 0.998679 	 0.001259 
30780000.000 	 0.999087 	 0.001084 
30800000.000 	 0.998816 	 0.001155 
30820000.000 	 0.998005 	 0.002184 
30840000.000 	 0.998790 	 0.001150 
30860000.000 	 0.998576 	 0.001355 
30880000.000 	 0.998742 	 0.001538 
30900000.000 	 0.998520 	 0.001334 
30920000.000 	 0.998130 	 0.001993 
30940000.000 	 0.998858 	 0.001240 
30960000.000 	 0.998012 	 0.002372 
30980000.000 	 0.997599 	 0.002500 
31000000.000 	 0.996913 	 0.005159 
31020000.000 	 0.998337 	 0.002636 
31040000.000 	 0.998073 	 0.002184 
31060000.000 	 0.998249 	 0.001761 
31080000.000 	 0.998624 	 0.001494 
31100000.000 	 0.996308 	 0.002434 
31120000.000 	 0.998373 	 0.003766 
31140000.000 	 0.997589 	 0.003076 
31160000.000 	 0.998604 	 0.001292 
31180000.000 	 0.999020 	 0.001032 
31200000.000 	 0.997120 	 0.004127 
31220000.000 	 0.998351 	 0.002509 
31240000.000 	 0.995709 	 0.005186 
31260000.000 	 0.998044 	 0.002099 
31280000.000 	 0.998594 	 0.002872 
31300000.000 	 0.998848 	 0.001481 
31320000.000 	 0.998457 	 0.002305 
31340000.000 	 0.998379 	 0.001652 
31360000.000 	 0.999001 	 0.000872 
31380000.000 	 0.998989 	 0.001156 
31400000.000 	 0.998654 	 0.001876 
31420000.000 	 0.998854 	 0.000999 
31440000.000 	 0.998771 	 0.000995 
31460000.000 	 0.999338 	 0.000590 
31480000.000 	 0.998756 	 0.001273 
31500000.000 	 0.999026 	 0.001141 
31520000.000 	 0.998701 	 0.002054 
31540000.000 	 0.997766 	 0.001836 
31560000.000 	 0.996876 	 0.002201 
31580000.000 	 0.998342 	 0.001449 
31600000.000 	 0.998262 	 0.001667 
31620000.000 	 0.998165 	 0.001948 
31640000.000 	 0.998505 	 0.002146 
31660000.000 	 0.997645 	 0.002205 
31680000.000 	 0.998983 	 0.000878 
31700000.000 	 0.997904 	 0.002004 
31720000.000 	 0.998338 	 0.001367 
31740000.000 	 0.998931 	 0.001275 
31760000.000 	 0.999067 	 0.001097 
31780000.000 	 0.998606 	 0.001559 
31800000.000 	 0.996189 	 0.003403 
31820000.000 	 0.999229 	 0.000786 
31840000.000 	 0.998765 	 0.001021 
31860000.000 	 0.999046 	 0.001035 
31880000.000 	 0.999005 	 0.001621 
31900000.000 	 0.998207 	 0.002564 
31920000.000 	 0.998157 	 0.001971 
31940000.000 	 0.998948 	 0.000972 
31960000.000 	 0.997280 	 0.001864 
31980000.000 	 0.999151 	 0.000769 
32000000.000 	 0.998195 	 0.002079 
32020000.000 	 0.999228 	 0.001725 
32040000.000 	 0.999230 	 0.000939 
32060000.000 	 0.998630 	 0.001167 
32080000.000 	 0.998806 	 0.001327 
32100000.000 	 0.997033 	 0.003114 
32120000.000 	 0.999005 	 0.001108 
32140000.000 	 0.998406 	 0.001657 
32160000.000 	 0.998170 	 0.001652 
32180000.000 	 0.997629 	 0.002353 
32200000.000 	 0.997641 	 0.002189 
32220000.000 	 0.998848 	 0.001110 
32240000.000 	 0.997748 	 0.001588 
32260000.000 	 0.998583 	 0.001507 
32280000.000 	 0.999458 	 0.000529 
32300000.000 	 0.998637 	 0.001211 
32320000.000 	 0.999179 	 0.000697 
32340000.000 	 0.998441 	 0.001356 
32360000.000 	 0.999264 	 0.000646 
32380000.000 	 0.998270 	 0.001123 
32400000.000 	 0.998302 	 0.001484 
32420000.000 	 0.998106 	 0.001795 
32440000.000 	 0.998254 	 0.001860 
32460000.000 	 0.998930 	 0.001172 
32480000.000 	 0.998921 	 0.001449 
32500000.000 	 0.997859 	 0.002910 
32520000.000 	 0.997835 	 0.002495 
32540000.000 	 0.998442 	 0.002936 
32560000.000 	 0.998524 	 0.001717 
32580000.000 	 0.996634 	 0.003371 
32600000.000 	 0.998178 	 0.002778 
32620000.000 	 0.997423 	 0.003233 
32640000.000 	 0.998794 	 0.000966 
32660000.000 	 0.998667 	 0.001729 
32680000.000 	 0.996976 	 0.002442 
32700000.000 	 0.998040 	 0.001595 
32720000.000 	 0.998161 	 0.002683 
32740000.000 	 0.998092 	 0.003104 
32760000.000 	 0.998661 	 0.001350 
32780000.000 	 0.998762 	 0.000784 
32800000.000 	 0.999015 	 0.001217 
32820000.000 	 0.998523 	 0.002652 
32840000.000 	 0.997795 	 0.001871 
32860000.000 	 0.998821 	 0.001424 
32880000.000 	 0.998234 	 0.001858 
32900000.000 	 0.997077 	 0.002602 
32920000.000 	 0.999149 	 0.000922 
32940000.000 	 0.998197 	 0.002344 
32960000.000 	 0.998656 	 0.001382 
32980000.000 	 0.998645 	 0.001514 
33000000.000 	 0.997855 	 0.002269 
33020000.000 	 0.998324 	 0.002480 
33040000.000 	 0.998154 	 0.001958 
33060000.000 	 0.998021 	 0.001594 
33080000.000 	 0.997393 	 0.002757 
33100000.000 	 0.997620 	 0.001548 
33120000.000 	 0.998698 	 0.001799 
33140000.000 	 0.997408 	 0.002729 
33160000.000 	 0.998355 	 0.001267 
33180000.000 	 0.998378 	 0.001331 
33200000.000 	 0.998975 	 0.001181 
33220000.000 	 0.998763 	 0.000942 
33240000.000 	 0.998631 	 0.001506 
33260000.000 	 0.998023 	 0.001536 
33280000.000 	 0.998110 	 0.001829 
33300000.000 	 0.997563 	 0.002604 
33320000.000 	 0.998047 	 0.002033 
33340000.000 	 0.998309 	 0.001839 
33360000.000 	 0.998687 	 0.001657 
33380000.000 	 0.996121 	 0.002747 
33400000.000 	 0.997560 	 0.001646 
33420000.000 	 0.998496 	 0.001339 
33440000.000 	 0.999135 	 0.000939 
33460000.000 	 0.998801 	 0.001310 
33480000.000 	 0.998757 	 0.001233 
33500000.000 	 0.997640 	 0.002591 
33520000.000 	 0.996929 	 0.004872 
33540000.000 	 0.998382 	 0.002029 
33560000.000 	 0.996371 	 0.002226 
33580000.000 	 0.998410 	 0.001455 
33600000.000 	 0.998789 	 0.001366 
33620000.000 	 0.997468 	 0.002633 
33640000.000 	 0.997902 	 0.002527 
33660000.000 	 0.998390 	 0.001582 
33680000.000 	 0.998900 	 0.000995 
33700000.000 	 0.999044 	 0.000964 
33720000.000 	 0.999149 	 0.000754 
33740000.000 	 0.997671 	 0.001571 
33760000.000 	 0.997049 	 0.001989 
33780000.000 	 0.998372 	 0.002021 
33800000.000 	 0.998688 	 0.001195 
33820000.000 	 0.998404 	 0.001434 
33840000.000 	 0.999075 	 0.001053 
33860000.000 	 0.998229 	 0.001819 
33880000.000 	 0.998042 	 0.001450 
33900000.000 	 0.997139 	 0.003012 
33920000.000 	 0.998953 	 0.000869 
33940000.000 	 0.998329 	 0.001749 
33960000.000 	 0.997499 	 0.002315 
33980000.000 	 0.998964 	 0.000804 
34000000.000 	 0.999091 	 0.000793 
34020000.000 	 0.997949 	 0.001573 
34040000.000 	 0.998589 	 0.001508 
34060000.000 	 0.997330 	 0.003060 
34080000.000 	 0.998978 	 0.000965 
34100000.000 	 0.999184 	 0.000864 
34120000.000 	 0.997741 	 0.002280 
34140000.000 	 0.998503 	 0.001473 
34160000.000 	 0.997305 	 0.002495 
34180000.000 	 0.997714 	 0.002660 
34200000.000 	 0.998941 	 0.000996 
34220000.000 	 0.997428 	 0.002086 
34240000.000 	 0.998857 	 0.001024 
34260000.000 	 0.999291 	 0.001074 
34280000.000 	 0.998835 	 0.001494 
34300000.000 	 0.998331 	 0.001428 
34320000.000 	 0.997803 	 0.002176 
34340000.000 	 0.998414 	 0.001294 
34360000.000 	 0.998884 	 0.001296 
34380000.000 	 0.998120 	 0.001640 
34400000.000 	 0.998211 	 0.001656 
34420000.000 	 0.999176 	 0.000629 
34440000.000 	 0.998447 	 0.001278 
34460000.000 	 0.998356 	 0.001276 
34480000.000 	 0.999033 	 0.001123 
34500000.000 	 0.998686 	 0.001540 
34520000.000 	 0.999027 	 0.000901 
34540000.000 	 0.998945 	 0.000869 
34560000.000 	 0.998204 	 0.002048 
34580000.000 	 0.998995 	 0.001093 
34600000.000 	 0.997880 	 0.001757 
34620000.000 	 0.997907 	 0.002774 
34640000.000 	 0.997356 	 0.002992 
34660000.000 	 0.999077 	 0.001000 
34680000.000 	 0.998048 	 0.001839 
34700000.000 	 0.997611 	 0.002753 
34720000.000 	 0.998452 	 0.001934 
34740000.000 	 0.998966 	 0.001113 
34760000.000 	 0.998600 	 0.001464 
34780000.000 	 0.998867 	 0.001124 
34800000.000 	 0.998176 	 0.001872 
34820000.000 	 0.998816 	 0.001090 
34840000.000 	 0.998553 	 0.001161 
34860000.000 	 0.999127 	 0.000789 
34880000.000 	 0.998912 	 0.000918 
34900000.000 	 0.998755 	 0.001331 
34920000.000 	 0.996987 	 0.002335 
34940000.000 	 0.999290 	 0.000776 
34960000.000 	 0.998250 	 0.001230 
34980000.000 	 0.998600 	 0.001542 
35000000.000 	 0.998733 	 0.001343 
35020000.000 	 0.998675 	 0.001204 
35040000.000 	 0.998829 	 0.001410 
35060000.000 	 0.998389 	 0.001737 
35080000.000 	 0.998334 	 0.001582 
35100000.000 	 0.998845 	 0.001298 
35120000.000 	 0.997641 	 0.002887 
35140000.000 	 0.998741 	 0.001063 
35160000.000 	 0.996817 	 0.002822 
35180000.000 	 0.998835 	 0.001485 
35200000.000 	 0.998676 	 0.001419 
35220000.000 	 0.998349 	 0.001280 
35240000.000 	 0.998605 	 0.001848 
35260000.000 	 0.998795 	 0.001538 
35280000.000 	 0.997783 	 0.001815 
35300000.000 	 0.997961 	 0.001708 
35320000.000 	 0.998649 	 0.001270 
35340000.000 	 0.999258 	 0.000919 
35360000.000 	 0.998716 	 0.001160 
35380000.000 	 0.998619 	 0.000998 
35400000.000 	 0.998655 	 0.001389 
35420000.000 	 0.998236 	 0.001645 
35440000.000 	 0.998712 	 0.001350 
35460000.000 	 0.998770 	 0.001191 
35480000.000 	 0.998878 	 0.001757 
35500000.000 	 0.998276 	 0.002285 
35520000.000 	 0.998810 	 0.001196 
35540000.000 	 0.998955 	 0.001425 
35560000.000 	 0.999195 	 0.000953 
35580000.000 	 0.998490 	 0.001562 
35600000.000 	 0.998349 	 0.001472 
35620000.000 	 0.998245 	 0.001526 
35640000.000 	 0.998513 	 0.001546 
35660000.000 	 0.998128 	 0.001703 
35680000.000 	 0.998560 	 0.001131 
35700000.000 	 0.996744 	 0.003071 
35720000.000 	 0.998371 	 0.001716 
35740000.000 	 0.998930 	 0.001250 
35760000.000 	 0.998608 	 0.001564 
35780000.000 	 0.997247 	 0.002533 
35800000.000 	 0.998330 	 0.002942 
35820000.000 	 0.998100 	 0.001580 
35840000.000 	 0.998871 	 0.001030 
35860000.000 	 0.999036 	 0.001022 
35880000.000 	 0.998222 	 0.001885 
35900000.000 	 0.998439 	 0.001514 
35920000.000 	 0.998711 	 0.001327 
35940000.000 	 0.997658 	 0.002225 
35960000.000 	 0.998684 	 0.001783 
35980000.000 	 0.998219 	 0.001333 
36000000.000 	 0.998257 	 0.001422 
36020000.000 	 0.998492 	 0.001532 
36040000.000 	 0.999119 	 0.001032 
36060000.000 	 0.999123 	 0.001395 
36080000.000 	 0.998781 	 0.001789 
36100000.000 	 0.998905 	 0.001116 
36120000.000 	 0.998362 	 0.002588 
36140000.000 	 0.996532 	 0.002459 
36160000.000 	 0.998493 	 0.001166 
36180000.000 	 0.998720 	 0.001522 
36200000.000 	 0.997963 	 0.001787 
36220000.000 	 0.998210 	 0.001507 
36240000.000 	 0.999205 	 0.000849 
36260000.000 	 0.998257 	 0.001472 
36280000.000 	 0.998309 	 0.001238 
36300000.000 	 0.998351 	 0.001925 
36320000.000 	 0.999113 	 0.000968 
36340000.000 	 0.998731 	 0.002684 
36360000.000 	 0.998838 	 0.001405 
36380000.000 	 0.998786 	 0.001762 
36400000.000 	 0.997305 	 0.002060 
36420000.000 	 0.998428 	 0.001868 
36440000.000 	 0.998574 	 0.001369 
36460000.000 	 0.996952 	 0.002512 
36480000.000 	 0.997979 	 0.001420 
36500000.000 	 0.999266 	 0.000787 
36520000.000 	 0.999058 	 0.001054 
36540000.000 	 0.996400 	 0.002961 
36560000.000 	 0.998103 	 0.001527 
36580000.000 	 0.998395 	 0.001491 
36600000.000 	 0.998870 	 0.001221 
36620000.000 	 0.997515 	 0.002248 
36640000.000 	 0.999084 	 0.000898 
36660000.000 	 0.998247 	 0.001721 
36680000.000 	 0.998994 	 0.001008 
36700000.000 	 0.998928 	 0.001258 
36720000.000 	 0.998618 	 0.001144 
36740000.000 	 0.996218 	 0.002555 
36760000.000 	 0.998177 	 0.001439 
36780000.000 	 0.998178 	 0.002016 
36800000.000 	 0.999035 	 0.001181 
36820000.000 	 0.997737 	 0.002262 
36840000.000 	 0.998907 	 0.001057 
36860000.000 	 0.998808 	 0.001366 
36880000.000 	 0.998648 	 0.001408 
36900000.000 	 0.998793 	 0.001244 
36920000.000 	 0.998125 	 0.003078 
36940000.000 	 0.997838 	 0.002040 
36960000.000 	 0.998415 	 0.001755 
36980000.000 	 0.998483 	 0.001439 
37000000.000 	 0.999146 	 0.000913 
37020000.000 	 0.994330 	 0.002755 
37040000.000 	 0.999039 	 0.001025 
37060000.000 	 0.997698 	 0.002535 
37080000.000 	 0.998806 	 0.000995 
37100000.000 	 0.998886 	 0.000924 
37120000.000 	 0.998886 	 0.001144 
37140000.000 	 0.998463 	 0.001488 
37160000.000 	 0.999138 	 0.000972 
37180000.000 	 0.998665 	 0.002634 
37200000.000 	 0.998507 	 0.002054 
37220000.000 	 0.998703 	 0.001070 
37240000.000 	 0.998644 	 0.001578 
37260000.000 	 0.996908 	 0.002633 
37280000.000 	 0.997964 	 0.001330 
37300000.000 	 0.998516 	 0.001290 
37320000.000 	 0.998056 	 0.002076 
37340000.000 	 0.998651 	 0.001463 
37360000.000 	 0.998503 	 0.002161 
37380000.000 	 0.998437 	 0.002034 
37400000.000 	 0.997752 	 0.001931 
37420000.000 	 0.999360 	 0.000901 
37440000.000 	 0.998235 	 0.001347 
37460000.000 	 0.998322 	 0.001558 
37480000.000 	 0.998090 	 0.001774 
37500000.000 	 0.998156 	 0.001607 
37520000.000 	 0.998726 	 0.001226 
37540000.000 	 0.998554 	 0.001112 
37560000.000 	 0.998484 	 0.001326 
37580000.000 	 0.998581 	 0.001713 
37600000.000 	 0.997609 	 0.002358 
37620000.000 	 0.999114 	 0.000926 
37640000.000 	 0.998179 	 0.001668 
37660000.000 	 0.998437 	 0.001797 
37680000.000 	 0.999268 	 0.000876 
37700000.000 	 0.998231 	 0.002577 
37720000.000 	 0.997864 	 0.001815 
37740000.000 	 0.997911 	 0.003503 
37760000.000 	 0.998830 	 0.001141 
37780000.000 	 0.998671 	 0.001449 
37800000.000 	 0.999162 	 0.000861 
37820000.000 	 0.998537 	 0.001783 
37840000.000 	 0.998533 	 0.001464 
37860000.000 	 0.998300 	 0.001914 
37880000.000 	 0.998375 	 0.001818 
37900000.000 	 0.997716 	 0.002128 
37920000.000 	 0.998435 	 0.001330 
37940000.000 	 0.997828 	 0.001741 
37960000.000 	 0.996759 	 0.002640 
37980000.000 	 0.999227 	 0.000720 
38000000.000 	 0.998241 	 0.001552 
38020000.000 	 0.998543 	 0.001515 
38040000.000 	 0.997612 	 0.002352 
38060000.000 	 0.997607 	 0.002206 
38080000.000 	 0.998950 	 0.001126 
38100000.000 	 0.999263 	 0.000674 
38120000.000 	 0.998727 	 0.001214 
38140000.000 	 0.998462 	 0.001226 
38160000.000 	 0.998114 	 0.002448 
38180000.000 	 0.998899 	 0.001206 
38200000.000 	 0.998483 	 0.001439 
38220000.000 	 0.998495 	 0.002326 
38240000.000 	 0.998294 	 0.001575 
38260000.000 	 0.998990 	 0.000994 
38280000.000 	 0.998811 	 0.001455 
38300000.000 	 0.997685 	 0.002503 
38320000.000 	 0.998665 	 0.001353 
38340000.000 	 0.998405 	 0.001196 
38360000.000 	 0.997581 	 0.002066 
38380000.000 	 0.999085 	 0.001009 
38400000.000 	 0.998319 	 0.001454 
38420000.000 	 0.998111 	 0.001367 
38440000.000 	 0.997843 	 0.002195 
38460000.000 	 0.998976 	 0.000881 
38480000.000 	 0.998790 	 0.001074 
38500000.000 	 0.999084 	 0.000935 
38520000.000 	 0.998324 	 0.001929 
38540000.000 	 0.998828 	 0.001090 
38560000.000 	 0.998161 	 0.001417 
38580000.000 	 0.996745 	 0.002827 
38600000.000 	 0.996699 	 0.002911 
38620000.000 	 0.998454 	 0.001845 
38640000.000 	 0.997121 	 0.002253 
38660000.000 	 0.998217 	 0.002763 
38680000.000 	 0.998501 	 0.001280 
38700000.000 	 0.996306 	 0.002757 
38720000.000 	 0.997982 	 0.001660 
38740000.000 	 0.998433 	 0.001809 
38760000.000 	 0.998844 	 0.000953 
38780000.000 	 0.998382 	 0.002038 
38800000.000 	 0.998608 	 0.001425 
38820000.000 	 0.998769 	 0.001528 
38840000.000 	 0.998320 	 0.002564 
38860000.000 	 0.998736 	 0.001074 
38880000.000 	 0.998924 	 0.001068 
38900000.000 	 0.998883 	 0.001342 
38920000.000 	 0.999015 	 0.001232 
38940000.000 	 0.997448 	 0.002989 
38960000.000 	 0.998104 	 0.001909 
38980000.000 	 0.998807 	 0.001558 
39000000.000 	 0.999004 	 0.001166 
39020000.000 	 0.996804 	 0.003714 
39040000.000 	 0.996698 	 0.002775 
39060000.000 	 0.998886 	 0.001021 
39080000.000 	 0.995497 	 0.004931 
39100000.000 	 0.996372 	 0.002543 
39120000.000 	 0.996918 	 0.002349 
39140000.000 	 0.997803 	 0.001560 
39160000.000 	 0.997378 	 0.001866 
39180000.000 	 0.998989 	 0.000867 
39200000.000 	 0.998618 	 0.002003 
39220000.000 	 0.998948 	 0.000895 
39240000.000 	 0.998839 	 0.001181 
39260000.000 	 0.997518 	 0.003609 
39280000.000 	 0.998768 	 0.001975 
39300000.000 	 0.997107 	 0.003856 
39320000.000 	 0.998867 	 0.001204 
39340000.000 	 0.997841 	 0.002976 
39360000.000 	 0.999195 	 0.000860 
39380000.000 	 0.998948 	 0.001018 
39400000.000 	 0.998641 	 0.001163 
39420000.000 	 0.996834 	 0.003295 
39440000.000 	 0.995775 	 0.002386 
39460000.000 	 0.997758 	 0.001631 
39480000.000 	 0.997522 	 0.001709 
39500000.000 	 0.998707 	 0.001059 
39520000.000 	 0.997297 	 0.002042 
39540000.000 	 0.998941 	 0.001139 
39560000.000 	 0.998924 	 0.001143 
39580000.000 	 0.998650 	 0.001822 
39600000.000 	 0.997914 	 0.002502 
39620000.000 	 0.998815 	 0.001098 
39640000.000 	 0.998444 	 0.001557 
39660000.000 	 0.998088 	 0.002358 
39680000.000 	 0.998891 	 0.001475 
39700000.000 	 0.998076 	 0.001725 
39720000.000 	 0.995917 	 0.003732 
39740000.000 	 0.998115 	 0.002017 
39760000.000 	 0.998223 	 0.001768 
39780000.000 	 0.997893 	 0.001555 
39800000.000 	 0.999162 	 0.000854 
39820000.000 	 0.998351 	 0.001658 
39840000.000 	 0.997610 	 0.001614 
39860000.000 	 0.998564 	 0.001836 
39880000.000 	 0.998844 	 0.001097 
39900000.000 	 0.998242 	 0.001925 
39920000.000 	 0.996498 	 0.002581 
39940000.000 	 0.998387 	 0.001956 
39960000.000 	 0.997294 	 0.002836 
39980000.000 	 0.997955 	 0.003205 
40000000.000 	 0.998168 	 0.002458 
40020000.000 	 0.997410 	 0.002488 
40040000.000 	 0.997270 	 0.002677 
40060000.000 	 0.998018 	 0.001609 
40080000.000 	 0.998877 	 0.001321 
40100000.000 	 0.997346 	 0.001874 
40120000.000 	 0.999000 	 0.001050 
40140000.000 	 0.997613 	 0.002143 
40160000.000 	 0.998486 	 0.001567 
40180000.000 	 0.998584 	 0.001233 
40200000.000 	 0.999347 	 0.000696 
40220000.000 	 0.998530 	 0.001264 
40240000.000 	 0.998896 	 0.001156 
40260000.000 	 0.998419 	 0.001446 
40280000.000 	 0.998709 	 0.001466 
40300000.000 	 0.997854 	 0.001998 
40320000.000 	 0.998522 	 0.001500 
40340000.000 	 0.998975 	 0.000785 
40360000.000 	 0.998745 	 0.001389 
40380000.000 	 0.998060 	 0.001908 
40400000.000 	 0.997744 	 0.002650 
40420000.000 	 0.997670 	 0.002357 
40440000.000 	 0.997435 	 0.002186 
40460000.000 	 0.998475 	 0.001846 
40480000.000 	 0.997853 	 0.003284 
40500000.000 	 0.998191 	 0.001870 
40520000.000 	 0.998263 	 0.001623 
40540000.000 	 0.998836 	 0.001166 
40560000.000 	 0.998512 	 0.001408 
40580000.000 	 0.999094 	 0.001019 
40600000.000 	 0.998780 	 0.001438 
40620000.000 	 0.997924 	 0.001976 
40640000.000 	 0.998717 	 0.001194 
40660000.000 	 0.998642 	 0.001276 
40680000.000 	 0.999049 	 0.000882 
40700000.000 	 0.998370 	 0.002212 
40720000.000 	 0.998518 	 0.002256 
40740000.000 	 0.997497 	 0.002198 
40760000.000 	 0.998470 	 0.002004 
40780000.000 	 0.998435 	 0.001902 
40800000.000 	 0.998715 	 0.001100 
40820000.000 	 0.998829 	 0.000973 
40840000.000 	 0.999073 	 0.001210 
40860000.000 	 0.998930 	 0.000995 
40880000.000 	 0.998639 	 0.000869 
40900000.000 	 0.998152 	 0.001212 
40920000.000 	 0.998258 	 0.001602 
40940000.000 	 0.998605 	 0.001417 
40960000.000 	 0.999020 	 0.000868 
40980000.000 	 0.998779 	 0.001308 
41000000.000 	 0.998821 	 0.001293 
41020000.000 	 0.998739 	 0.001203 
41040000.000 	 0.999127 	 0.000780 
41060000.000 	 0.998692 	 0.001757 
41080000.000 	 0.998657 	 0.001357 
41100000.000 	 0.998489 	 0.002518 
41120000.000 	 0.999078 	 0.001087 
41140000.000 	 0.998394 	 0.001827 
41160000.000 	 0.998326 	 0.001622 
41180000.000 	 0.997796 	 0.002421 
41200000.000 	 0.999218 	 0.000718 
41220000.000 	 0.998876 	 0.001406 
41240000.000 	 0.998496 	 0.001337 
41260000.000 	 0.998962 	 0.000813 
41280000.000 	 0.998895 	 0.000948 
41300000.000 	 0.998797 	 0.001234 
41320000.000 	 0.998861 	 0.001026 
41340000.000 	 0.998608 	 0.001006 
41360000.000 	 0.998959 	 0.001122 
41380000.000 	 0.998592 	 0.001390 
41400000.000 	 0.997645 	 0.002671 
41420000.000 	 0.998123 	 0.002526 
41440000.000 	 0.998317 	 0.002046 
41460000.000 	 0.998195 	 0.001771 
41480000.000 	 0.995823 	 0.006986 
41500000.000 	 0.998381 	 0.002296 
41520000.000 	 0.998477 	 0.001706 
41540000.000 	 0.998770 	 0.001621 
41560000.000 	 0.998024 	 0.001216 
41580000.000 	 0.997916 	 0.001834 
41600000.000 	 0.998737 	 0.001045 
41620000.000 	 0.998129 	 0.001284 
41640000.000 	 0.997293 	 0.002145 
41660000.000 	 0.997101 	 0.003204 
41680000.000 	 0.995808 	 0.003354 
41700000.000 	 0.996941 	 0.003019 
41720000.000 	 0.998677 	 0.000942 
41740000.000 	 0.997260 	 0.002652 
41760000.000 	 0.999018 	 0.001285 
41780000.000 	 0.997949 	 0.001627 
41800000.000 	 0.997963 	 0.001433 
41820000.000 	 0.998857 	 0.000944 
41840000.000 	 0.998976 	 0.001198 
41860000.000 	 0.998683 	 0.001662 
41880000.000 	 0.998194 	 0.001468 
41900000.000 	 0.998506 	 0.001131 
41920000.000 	 0.998892 	 0.000847 
41940000.000 	 0.997645 	 0.002092 
41960000.000 	 0.994582 	 0.003433 
41980000.000 	 0.998634 	 0.001118 
42000000.000 	 0.998566 	 0.002144 
42020000.000 	 0.998613 	 0.001962 
42040000.000 	 0.998422 	 0.001697 
42060000.000 	 0.998751 	 0.001437 
42080000.000 	 0.998739 	 0.001516 
42100000.000 	 0.998977 	 0.001040 
42120000.000 	 0.998990 	 0.001113 
42140000.000 	 0.998696 	 0.001475 
42160000.000 	 0.997860 	 0.001733 
42180000.000 	 0.998876 	 0.001206 
42200000.000 	 0.999250 	 0.000840 
42220000.000 	 0.998507 	 0.001498 
42240000.000 	 0.996427 	 0.003212 
42260000.000 	 0.996891 	 0.002300 
42280000.000 	 0.999068 	 0.000865 
42300000.000 	 0.999254 	 0.000853 
42320000.000 	 0.996303 	 0.003367 
42340000.000 	 0.997619 	 0.003508 
42360000.000 	 0.998345 	 0.001468 
42380000.000 	 0.998634 	 0.001188 
42400000.000 	 0.998496 	 0.001257 
42420000.000 	 0.998654 	 0.001902 
42440000.000 	 0.997873 	 0.001899 
42460000.000 	 0.996183 	 0.004012 
42480000.000 	 0.998379 	 0.001643 
42500000.000 	 0.994517 	 0.003711 
42520000.000 	 0.998879 	 0.001187 
42540000.000 	 0.998640 	 0.001358 
42560000.000 	 0.998134 	 0.002492 
42580000.000 	 0.998841 	 0.001232 
42600000.000 	 0.998273 	 0.001327 
