       0.000 	 0.945764 	 0.041298 
   20000.000 	 0.941947 	 0.039831 
   40000.000 	 0.946759 	 0.042820 
   60000.000 	 0.948842 	 0.042830 
   80000.000 	 0.954459 	 0.035261 
  100000.000 	 0.946273 	 0.044427 
  120000.000 	 0.961541 	 0.034990 
  140000.000 	 0.963034 	 0.034930 
  160000.000 	 0.963595 	 0.033449 
  180000.000 	 0.963762 	 0.039665 
  200000.000 	 0.966465 	 0.031615 
  220000.000 	 0.966174 	 0.035652 
  240000.000 	 0.972793 	 0.029915 
  260000.000 	 0.972958 	 0.032127 
  280000.000 	 0.976919 	 0.029981 
  300000.000 	 0.972099 	 0.031978 
  320000.000 	 0.974214 	 0.033144 
  340000.000 	 0.976237 	 0.023236 
  360000.000 	 0.980325 	 0.022865 
  380000.000 	 0.979450 	 0.023073 
  400000.000 	 0.978192 	 0.028997 
  420000.000 	 0.974689 	 0.028684 
  440000.000 	 0.981261 	 0.025347 
  460000.000 	 0.980148 	 0.026502 
  480000.000 	 0.980703 	 0.024285 
  500000.000 	 0.980472 	 0.033535 
  520000.000 	 0.983278 	 0.022381 
  540000.000 	 0.984575 	 0.023182 
  560000.000 	 0.985807 	 0.017284 
  580000.000 	 0.982723 	 0.024317 
  600000.000 	 0.981551 	 0.025498 
  620000.000 	 0.982965 	 0.025198 
  640000.000 	 0.986567 	 0.020354 
  660000.000 	 0.988388 	 0.015936 
  680000.000 	 0.987466 	 0.016853 
  700000.000 	 0.990972 	 0.013202 
  720000.000 	 0.988467 	 0.012774 
  740000.000 	 0.988388 	 0.019058 
  760000.000 	 0.988136 	 0.011893 
  780000.000 	 0.989109 	 0.011476 
  800000.000 	 0.988018 	 0.018353 
  820000.000 	 0.990429 	 0.016325 
  840000.000 	 0.987974 	 0.017891 
  860000.000 	 0.987454 	 0.021888 
  880000.000 	 0.992862 	 0.013944 
  900000.000 	 0.992034 	 0.015153 
  920000.000 	 0.989181 	 0.018139 
  940000.000 	 0.990337 	 0.018929 
  960000.000 	 0.992780 	 0.013581 
  980000.000 	 0.994192 	 0.006263 
 1000000.000 	 0.994310 	 0.007949 
 1020000.000 	 0.994313 	 0.009241 
 1040000.000 	 0.993155 	 0.010288 
 1060000.000 	 0.991116 	 0.011680 
 1080000.000 	 0.992314 	 0.009613 
 1100000.000 	 0.990448 	 0.016116 
 1120000.000 	 0.993675 	 0.007365 
 1140000.000 	 0.991768 	 0.009905 
 1160000.000 	 0.993288 	 0.010310 
 1180000.000 	 0.995253 	 0.009716 
 1200000.000 	 0.994542 	 0.005761 
 1220000.000 	 0.989277 	 0.011261 
 1240000.000 	 0.992542 	 0.010147 
 1260000.000 	 0.995306 	 0.006357 
 1280000.000 	 0.992755 	 0.008996 
 1300000.000 	 0.994345 	 0.009364 
 1320000.000 	 0.990830 	 0.009917 
 1340000.000 	 0.992421 	 0.010027 
 1360000.000 	 0.994754 	 0.007802 
 1380000.000 	 0.995637 	 0.005407 
 1400000.000 	 0.995172 	 0.006445 
 1420000.000 	 0.995750 	 0.007741 
 1440000.000 	 0.993323 	 0.007686 
 1460000.000 	 0.994687 	 0.007343 
 1480000.000 	 0.991021 	 0.009730 
 1500000.000 	 0.992033 	 0.010786 
 1520000.000 	 0.994681 	 0.006335 
 1540000.000 	 0.994704 	 0.009052 
 1560000.000 	 0.991183 	 0.007835 
 1580000.000 	 0.996587 	 0.006012 
 1600000.000 	 0.992737 	 0.007335 
 1620000.000 	 0.992999 	 0.006741 
 1640000.000 	 0.992445 	 0.009269 
 1660000.000 	 0.995360 	 0.007201 
 1680000.000 	 0.996588 	 0.004573 
 1700000.000 	 0.993752 	 0.009103 
 1720000.000 	 0.995001 	 0.005675 
 1740000.000 	 0.997710 	 0.002334 
 1760000.000 	 0.996023 	 0.004974 
 1780000.000 	 0.995950 	 0.005673 
 1800000.000 	 0.994731 	 0.007403 
 1820000.000 	 0.996265 	 0.008368 
 1840000.000 	 0.996666 	 0.003928 
 1860000.000 	 0.995437 	 0.005688 
 1880000.000 	 0.995346 	 0.005061 
 1900000.000 	 0.994434 	 0.004593 
 1920000.000 	 0.996403 	 0.003508 
 1940000.000 	 0.992143 	 0.004877 
 1960000.000 	 0.987328 	 0.009458 
 1980000.000 	 0.994327 	 0.005779 
 2000000.000 	 0.994846 	 0.004154 
 2020000.000 	 0.996820 	 0.003948 
 2040000.000 	 0.995723 	 0.004803 
 2060000.000 	 0.994852 	 0.004582 
 2080000.000 	 0.995121 	 0.006173 
 2100000.000 	 0.996644 	 0.004054 
 2120000.000 	 0.996111 	 0.003915 
 2140000.000 	 0.996384 	 0.004210 
 2160000.000 	 0.995409 	 0.003939 
 2180000.000 	 0.993251 	 0.006844 
 2200000.000 	 0.996391 	 0.006507 
 2220000.000 	 0.995756 	 0.004672 
 2240000.000 	 0.994647 	 0.003915 
 2260000.000 	 0.996922 	 0.003948 
 2280000.000 	 0.996441 	 0.003789 
 2300000.000 	 0.995778 	 0.004758 
 2320000.000 	 0.995413 	 0.004662 
 2340000.000 	 0.995948 	 0.005052 
 2360000.000 	 0.993660 	 0.007522 
 2380000.000 	 0.996288 	 0.004198 
 2400000.000 	 0.996755 	 0.003099 
 2420000.000 	 0.997755 	 0.002408 
 2440000.000 	 0.995392 	 0.004326 
 2460000.000 	 0.992443 	 0.005213 
 2480000.000 	 0.996219 	 0.004593 
 2500000.000 	 0.997007 	 0.003232 
 2520000.000 	 0.996813 	 0.003268 
 2540000.000 	 0.996832 	 0.006611 
 2560000.000 	 0.996134 	 0.003725 
 2580000.000 	 0.997682 	 0.003135 
 2600000.000 	 0.993427 	 0.006651 
 2620000.000 	 0.996925 	 0.002951 
 2640000.000 	 0.996287 	 0.004384 
 2660000.000 	 0.994368 	 0.005090 
 2680000.000 	 0.994021 	 0.006734 
 2700000.000 	 0.995475 	 0.006402 
 2720000.000 	 0.996528 	 0.003789 
 2740000.000 	 0.996830 	 0.003568 
 2760000.000 	 0.996447 	 0.002993 
 2780000.000 	 0.995528 	 0.005073 
 2800000.000 	 0.996256 	 0.004814 
 2820000.000 	 0.996126 	 0.002953 
 2840000.000 	 0.997110 	 0.003131 
 2860000.000 	 0.996192 	 0.004055 
 2880000.000 	 0.995417 	 0.004519 
 2900000.000 	 0.995761 	 0.004161 
 2920000.000 	 0.995991 	 0.005422 
 2940000.000 	 0.998276 	 0.002008 
 2960000.000 	 0.997033 	 0.003223 
 2980000.000 	 0.997109 	 0.003186 
 3000000.000 	 0.995035 	 0.006571 
 3020000.000 	 0.998328 	 0.001838 
 3040000.000 	 0.997181 	 0.002496 
 3060000.000 	 0.994728 	 0.007524 
 3080000.000 	 0.995973 	 0.003422 
 3100000.000 	 0.994891 	 0.004945 
 3120000.000 	 0.996739 	 0.002962 
 3140000.000 	 0.997783 	 0.002456 
 3160000.000 	 0.996884 	 0.004965 
 3180000.000 	 0.995498 	 0.004181 
 3200000.000 	 0.996174 	 0.003256 
 3220000.000 	 0.997582 	 0.002226 
 3240000.000 	 0.997712 	 0.003195 
 3260000.000 	 0.995834 	 0.004310 
 3280000.000 	 0.996684 	 0.002870 
 3300000.000 	 0.994501 	 0.007479 
 3320000.000 	 0.995660 	 0.003871 
 3340000.000 	 0.998206 	 0.001630 
 3360000.000 	 0.996611 	 0.006977 
 3380000.000 	 0.995440 	 0.005817 
 3400000.000 	 0.997152 	 0.004449 
 3420000.000 	 0.996017 	 0.003563 
 3440000.000 	 0.997059 	 0.002833 
 3460000.000 	 0.997872 	 0.001837 
 3480000.000 	 0.996624 	 0.004604 
 3500000.000 	 0.994995 	 0.004586 
 3520000.000 	 0.995753 	 0.004550 
 3540000.000 	 0.995312 	 0.004814 
 3560000.000 	 0.997387 	 0.002769 
 3580000.000 	 0.997761 	 0.002663 
 3600000.000 	 0.997825 	 0.002414 
 3620000.000 	 0.997559 	 0.002421 
 3640000.000 	 0.997599 	 0.001864 
 3660000.000 	 0.997620 	 0.004479 
 3680000.000 	 0.997558 	 0.002308 
 3700000.000 	 0.996822 	 0.002636 
 3720000.000 	 0.996183 	 0.004589 
 3740000.000 	 0.997315 	 0.003185 
 3760000.000 	 0.996420 	 0.004811 
 3780000.000 	 0.996913 	 0.003362 
 3800000.000 	 0.996558 	 0.005223 
 3820000.000 	 0.998388 	 0.001431 
 3840000.000 	 0.998598 	 0.001464 
 3860000.000 	 0.996219 	 0.003073 
 3880000.000 	 0.996372 	 0.003490 
 3900000.000 	 0.997491 	 0.002637 
 3920000.000 	 0.997366 	 0.002728 
 3940000.000 	 0.996391 	 0.007268 
 3960000.000 	 0.997906 	 0.001705 
 3980000.000 	 0.998723 	 0.002152 
 4000000.000 	 0.998220 	 0.001821 
 4020000.000 	 0.995968 	 0.003751 
 4040000.000 	 0.996229 	 0.004643 
 4060000.000 	 0.997331 	 0.001948 
 4080000.000 	 0.997336 	 0.003523 
 4100000.000 	 0.997127 	 0.003834 
 4120000.000 	 0.996886 	 0.004550 
 4140000.000 	 0.997730 	 0.004991 
 4160000.000 	 0.995524 	 0.004362 
 4180000.000 	 0.994999 	 0.005561 
 4200000.000 	 0.997652 	 0.003043 
 4220000.000 	 0.994530 	 0.006317 
 4240000.000 	 0.996687 	 0.004859 
 4260000.000 	 0.997381 	 0.002746 
 4280000.000 	 0.997860 	 0.002960 
 4300000.000 	 0.997986 	 0.001721 
 4320000.000 	 0.996729 	 0.002833 
 4340000.000 	 0.997180 	 0.002874 
 4360000.000 	 0.997290 	 0.004242 
 4380000.000 	 0.997736 	 0.002555 
 4400000.000 	 0.996935 	 0.004231 
 4420000.000 	 0.997138 	 0.002697 
 4440000.000 	 0.997424 	 0.002990 
 4460000.000 	 0.996313 	 0.004458 
 4480000.000 	 0.997458 	 0.002837 
 4500000.000 	 0.996868 	 0.002729 
 4520000.000 	 0.996969 	 0.002192 
 4540000.000 	 0.994337 	 0.005794 
 4560000.000 	 0.997245 	 0.002341 
 4580000.000 	 0.997145 	 0.002691 
 4600000.000 	 0.997275 	 0.004563 
 4620000.000 	 0.996448 	 0.004332 
 4640000.000 	 0.995139 	 0.006590 
 4660000.000 	 0.997117 	 0.002863 
 4680000.000 	 0.995509 	 0.004513 
 4700000.000 	 0.998296 	 0.001349 
 4720000.000 	 0.997401 	 0.003069 
 4740000.000 	 0.997654 	 0.001995 
 4760000.000 	 0.998532 	 0.001258 
 4780000.000 	 0.997837 	 0.002787 
 4800000.000 	 0.995563 	 0.004029 
 4820000.000 	 0.997012 	 0.003342 
 4840000.000 	 0.997228 	 0.003055 
 4860000.000 	 0.997245 	 0.003315 
 4880000.000 	 0.996576 	 0.003483 
 4900000.000 	 0.996874 	 0.005945 
 4920000.000 	 0.997688 	 0.004112 
 4940000.000 	 0.997721 	 0.002150 
 4960000.000 	 0.997011 	 0.002482 
 4980000.000 	 0.995034 	 0.004700 
 5000000.000 	 0.996330 	 0.005168 
 5020000.000 	 0.997327 	 0.002242 
 5040000.000 	 0.997373 	 0.002351 
 5060000.000 	 0.998138 	 0.002382 
 5080000.000 	 0.998382 	 0.001745 
 5100000.000 	 0.998377 	 0.001879 
 5120000.000 	 0.997531 	 0.002216 
 5140000.000 	 0.996726 	 0.003164 
 5160000.000 	 0.997625 	 0.002791 
 5180000.000 	 0.995947 	 0.005097 
 5200000.000 	 0.996289 	 0.002452 
 5220000.000 	 0.995447 	 0.004553 
 5240000.000 	 0.997039 	 0.004356 
 5260000.000 	 0.998211 	 0.002054 
 5280000.000 	 0.996923 	 0.002924 
 5300000.000 	 0.996921 	 0.005019 
 5320000.000 	 0.998385 	 0.001349 
 5340000.000 	 0.998672 	 0.001447 
 5360000.000 	 0.998215 	 0.002636 
 5380000.000 	 0.997265 	 0.003443 
 5400000.000 	 0.996299 	 0.003816 
 5420000.000 	 0.997706 	 0.003688 
 5440000.000 	 0.997217 	 0.002024 
 5460000.000 	 0.996688 	 0.002471 
 5480000.000 	 0.997416 	 0.002777 
 5500000.000 	 0.996272 	 0.004233 
 5520000.000 	 0.998096 	 0.001950 
 5540000.000 	 0.998022 	 0.002260 
 5560000.000 	 0.997974 	 0.002276 
 5580000.000 	 0.998131 	 0.001573 
 5600000.000 	 0.997425 	 0.002941 
 5620000.000 	 0.997722 	 0.002658 
 5640000.000 	 0.998181 	 0.001523 
 5660000.000 	 0.997525 	 0.002057 
 5680000.000 	 0.997437 	 0.004059 
 5700000.000 	 0.997721 	 0.002365 
 5720000.000 	 0.997383 	 0.002366 
 5740000.000 	 0.997729 	 0.003300 
 5760000.000 	 0.997813 	 0.002846 
 5780000.000 	 0.997423 	 0.002594 
 5800000.000 	 0.998304 	 0.001469 
 5820000.000 	 0.996260 	 0.004406 
 5840000.000 	 0.997116 	 0.003452 
 5860000.000 	 0.997130 	 0.003088 
 5880000.000 	 0.996095 	 0.002625 
 5900000.000 	 0.997214 	 0.001889 
 5920000.000 	 0.995552 	 0.004466 
 5940000.000 	 0.998146 	 0.002126 
 5960000.000 	 0.998209 	 0.001595 
 5980000.000 	 0.996088 	 0.004906 
 6000000.000 	 0.997600 	 0.002812 
 6020000.000 	 0.996910 	 0.003385 
 6040000.000 	 0.998105 	 0.002288 
 6060000.000 	 0.997920 	 0.002530 
 6080000.000 	 0.997899 	 0.002843 
 6100000.000 	 0.997647 	 0.002148 
 6120000.000 	 0.997911 	 0.002479 
 6140000.000 	 0.997329 	 0.003005 
 6160000.000 	 0.997501 	 0.002771 
 6180000.000 	 0.998375 	 0.001798 
 6200000.000 	 0.998671 	 0.001522 
 6220000.000 	 0.995539 	 0.003557 
 6240000.000 	 0.997930 	 0.002187 
 6260000.000 	 0.995189 	 0.008517 
 6280000.000 	 0.995411 	 0.004345 
 6300000.000 	 0.996188 	 0.005517 
 6320000.000 	 0.995383 	 0.004997 
 6340000.000 	 0.994938 	 0.004546 
 6360000.000 	 0.997634 	 0.003324 
 6380000.000 	 0.995853 	 0.005510 
 6400000.000 	 0.998139 	 0.002374 
 6420000.000 	 0.997349 	 0.004113 
 6440000.000 	 0.997340 	 0.002421 
 6460000.000 	 0.996958 	 0.003291 
 6480000.000 	 0.997680 	 0.002176 
 6500000.000 	 0.997597 	 0.001638 
 6520000.000 	 0.998421 	 0.002223 
 6540000.000 	 0.995720 	 0.007987 
 6560000.000 	 0.997936 	 0.002116 
 6580000.000 	 0.998409 	 0.002928 
 6600000.000 	 0.997863 	 0.003451 
 6620000.000 	 0.995895 	 0.005892 
 6640000.000 	 0.997543 	 0.004543 
 6660000.000 	 0.996832 	 0.002322 
 6680000.000 	 0.997413 	 0.003818 
 6700000.000 	 0.995638 	 0.004285 
 6720000.000 	 0.997558 	 0.002823 
 6740000.000 	 0.998015 	 0.002069 
 6760000.000 	 0.995998 	 0.004869 
 6780000.000 	 0.995342 	 0.004428 
 6800000.000 	 0.996154 	 0.005165 
 6820000.000 	 0.998250 	 0.001646 
 6840000.000 	 0.997293 	 0.004081 
 6860000.000 	 0.994203 	 0.007511 
 6880000.000 	 0.997541 	 0.003460 
 6900000.000 	 0.997784 	 0.003323 
 6920000.000 	 0.998340 	 0.001865 
 6940000.000 	 0.997329 	 0.003982 
 6960000.000 	 0.997975 	 0.002075 
 6980000.000 	 0.996383 	 0.004156 
 7000000.000 	 0.997891 	 0.002377 
 7020000.000 	 0.997995 	 0.002764 
 7040000.000 	 0.997523 	 0.003096 
 7060000.000 	 0.997191 	 0.002659 
 7080000.000 	 0.997168 	 0.003098 
 7100000.000 	 0.997740 	 0.002728 
 7120000.000 	 0.998437 	 0.001811 
 7140000.000 	 0.997309 	 0.003086 
 7160000.000 	 0.997697 	 0.002671 
 7180000.000 	 0.998381 	 0.002164 
 7200000.000 	 0.997590 	 0.002595 
 7220000.000 	 0.995119 	 0.005281 
 7240000.000 	 0.997028 	 0.005103 
 7260000.000 	 0.998032 	 0.003771 
 7280000.000 	 0.997692 	 0.003343 
 7300000.000 	 0.996716 	 0.004584 
 7320000.000 	 0.997347 	 0.003013 
 7340000.000 	 0.996742 	 0.003550 
 7360000.000 	 0.998169 	 0.002094 
 7380000.000 	 0.997560 	 0.002293 
 7400000.000 	 0.997864 	 0.002371 
 7420000.000 	 0.998271 	 0.003075 
 7440000.000 	 0.997519 	 0.002157 
 7460000.000 	 0.996176 	 0.007304 
 7480000.000 	 0.995990 	 0.003669 
 7500000.000 	 0.997882 	 0.001552 
 7520000.000 	 0.998613 	 0.001964 
 7540000.000 	 0.997404 	 0.002500 
 7560000.000 	 0.995772 	 0.007072 
 7580000.000 	 0.997959 	 0.001589 
 7600000.000 	 0.998102 	 0.002880 
 7620000.000 	 0.997654 	 0.002113 
 7640000.000 	 0.995315 	 0.005683 
 7660000.000 	 0.995358 	 0.005036 
 7680000.000 	 0.994787 	 0.005478 
 7700000.000 	 0.998098 	 0.002212 
 7720000.000 	 0.996839 	 0.003379 
 7740000.000 	 0.999089 	 0.001204 
 7760000.000 	 0.997484 	 0.002597 
 7780000.000 	 0.997475 	 0.001970 
 7800000.000 	 0.997669 	 0.003667 
 7820000.000 	 0.998045 	 0.001930 
 7840000.000 	 0.998179 	 0.002742 
 7860000.000 	 0.997565 	 0.002999 
 7880000.000 	 0.998029 	 0.002486 
 7900000.000 	 0.995549 	 0.004039 
 7920000.000 	 0.996953 	 0.002842 
 7940000.000 	 0.997718 	 0.002042 
 7960000.000 	 0.993850 	 0.006041 
 7980000.000 	 0.997101 	 0.002472 
 8000000.000 	 0.996829 	 0.003734 
 8020000.000 	 0.997169 	 0.002799 
 8040000.000 	 0.997773 	 0.001900 
 8060000.000 	 0.998057 	 0.002355 
 8080000.000 	 0.998223 	 0.001614 
 8100000.000 	 0.996595 	 0.004264 
 8120000.000 	 0.997423 	 0.002667 
 8140000.000 	 0.996852 	 0.003467 
 8160000.000 	 0.997701 	 0.003056 
 8180000.000 	 0.997025 	 0.003022 
 8200000.000 	 0.997117 	 0.003608 
 8220000.000 	 0.998232 	 0.001931 
 8240000.000 	 0.998287 	 0.001846 
 8260000.000 	 0.995885 	 0.003897 
 8280000.000 	 0.998517 	 0.001641 
 8300000.000 	 0.998846 	 0.001171 
 8320000.000 	 0.998113 	 0.001729 
 8340000.000 	 0.997950 	 0.002742 
 8360000.000 	 0.998017 	 0.001788 
 8380000.000 	 0.998719 	 0.001305 
 8400000.000 	 0.997292 	 0.002057 
 8420000.000 	 0.997568 	 0.002379 
 8440000.000 	 0.997580 	 0.002910 
 8460000.000 	 0.997228 	 0.003767 
 8480000.000 	 0.995646 	 0.004080 
 8500000.000 	 0.995869 	 0.003310 
 8520000.000 	 0.998381 	 0.001850 
 8540000.000 	 0.998519 	 0.001771 
 8560000.000 	 0.997693 	 0.001930 
 8580000.000 	 0.997397 	 0.003210 
 8600000.000 	 0.995394 	 0.004117 
 8620000.000 	 0.998847 	 0.001605 
 8640000.000 	 0.998346 	 0.001399 
 8660000.000 	 0.998885 	 0.001662 
 8680000.000 	 0.996875 	 0.003656 
 8700000.000 	 0.997990 	 0.001469 
 8720000.000 	 0.997961 	 0.002789 
 8740000.000 	 0.997748 	 0.001826 
 8760000.000 	 0.995508 	 0.004411 
 8780000.000 	 0.996424 	 0.003775 
 8800000.000 	 0.997860 	 0.002229 
 8820000.000 	 0.998642 	 0.001469 
 8840000.000 	 0.995844 	 0.002977 
 8860000.000 	 0.997661 	 0.002905 
 8880000.000 	 0.997992 	 0.003711 
 8900000.000 	 0.997344 	 0.002375 
 8920000.000 	 0.998777 	 0.001500 
 8940000.000 	 0.995857 	 0.004129 
 8960000.000 	 0.998013 	 0.001771 
 8980000.000 	 0.998146 	 0.001434 
 9000000.000 	 0.997449 	 0.002455 
 9020000.000 	 0.995232 	 0.003634 
 9040000.000 	 0.998619 	 0.001527 
 9060000.000 	 0.997497 	 0.001987 
 9080000.000 	 0.997366 	 0.002805 
 9100000.000 	 0.997943 	 0.004226 
 9120000.000 	 0.997068 	 0.002365 
 9140000.000 	 0.996320 	 0.003726 
 9160000.000 	 0.998919 	 0.001253 
 9180000.000 	 0.996141 	 0.002586 
 9200000.000 	 0.996018 	 0.003064 
 9220000.000 	 0.993793 	 0.004949 
 9240000.000 	 0.995060 	 0.005520 
 9260000.000 	 0.997675 	 0.002814 
 9280000.000 	 0.998122 	 0.001693 
 9300000.000 	 0.998194 	 0.002225 
 9320000.000 	 0.997675 	 0.003629 
 9340000.000 	 0.996263 	 0.003958 
 9360000.000 	 0.997823 	 0.001700 
 9380000.000 	 0.997808 	 0.001988 
 9400000.000 	 0.997222 	 0.004498 
 9420000.000 	 0.997572 	 0.002255 
 9440000.000 	 0.998643 	 0.001336 
 9460000.000 	 0.996504 	 0.002819 
 9480000.000 	 0.997777 	 0.002074 
 9500000.000 	 0.997439 	 0.002380 
 9520000.000 	 0.997211 	 0.002475 
 9540000.000 	 0.996917 	 0.002860 
 9560000.000 	 0.998008 	 0.002468 
 9580000.000 	 0.998063 	 0.001840 
 9600000.000 	 0.998440 	 0.002285 
 9620000.000 	 0.996588 	 0.004210 
 9640000.000 	 0.998798 	 0.001415 
 9660000.000 	 0.997855 	 0.002373 
 9680000.000 	 0.998539 	 0.001390 
 9700000.000 	 0.997834 	 0.002132 
 9720000.000 	 0.999094 	 0.000830 
 9740000.000 	 0.998499 	 0.001016 
 9760000.000 	 0.998367 	 0.001377 
 9780000.000 	 0.998012 	 0.001948 
 9800000.000 	 0.997371 	 0.001651 
 9820000.000 	 0.998029 	 0.001557 
 9840000.000 	 0.997059 	 0.003090 
 9860000.000 	 0.998219 	 0.002803 
 9880000.000 	 0.997520 	 0.003567 
 9900000.000 	 0.997060 	 0.002818 
 9920000.000 	 0.997485 	 0.002998 
 9940000.000 	 0.998376 	 0.002239 
 9960000.000 	 0.998031 	 0.001838 
 9980000.000 	 0.997408 	 0.003954 
10000000.000 	 0.997327 	 0.002859 
10020000.000 	 0.996914 	 0.002256 
10040000.000 	 0.997309 	 0.003773 
10060000.000 	 0.997151 	 0.003393 
10080000.000 	 0.998462 	 0.001562 
10100000.000 	 0.998282 	 0.001579 
10120000.000 	 0.996973 	 0.003341 
10140000.000 	 0.997981 	 0.001769 
10160000.000 	 0.996883 	 0.003826 
10180000.000 	 0.997185 	 0.002819 
10200000.000 	 0.998784 	 0.001756 
10220000.000 	 0.997972 	 0.002828 
10240000.000 	 0.998359 	 0.002063 
10260000.000 	 0.998485 	 0.001733 
10280000.000 	 0.997981 	 0.001478 
10300000.000 	 0.998292 	 0.002262 
10320000.000 	 0.998441 	 0.002001 
10340000.000 	 0.998525 	 0.003590 
10360000.000 	 0.996740 	 0.002817 
10380000.000 	 0.997671 	 0.002802 
10400000.000 	 0.998302 	 0.001863 
10420000.000 	 0.997577 	 0.002413 
10440000.000 	 0.998972 	 0.001193 
10460000.000 	 0.998314 	 0.002690 
10480000.000 	 0.996450 	 0.003936 
10500000.000 	 0.997652 	 0.002514 
10520000.000 	 0.997281 	 0.004753 
10540000.000 	 0.997376 	 0.003862 
10560000.000 	 0.998528 	 0.001717 
10580000.000 	 0.997719 	 0.004103 
10600000.000 	 0.997556 	 0.002099 
10620000.000 	 0.995999 	 0.004197 
10640000.000 	 0.997297 	 0.002634 
10660000.000 	 0.998943 	 0.001212 
10680000.000 	 0.998696 	 0.001793 
10700000.000 	 0.998496 	 0.001742 
10720000.000 	 0.997091 	 0.003168 
10740000.000 	 0.998547 	 0.001579 
10760000.000 	 0.997060 	 0.002364 
10780000.000 	 0.997291 	 0.002148 
10800000.000 	 0.997889 	 0.002006 
10820000.000 	 0.996594 	 0.002910 
10840000.000 	 0.997715 	 0.001978 
10860000.000 	 0.996056 	 0.004487 
10880000.000 	 0.996892 	 0.003335 
10900000.000 	 0.998333 	 0.002645 
10920000.000 	 0.998285 	 0.001695 
10940000.000 	 0.997310 	 0.001885 
10960000.000 	 0.997991 	 0.002145 
10980000.000 	 0.997204 	 0.003580 
11000000.000 	 0.997299 	 0.002938 
11020000.000 	 0.998409 	 0.001795 
11040000.000 	 0.997719 	 0.002521 
11060000.000 	 0.997707 	 0.002031 
11080000.000 	 0.998686 	 0.001283 
11100000.000 	 0.997255 	 0.003113 
11120000.000 	 0.997220 	 0.002319 
11140000.000 	 0.998555 	 0.001159 
11160000.000 	 0.998147 	 0.001357 
11180000.000 	 0.997887 	 0.002574 
11200000.000 	 0.997269 	 0.004500 
11220000.000 	 0.997965 	 0.001889 
11240000.000 	 0.999075 	 0.001443 
11260000.000 	 0.996557 	 0.003157 
11280000.000 	 0.997698 	 0.002258 
11300000.000 	 0.997230 	 0.003684 
11320000.000 	 0.997068 	 0.003679 
11340000.000 	 0.997965 	 0.001542 
11360000.000 	 0.997538 	 0.001578 
11380000.000 	 0.996293 	 0.004035 
11400000.000 	 0.997457 	 0.002891 
11420000.000 	 0.998568 	 0.001539 
11440000.000 	 0.998430 	 0.001492 
11460000.000 	 0.996143 	 0.004505 
11480000.000 	 0.997865 	 0.001938 
11500000.000 	 0.998069 	 0.002487 
11520000.000 	 0.998097 	 0.001889 
11540000.000 	 0.998180 	 0.001509 
11560000.000 	 0.997737 	 0.002226 
11580000.000 	 0.996836 	 0.003808 
11600000.000 	 0.997560 	 0.003014 
11620000.000 	 0.998313 	 0.001451 
11640000.000 	 0.998028 	 0.001668 
11660000.000 	 0.997316 	 0.002754 
11680000.000 	 0.997666 	 0.002751 
11700000.000 	 0.998823 	 0.001466 
11720000.000 	 0.998326 	 0.001416 
11740000.000 	 0.997929 	 0.002753 
11760000.000 	 0.997067 	 0.002329 
11780000.000 	 0.998092 	 0.002480 
11800000.000 	 0.993751 	 0.004542 
11820000.000 	 0.996600 	 0.002284 
11840000.000 	 0.997081 	 0.004649 
11860000.000 	 0.998336 	 0.002271 
11880000.000 	 0.996128 	 0.003387 
11900000.000 	 0.998045 	 0.002310 
11920000.000 	 0.998072 	 0.001722 
11940000.000 	 0.998374 	 0.001720 
11960000.000 	 0.997764 	 0.002566 
11980000.000 	 0.998772 	 0.001673 
12000000.000 	 0.998102 	 0.001668 
12020000.000 	 0.998605 	 0.001553 
12040000.000 	 0.999117 	 0.000962 
12060000.000 	 0.998347 	 0.001930 
12080000.000 	 0.996622 	 0.004308 
12100000.000 	 0.998257 	 0.001582 
12120000.000 	 0.997924 	 0.002099 
12140000.000 	 0.996880 	 0.002895 
12160000.000 	 0.998526 	 0.001404 
12180000.000 	 0.997325 	 0.002360 
12200000.000 	 0.997701 	 0.002830 
12220000.000 	 0.998161 	 0.002555 
12240000.000 	 0.998867 	 0.001132 
12260000.000 	 0.998126 	 0.002040 
12280000.000 	 0.998272 	 0.002544 
12300000.000 	 0.998106 	 0.001742 
12320000.000 	 0.997756 	 0.002991 
12340000.000 	 0.997027 	 0.003060 
12360000.000 	 0.998772 	 0.001587 
12380000.000 	 0.997855 	 0.003750 
12400000.000 	 0.998060 	 0.001822 
12420000.000 	 0.997058 	 0.003515 
12440000.000 	 0.996298 	 0.006177 
12460000.000 	 0.998588 	 0.001242 
12480000.000 	 0.998404 	 0.001630 
12500000.000 	 0.998707 	 0.001259 
12520000.000 	 0.996128 	 0.006069 
12540000.000 	 0.998280 	 0.002472 
12560000.000 	 0.998451 	 0.001359 
12580000.000 	 0.997879 	 0.001924 
12600000.000 	 0.997161 	 0.002670 
12620000.000 	 0.997958 	 0.003656 
12640000.000 	 0.998739 	 0.001069 
12660000.000 	 0.998183 	 0.002001 
12680000.000 	 0.998895 	 0.001091 
12700000.000 	 0.997945 	 0.001708 
12720000.000 	 0.997138 	 0.002986 
12740000.000 	 0.998477 	 0.001586 
12760000.000 	 0.998449 	 0.001509 
12780000.000 	 0.998716 	 0.001136 
12800000.000 	 0.996051 	 0.004121 
12820000.000 	 0.995969 	 0.004299 
12840000.000 	 0.997890 	 0.002396 
12860000.000 	 0.998255 	 0.002652 
12880000.000 	 0.998602 	 0.001758 
12900000.000 	 0.998587 	 0.001417 
12920000.000 	 0.998635 	 0.001859 
12940000.000 	 0.997556 	 0.002173 
12960000.000 	 0.996023 	 0.003665 
12980000.000 	 0.999104 	 0.001525 
13000000.000 	 0.997854 	 0.002889 
13020000.000 	 0.997295 	 0.003181 
13040000.000 	 0.997600 	 0.002205 
13060000.000 	 0.998791 	 0.001344 
13080000.000 	 0.997516 	 0.002704 
13100000.000 	 0.997496 	 0.001808 
13120000.000 	 0.997915 	 0.002614 
13140000.000 	 0.998523 	 0.002177 
13160000.000 	 0.998228 	 0.001767 
13180000.000 	 0.996376 	 0.004688 
13200000.000 	 0.998202 	 0.002586 
13220000.000 	 0.998178 	 0.001419 
13240000.000 	 0.998267 	 0.001633 
13260000.000 	 0.998454 	 0.001554 
13280000.000 	 0.998513 	 0.002161 
13300000.000 	 0.997609 	 0.002255 
13320000.000 	 0.997462 	 0.002444 
13340000.000 	 0.995848 	 0.004633 
13360000.000 	 0.998890 	 0.001782 
13380000.000 	 0.998340 	 0.001566 
13400000.000 	 0.998604 	 0.001356 
13420000.000 	 0.998434 	 0.001723 
13440000.000 	 0.997885 	 0.001981 
13460000.000 	 0.997449 	 0.002275 
13480000.000 	 0.997696 	 0.002549 
13500000.000 	 0.997836 	 0.001956 
13520000.000 	 0.995914 	 0.004710 
13540000.000 	 0.997524 	 0.003007 
13560000.000 	 0.998325 	 0.001593 
13580000.000 	 0.998646 	 0.001426 
13600000.000 	 0.998610 	 0.001825 
13620000.000 	 0.998912 	 0.001048 
13640000.000 	 0.997541 	 0.002161 
13660000.000 	 0.998483 	 0.001550 
13680000.000 	 0.997775 	 0.002910 
13700000.000 	 0.998347 	 0.003101 
13720000.000 	 0.999080 	 0.000849 
13740000.000 	 0.998886 	 0.001275 
13760000.000 	 0.998677 	 0.001827 
13780000.000 	 0.998120 	 0.001724 
13800000.000 	 0.997915 	 0.002151 
13820000.000 	 0.997139 	 0.002612 
13840000.000 	 0.998425 	 0.001911 
13860000.000 	 0.997860 	 0.002004 
13880000.000 	 0.998266 	 0.001624 
13900000.000 	 0.997627 	 0.002589 
13920000.000 	 0.998663 	 0.001359 
13940000.000 	 0.997764 	 0.002358 
13960000.000 	 0.997384 	 0.003844 
13980000.000 	 0.998318 	 0.001621 
14000000.000 	 0.997821 	 0.002132 
14020000.000 	 0.998000 	 0.001580 
14040000.000 	 0.997895 	 0.002521 
14060000.000 	 0.998277 	 0.001397 
14080000.000 	 0.998419 	 0.001464 
14100000.000 	 0.998182 	 0.001980 
14120000.000 	 0.997691 	 0.002594 
14140000.000 	 0.999102 	 0.000870 
14160000.000 	 0.999283 	 0.000708 
14180000.000 	 0.998740 	 0.002696 
14200000.000 	 0.996578 	 0.005987 
14220000.000 	 0.996136 	 0.003890 
14240000.000 	 0.998648 	 0.001319 
14260000.000 	 0.998527 	 0.001612 
14280000.000 	 0.997060 	 0.004169 
14300000.000 	 0.998700 	 0.001208 
14320000.000 	 0.998082 	 0.001577 
14340000.000 	 0.997943 	 0.001939 
14360000.000 	 0.997382 	 0.003514 
14380000.000 	 0.997665 	 0.002748 
14400000.000 	 0.998058 	 0.001419 
14420000.000 	 0.998700 	 0.001623 
14440000.000 	 0.996681 	 0.003160 
14460000.000 	 0.997871 	 0.001736 
14480000.000 	 0.998524 	 0.001667 
14500000.000 	 0.998352 	 0.002485 
14520000.000 	 0.998038 	 0.002082 
14540000.000 	 0.997870 	 0.002641 
14560000.000 	 0.998183 	 0.001301 
14580000.000 	 0.997900 	 0.002586 
14600000.000 	 0.998217 	 0.001695 
14620000.000 	 0.998060 	 0.002086 
14640000.000 	 0.998757 	 0.001080 
14660000.000 	 0.998435 	 0.001538 
14680000.000 	 0.997858 	 0.001844 
14700000.000 	 0.997404 	 0.002679 
14720000.000 	 0.998140 	 0.002120 
14740000.000 	 0.997617 	 0.003944 
14760000.000 	 0.998809 	 0.001171 
14780000.000 	 0.997634 	 0.001982 
14800000.000 	 0.998647 	 0.001504 
14820000.000 	 0.997722 	 0.003778 
14840000.000 	 0.998485 	 0.001336 
14860000.000 	 0.999100 	 0.000989 
14880000.000 	 0.998608 	 0.001487 
14900000.000 	 0.997938 	 0.001701 
14920000.000 	 0.997843 	 0.003326 
14940000.000 	 0.998398 	 0.003206 
14960000.000 	 0.997907 	 0.002307 
14980000.000 	 0.997132 	 0.002917 
15000000.000 	 0.997147 	 0.006125 
15020000.000 	 0.996813 	 0.002186 
15040000.000 	 0.998150 	 0.001864 
15060000.000 	 0.997010 	 0.003918 
15080000.000 	 0.997254 	 0.003413 
15100000.000 	 0.997202 	 0.002830 
15120000.000 	 0.998393 	 0.002098 
15140000.000 	 0.998289 	 0.001669 
15160000.000 	 0.997588 	 0.002714 
15180000.000 	 0.997716 	 0.002028 
15200000.000 	 0.998487 	 0.001601 
15220000.000 	 0.997799 	 0.002045 
15240000.000 	 0.998460 	 0.002301 
15260000.000 	 0.998212 	 0.001784 
15280000.000 	 0.998576 	 0.001494 
15300000.000 	 0.998452 	 0.001086 
15320000.000 	 0.998328 	 0.001576 
15340000.000 	 0.997645 	 0.003744 
15360000.000 	 0.998021 	 0.002533 
15380000.000 	 0.998155 	 0.003432 
15400000.000 	 0.997232 	 0.002191 
15420000.000 	 0.998679 	 0.001260 
15440000.000 	 0.998334 	 0.001989 
15460000.000 	 0.998744 	 0.001492 
15480000.000 	 0.999061 	 0.001062 
15500000.000 	 0.998419 	 0.001922 
15520000.000 	 0.998182 	 0.002905 
15540000.000 	 0.998037 	 0.002054 
15560000.000 	 0.998122 	 0.003230 
15580000.000 	 0.998040 	 0.002093 
15600000.000 	 0.998539 	 0.001472 
15620000.000 	 0.996878 	 0.004584 
15640000.000 	 0.998277 	 0.001764 
15660000.000 	 0.998552 	 0.001617 
15680000.000 	 0.999078 	 0.001073 
15700000.000 	 0.998310 	 0.001944 
15720000.000 	 0.997908 	 0.002862 
15740000.000 	 0.998107 	 0.002037 
15760000.000 	 0.998159 	 0.001806 
15780000.000 	 0.998504 	 0.001467 
15800000.000 	 0.998631 	 0.001183 
15820000.000 	 0.997915 	 0.001739 
15840000.000 	 0.997205 	 0.001916 
15860000.000 	 0.998981 	 0.001390 
15880000.000 	 0.997026 	 0.003537 
15900000.000 	 0.997959 	 0.002886 
15920000.000 	 0.998963 	 0.000990 
15940000.000 	 0.997964 	 0.001833 
15960000.000 	 0.998020 	 0.001941 
15980000.000 	 0.998853 	 0.001240 
16000000.000 	 0.995035 	 0.003410 
16020000.000 	 0.997443 	 0.004034 
16040000.000 	 0.999214 	 0.000778 
16060000.000 	 0.997884 	 0.003307 
16080000.000 	 0.998223 	 0.001418 
16100000.000 	 0.997804 	 0.002323 
16120000.000 	 0.997777 	 0.001895 
16140000.000 	 0.997550 	 0.003243 
16160000.000 	 0.998486 	 0.001587 
16180000.000 	 0.997748 	 0.002046 
16200000.000 	 0.996958 	 0.003476 
16220000.000 	 0.997944 	 0.002101 
16240000.000 	 0.998095 	 0.001660 
16260000.000 	 0.997614 	 0.002732 
16280000.000 	 0.998339 	 0.001588 
16300000.000 	 0.997232 	 0.002306 
16320000.000 	 0.997750 	 0.002184 
16340000.000 	 0.997853 	 0.002249 
16360000.000 	 0.997037 	 0.005721 
16380000.000 	 0.997874 	 0.002885 
16400000.000 	 0.995680 	 0.003664 
16420000.000 	 0.997305 	 0.002108 
16440000.000 	 0.998345 	 0.003693 
16460000.000 	 0.998367 	 0.001905 
16480000.000 	 0.998152 	 0.002366 
16500000.000 	 0.998401 	 0.002481 
16520000.000 	 0.997618 	 0.001847 
16540000.000 	 0.997557 	 0.004629 
16560000.000 	 0.995891 	 0.005101 
16580000.000 	 0.998877 	 0.001243 
16600000.000 	 0.998448 	 0.002136 
16620000.000 	 0.999170 	 0.001018 
16640000.000 	 0.998274 	 0.001794 
16660000.000 	 0.997109 	 0.002387 
16680000.000 	 0.997851 	 0.001747 
16700000.000 	 0.998624 	 0.001416 
16720000.000 	 0.998163 	 0.002636 
16740000.000 	 0.999243 	 0.000869 
16760000.000 	 0.998705 	 0.001198 
16780000.000 	 0.998721 	 0.001348 
16800000.000 	 0.999215 	 0.000756 
16820000.000 	 0.996580 	 0.002835 
16840000.000 	 0.996733 	 0.002214 
16860000.000 	 0.998560 	 0.002419 
16880000.000 	 0.997454 	 0.002160 
16900000.000 	 0.998280 	 0.001993 
16920000.000 	 0.999011 	 0.000960 
16940000.000 	 0.997400 	 0.001973 
16960000.000 	 0.998291 	 0.002545 
16980000.000 	 0.998817 	 0.002124 
17000000.000 	 0.997382 	 0.002197 
17020000.000 	 0.998223 	 0.001742 
17040000.000 	 0.996581 	 0.002695 
17060000.000 	 0.997886 	 0.002697 
17080000.000 	 0.998250 	 0.001934 
17100000.000 	 0.997029 	 0.006051 
17120000.000 	 0.998421 	 0.002066 
17140000.000 	 0.998863 	 0.001320 
17160000.000 	 0.998385 	 0.001447 
17180000.000 	 0.997903 	 0.002369 
17200000.000 	 0.998468 	 0.001687 
17220000.000 	 0.996833 	 0.003067 
17240000.000 	 0.998842 	 0.001230 
17260000.000 	 0.997829 	 0.001810 
17280000.000 	 0.996641 	 0.005197 
17300000.000 	 0.998277 	 0.001806 
17320000.000 	 0.998325 	 0.002358 
17340000.000 	 0.997710 	 0.002105 
17360000.000 	 0.997543 	 0.003089 
17380000.000 	 0.997645 	 0.001727 
17400000.000 	 0.997865 	 0.003263 
17420000.000 	 0.998695 	 0.001579 
17440000.000 	 0.995930 	 0.003290 
17460000.000 	 0.998662 	 0.001559 
17480000.000 	 0.998837 	 0.001242 
17500000.000 	 0.998621 	 0.001257 
17520000.000 	 0.997560 	 0.002587 
17540000.000 	 0.998459 	 0.001333 
17560000.000 	 0.998649 	 0.002164 
17580000.000 	 0.997229 	 0.002885 
17600000.000 	 0.998707 	 0.001083 
17620000.000 	 0.998055 	 0.001982 
17640000.000 	 0.997490 	 0.002457 
17660000.000 	 0.998054 	 0.001788 
17680000.000 	 0.996815 	 0.003669 
17700000.000 	 0.997518 	 0.002079 
17720000.000 	 0.997663 	 0.001679 
17740000.000 	 0.998032 	 0.002292 
17760000.000 	 0.998477 	 0.001335 
17780000.000 	 0.998002 	 0.001863 
17800000.000 	 0.998928 	 0.001278 
17820000.000 	 0.997912 	 0.002044 
17840000.000 	 0.997552 	 0.002477 
17860000.000 	 0.997602 	 0.003384 
17880000.000 	 0.998913 	 0.001253 
17900000.000 	 0.998180 	 0.002489 
17920000.000 	 0.997882 	 0.003156 
17940000.000 	 0.998735 	 0.001096 
17960000.000 	 0.996295 	 0.003468 
17980000.000 	 0.998478 	 0.001103 
18000000.000 	 0.998122 	 0.003275 
18020000.000 	 0.998257 	 0.002055 
18040000.000 	 0.998647 	 0.001270 
18060000.000 	 0.998704 	 0.001418 
18080000.000 	 0.998014 	 0.002791 
18100000.000 	 0.998329 	 0.002139 
18120000.000 	 0.996327 	 0.006751 
18140000.000 	 0.997787 	 0.002831 
18160000.000 	 0.998983 	 0.000849 
18180000.000 	 0.997805 	 0.002772 
18200000.000 	 0.998508 	 0.002018 
18220000.000 	 0.995895 	 0.005487 
18240000.000 	 0.998236 	 0.001728 
18260000.000 	 0.996777 	 0.005416 
18280000.000 	 0.998592 	 0.001799 
18300000.000 	 0.998604 	 0.001292 
18320000.000 	 0.997658 	 0.003063 
18340000.000 	 0.996858 	 0.003301 
18360000.000 	 0.996685 	 0.002556 
18380000.000 	 0.997040 	 0.003720 
18400000.000 	 0.998208 	 0.002064 
18420000.000 	 0.998274 	 0.001814 
18440000.000 	 0.998550 	 0.001111 
18460000.000 	 0.998286 	 0.002262 
18480000.000 	 0.999050 	 0.000922 
18500000.000 	 0.997633 	 0.003294 
18520000.000 	 0.998513 	 0.001204 
18540000.000 	 0.998447 	 0.001941 
18560000.000 	 0.998176 	 0.002010 
18580000.000 	 0.998519 	 0.001597 
18600000.000 	 0.997981 	 0.002123 
18620000.000 	 0.995973 	 0.004933 
18640000.000 	 0.998519 	 0.001270 
18660000.000 	 0.998568 	 0.001482 
18680000.000 	 0.998087 	 0.001889 
18700000.000 	 0.997410 	 0.002772 
18720000.000 	 0.997681 	 0.002115 
18740000.000 	 0.998687 	 0.001329 
18760000.000 	 0.998304 	 0.002004 
18780000.000 	 0.997434 	 0.001954 
18800000.000 	 0.998043 	 0.001683 
18820000.000 	 0.998403 	 0.002165 
18840000.000 	 0.997977 	 0.002398 
18860000.000 	 0.996966 	 0.003177 
18880000.000 	 0.998572 	 0.001244 
18900000.000 	 0.998272 	 0.002021 
18920000.000 	 0.996506 	 0.005418 
18940000.000 	 0.998383 	 0.002144 
18960000.000 	 0.998475 	 0.001174 
18980000.000 	 0.998324 	 0.001568 
19000000.000 	 0.999082 	 0.001048 
19020000.000 	 0.998655 	 0.001484 
19040000.000 	 0.998170 	 0.002160 
19060000.000 	 0.996831 	 0.002159 
19080000.000 	 0.998056 	 0.002374 
19100000.000 	 0.998645 	 0.001410 
19120000.000 	 0.997212 	 0.004970 
19140000.000 	 0.997434 	 0.002269 
19160000.000 	 0.998623 	 0.001445 
19180000.000 	 0.998478 	 0.002682 
19200000.000 	 0.997637 	 0.002511 
19220000.000 	 0.998487 	 0.001308 
19240000.000 	 0.998311 	 0.001531 
19260000.000 	 0.997619 	 0.003067 
19280000.000 	 0.997842 	 0.002392 
19300000.000 	 0.998611 	 0.002080 
19320000.000 	 0.997683 	 0.002861 
19340000.000 	 0.997316 	 0.002906 
19360000.000 	 0.997857 	 0.002852 
19380000.000 	 0.997918 	 0.002265 
19400000.000 	 0.997828 	 0.001949 
19420000.000 	 0.999103 	 0.000916 
19440000.000 	 0.998321 	 0.001782 
19460000.000 	 0.998158 	 0.002535 
19480000.000 	 0.998588 	 0.001519 
19500000.000 	 0.997434 	 0.002188 
19520000.000 	 0.998718 	 0.001359 
19540000.000 	 0.998089 	 0.001720 
19560000.000 	 0.996816 	 0.003935 
19580000.000 	 0.998607 	 0.002121 
19600000.000 	 0.998594 	 0.001722 
19620000.000 	 0.998565 	 0.001199 
19640000.000 	 0.998560 	 0.001354 
19660000.000 	 0.997627 	 0.002398 
19680000.000 	 0.998274 	 0.001904 
19700000.000 	 0.999235 	 0.000669 
19720000.000 	 0.998426 	 0.001377 
19740000.000 	 0.997953 	 0.002000 
19760000.000 	 0.997712 	 0.001867 
19780000.000 	 0.997073 	 0.003151 
19800000.000 	 0.998498 	 0.001669 
19820000.000 	 0.997731 	 0.002404 
19840000.000 	 0.997997 	 0.002125 
19860000.000 	 0.997863 	 0.001694 
19880000.000 	 0.996150 	 0.003229 
19900000.000 	 0.997412 	 0.002478 
19920000.000 	 0.997614 	 0.001887 
19940000.000 	 0.998096 	 0.001549 
19960000.000 	 0.998590 	 0.001600 
19980000.000 	 0.998037 	 0.001707 
20000000.000 	 0.997694 	 0.002073 
20020000.000 	 0.997909 	 0.002089 
20040000.000 	 0.998097 	 0.001839 
20060000.000 	 0.997931 	 0.002884 
20080000.000 	 0.998175 	 0.002125 
20100000.000 	 0.996482 	 0.004428 
20120000.000 	 0.997480 	 0.003206 
20140000.000 	 0.998098 	 0.001738 
20160000.000 	 0.997651 	 0.002455 
20180000.000 	 0.998256 	 0.001522 
20200000.000 	 0.997864 	 0.002451 
20220000.000 	 0.997911 	 0.002131 
20240000.000 	 0.998375 	 0.002187 
20260000.000 	 0.998084 	 0.002228 
20280000.000 	 0.998288 	 0.001525 
20300000.000 	 0.998284 	 0.002404 
20320000.000 	 0.998564 	 0.002949 
20340000.000 	 0.996341 	 0.003502 
20360000.000 	 0.998191 	 0.002111 
20380000.000 	 0.997680 	 0.002283 
20400000.000 	 0.998067 	 0.001876 
20420000.000 	 0.997162 	 0.003385 
20440000.000 	 0.998517 	 0.001750 
20460000.000 	 0.999306 	 0.000762 
20480000.000 	 0.998110 	 0.002840 
20500000.000 	 0.998500 	 0.001374 
20520000.000 	 0.996196 	 0.005082 
20540000.000 	 0.997911 	 0.002533 
20560000.000 	 0.998063 	 0.001970 
20580000.000 	 0.998533 	 0.002334 
20600000.000 	 0.997845 	 0.001578 
20620000.000 	 0.997938 	 0.002098 
20640000.000 	 0.998784 	 0.001187 
20660000.000 	 0.998347 	 0.002166 
20680000.000 	 0.997421 	 0.002195 
20700000.000 	 0.998336 	 0.001791 
20720000.000 	 0.995997 	 0.004880 
20740000.000 	 0.996494 	 0.002968 
20760000.000 	 0.997075 	 0.002511 
20780000.000 	 0.996229 	 0.003883 
20800000.000 	 0.997769 	 0.002200 
20820000.000 	 0.997560 	 0.001578 
20840000.000 	 0.998209 	 0.001733 
20860000.000 	 0.997655 	 0.004838 
20880000.000 	 0.999241 	 0.001030 
20900000.000 	 0.997574 	 0.001780 
20920000.000 	 0.998464 	 0.001432 
20940000.000 	 0.996532 	 0.004186 
20960000.000 	 0.998154 	 0.001791 
20980000.000 	 0.997256 	 0.003272 
21000000.000 	 0.998390 	 0.002014 
21020000.000 	 0.996880 	 0.003065 
21040000.000 	 0.997931 	 0.003439 
21060000.000 	 0.998543 	 0.001426 
21080000.000 	 0.998615 	 0.001293 
21100000.000 	 0.998414 	 0.001442 
21120000.000 	 0.998097 	 0.001545 
21140000.000 	 0.998870 	 0.001011 
21160000.000 	 0.999056 	 0.000853 
21180000.000 	 0.998335 	 0.001932 
21200000.000 	 0.999081 	 0.001036 
21220000.000 	 0.997078 	 0.002880 
21240000.000 	 0.999139 	 0.000717 
21260000.000 	 0.997343 	 0.004761 
21280000.000 	 0.998667 	 0.000947 
21300000.000 	 0.998697 	 0.001740 
21320000.000 	 0.998428 	 0.001767 
21340000.000 	 0.998568 	 0.001396 
21360000.000 	 0.995489 	 0.006562 
21380000.000 	 0.998308 	 0.002055 
21400000.000 	 0.998446 	 0.001795 
21420000.000 	 0.998519 	 0.002676 
21440000.000 	 0.998619 	 0.001960 
21460000.000 	 0.999078 	 0.001216 
21480000.000 	 0.998982 	 0.000963 
21500000.000 	 0.998554 	 0.001939 
21520000.000 	 0.998284 	 0.001898 
21540000.000 	 0.997785 	 0.003186 
21560000.000 	 0.998280 	 0.002621 
21580000.000 	 0.999311 	 0.000872 
21600000.000 	 0.997277 	 0.002746 
21620000.000 	 0.998365 	 0.002217 
21640000.000 	 0.998323 	 0.001463 
21660000.000 	 0.997653 	 0.001855 
21680000.000 	 0.994680 	 0.003261 
21700000.000 	 0.994457 	 0.004184 
21720000.000 	 0.998207 	 0.001923 
21740000.000 	 0.998521 	 0.001915 
21760000.000 	 0.995259 	 0.002742 
21780000.000 	 0.997505 	 0.003594 
21800000.000 	 0.997134 	 0.004079 
21820000.000 	 0.998776 	 0.001259 
21840000.000 	 0.998618 	 0.001697 
21860000.000 	 0.998276 	 0.002223 
21880000.000 	 0.997065 	 0.004088 
21900000.000 	 0.996508 	 0.002720 
21920000.000 	 0.997000 	 0.002403 
21940000.000 	 0.998028 	 0.002304 
21960000.000 	 0.997695 	 0.001983 
21980000.000 	 0.997175 	 0.002840 
22000000.000 	 0.997041 	 0.002759 
22020000.000 	 0.997878 	 0.002626 
22040000.000 	 0.994058 	 0.004013 
22060000.000 	 0.996865 	 0.002516 
22080000.000 	 0.998164 	 0.003352 
22100000.000 	 0.998657 	 0.001747 
22120000.000 	 0.998008 	 0.002116 
22140000.000 	 0.998896 	 0.001662 
22160000.000 	 0.998480 	 0.002952 
22180000.000 	 0.997999 	 0.003096 
22200000.000 	 0.998937 	 0.000994 
22220000.000 	 0.998597 	 0.002457 
22240000.000 	 0.997576 	 0.003122 
22260000.000 	 0.997616 	 0.002149 
22280000.000 	 0.997677 	 0.001759 
22300000.000 	 0.996743 	 0.002484 
22320000.000 	 0.998947 	 0.001007 
22340000.000 	 0.997821 	 0.002982 
22360000.000 	 0.998037 	 0.002004 
22380000.000 	 0.997805 	 0.002347 
22400000.000 	 0.998538 	 0.002574 
22420000.000 	 0.997853 	 0.003296 
22440000.000 	 0.999022 	 0.001040 
22460000.000 	 0.997113 	 0.003281 
22480000.000 	 0.996481 	 0.004572 
22500000.000 	 0.998475 	 0.001685 
22520000.000 	 0.998156 	 0.002435 
22540000.000 	 0.998069 	 0.002236 
22560000.000 	 0.998141 	 0.002306 
22580000.000 	 0.997952 	 0.002975 
22600000.000 	 0.997720 	 0.002104 
22620000.000 	 0.998415 	 0.002330 
22640000.000 	 0.998849 	 0.001390 
22660000.000 	 0.998545 	 0.001833 
22680000.000 	 0.998343 	 0.001828 
22700000.000 	 0.997819 	 0.002466 
22720000.000 	 0.997509 	 0.003196 
22740000.000 	 0.995999 	 0.003758 
22760000.000 	 0.998558 	 0.001227 
22780000.000 	 0.999470 	 0.000509 
22800000.000 	 0.997855 	 0.005584 
22820000.000 	 0.994824 	 0.007543 
22840000.000 	 0.997498 	 0.002645 
22860000.000 	 0.998529 	 0.001259 
22880000.000 	 0.998212 	 0.001530 
22900000.000 	 0.998725 	 0.001122 
22920000.000 	 0.998412 	 0.001268 
22940000.000 	 0.997851 	 0.001961 
22960000.000 	 0.995044 	 0.003322 
22980000.000 	 0.998471 	 0.001921 
23000000.000 	 0.997176 	 0.002265 
23020000.000 	 0.998313 	 0.001708 
23040000.000 	 0.998504 	 0.001590 
23060000.000 	 0.996510 	 0.004303 
23080000.000 	 0.999063 	 0.000956 
23100000.000 	 0.996729 	 0.003656 
23120000.000 	 0.998701 	 0.001211 
23140000.000 	 0.997805 	 0.001927 
23160000.000 	 0.997793 	 0.001716 
23180000.000 	 0.997579 	 0.002444 
23200000.000 	 0.997843 	 0.002830 
23220000.000 	 0.998354 	 0.001555 
23240000.000 	 0.994475 	 0.004654 
23260000.000 	 0.998704 	 0.002249 
23280000.000 	 0.997204 	 0.001747 
23300000.000 	 0.997802 	 0.004107 
23320000.000 	 0.998413 	 0.001461 
23340000.000 	 0.997725 	 0.003692 
23360000.000 	 0.998538 	 0.002051 
23380000.000 	 0.997819 	 0.002948 
23400000.000 	 0.998034 	 0.001679 
23420000.000 	 0.998730 	 0.000980 
23440000.000 	 0.996558 	 0.003209 
23460000.000 	 0.997274 	 0.002806 
23480000.000 	 0.998377 	 0.001561 
23500000.000 	 0.997656 	 0.001928 
23520000.000 	 0.998995 	 0.001119 
23540000.000 	 0.998703 	 0.001284 
23560000.000 	 0.997812 	 0.002817 
23580000.000 	 0.998286 	 0.001482 
23600000.000 	 0.999184 	 0.001123 
23620000.000 	 0.997439 	 0.002873 
23640000.000 	 0.998358 	 0.001764 
23660000.000 	 0.997291 	 0.002134 
23680000.000 	 0.999047 	 0.001073 
23700000.000 	 0.998471 	 0.001743 
23720000.000 	 0.996874 	 0.003305 
23740000.000 	 0.996999 	 0.002956 
23760000.000 	 0.997940 	 0.002880 
23780000.000 	 0.997111 	 0.003470 
23800000.000 	 0.999053 	 0.001124 
23820000.000 	 0.997686 	 0.002626 
23840000.000 	 0.998825 	 0.001290 
23860000.000 	 0.998372 	 0.001582 
23880000.000 	 0.999079 	 0.000846 
23900000.000 	 0.998394 	 0.001541 
23920000.000 	 0.998573 	 0.002390 
23940000.000 	 0.997443 	 0.001985 
23960000.000 	 0.997497 	 0.003981 
23980000.000 	 0.997466 	 0.004367 
24000000.000 	 0.997441 	 0.003182 
24020000.000 	 0.996978 	 0.004874 
24040000.000 	 0.998555 	 0.001753 
24060000.000 	 0.998518 	 0.001220 
24080000.000 	 0.998048 	 0.001875 
24100000.000 	 0.997968 	 0.001954 
24120000.000 	 0.997899 	 0.002757 
24140000.000 	 0.999055 	 0.001055 
24160000.000 	 0.998425 	 0.001278 
24180000.000 	 0.998532 	 0.001886 
24200000.000 	 0.997638 	 0.003486 
24220000.000 	 0.998284 	 0.001450 
24240000.000 	 0.997950 	 0.002091 
24260000.000 	 0.992257 	 0.008678 
24280000.000 	 0.997036 	 0.002591 
24300000.000 	 0.998225 	 0.002049 
24320000.000 	 0.996628 	 0.003912 
24340000.000 	 0.998035 	 0.002888 
24360000.000 	 0.997562 	 0.002778 
24380000.000 	 0.998297 	 0.001351 
24400000.000 	 0.998498 	 0.002023 
24420000.000 	 0.995548 	 0.003118 
24440000.000 	 0.997207 	 0.004061 
24460000.000 	 0.997878 	 0.003686 
24480000.000 	 0.998415 	 0.001273 
24500000.000 	 0.997637 	 0.002366 
24520000.000 	 0.997480 	 0.002404 
24540000.000 	 0.997779 	 0.003271 
24560000.000 	 0.997930 	 0.002004 
24580000.000 	 0.996788 	 0.003282 
24600000.000 	 0.998311 	 0.001651 
24620000.000 	 0.998183 	 0.001693 
24640000.000 	 0.997252 	 0.002509 
24660000.000 	 0.997336 	 0.002381 
24680000.000 	 0.996523 	 0.004119 
24700000.000 	 0.996950 	 0.002768 
24720000.000 	 0.996896 	 0.004168 
24740000.000 	 0.998213 	 0.001723 
24760000.000 	 0.997643 	 0.002080 
24780000.000 	 0.998133 	 0.002304 
24800000.000 	 0.997101 	 0.003080 
24820000.000 	 0.997734 	 0.002352 
24840000.000 	 0.997712 	 0.002860 
24860000.000 	 0.997650 	 0.002192 
24880000.000 	 0.998622 	 0.001220 
24900000.000 	 0.998407 	 0.001368 
24920000.000 	 0.998143 	 0.003012 
24940000.000 	 0.998729 	 0.001544 
24960000.000 	 0.998683 	 0.001336 
24980000.000 	 0.998465 	 0.001879 
25000000.000 	 0.997919 	 0.002468 
25020000.000 	 0.998359 	 0.002203 
25040000.000 	 0.998524 	 0.001911 
25060000.000 	 0.997817 	 0.004125 
25080000.000 	 0.996701 	 0.003356 
25100000.000 	 0.998080 	 0.003012 
25120000.000 	 0.997574 	 0.002549 
25140000.000 	 0.997387 	 0.002482 
25160000.000 	 0.998066 	 0.002452 
25180000.000 	 0.997494 	 0.003857 
25200000.000 	 0.997580 	 0.001605 
25220000.000 	 0.996127 	 0.003307 
25240000.000 	 0.998089 	 0.001680 
25260000.000 	 0.998831 	 0.001234 
25280000.000 	 0.997046 	 0.003472 
25300000.000 	 0.997826 	 0.003030 
25320000.000 	 0.997847 	 0.002118 
25340000.000 	 0.998879 	 0.001137 
25360000.000 	 0.997801 	 0.002181 
25380000.000 	 0.998122 	 0.001786 
25400000.000 	 0.997937 	 0.001811 
25420000.000 	 0.998248 	 0.002104 
25440000.000 	 0.996778 	 0.003485 
25460000.000 	 0.997723 	 0.002310 
25480000.000 	 0.999063 	 0.000973 
25500000.000 	 0.997583 	 0.002571 
25520000.000 	 0.998548 	 0.001428 
25540000.000 	 0.998273 	 0.001698 
25560000.000 	 0.999086 	 0.000973 
25580000.000 	 0.997818 	 0.002218 
25600000.000 	 0.997861 	 0.002390 
25620000.000 	 0.996906 	 0.003075 
25640000.000 	 0.998506 	 0.001628 
25660000.000 	 0.998381 	 0.001752 
25680000.000 	 0.999094 	 0.000981 
25700000.000 	 0.998113 	 0.001674 
25720000.000 	 0.998491 	 0.001107 
25740000.000 	 0.998731 	 0.001901 
25760000.000 	 0.997020 	 0.004169 
25780000.000 	 0.998647 	 0.001464 
25800000.000 	 0.999050 	 0.001208 
25820000.000 	 0.998764 	 0.001436 
25840000.000 	 0.998114 	 0.003002 
25860000.000 	 0.997159 	 0.003092 
25880000.000 	 0.998430 	 0.001845 
25900000.000 	 0.998020 	 0.002014 
25920000.000 	 0.998448 	 0.001326 
25940000.000 	 0.997293 	 0.004701 
25960000.000 	 0.998452 	 0.002053 
25980000.000 	 0.999114 	 0.000874 
26000000.000 	 0.998072 	 0.002197 
26020000.000 	 0.997372 	 0.002563 
26040000.000 	 0.997618 	 0.002001 
26060000.000 	 0.998399 	 0.001673 
26080000.000 	 0.998953 	 0.001292 
26100000.000 	 0.997711 	 0.002230 
26120000.000 	 0.999143 	 0.000971 
26140000.000 	 0.999207 	 0.000972 
26160000.000 	 0.998859 	 0.001532 
26180000.000 	 0.998139 	 0.002219 
26200000.000 	 0.998089 	 0.001727 
26220000.000 	 0.998602 	 0.001668 
26240000.000 	 0.998456 	 0.001311 
26260000.000 	 0.998369 	 0.001725 
26280000.000 	 0.996782 	 0.003658 
26300000.000 	 0.997901 	 0.003884 
26320000.000 	 0.998539 	 0.002062 
26340000.000 	 0.998756 	 0.001514 
26360000.000 	 0.998418 	 0.002677 
26380000.000 	 0.998947 	 0.001457 
26400000.000 	 0.998350 	 0.001571 
26420000.000 	 0.998410 	 0.001995 
26440000.000 	 0.996828 	 0.003593 
26460000.000 	 0.997727 	 0.002431 
26480000.000 	 0.998206 	 0.002224 
26500000.000 	 0.997111 	 0.002536 
26520000.000 	 0.999009 	 0.001534 
26540000.000 	 0.998440 	 0.001462 
26560000.000 	 0.997907 	 0.002223 
26580000.000 	 0.998087 	 0.001697 
26600000.000 	 0.998653 	 0.001196 
26620000.000 	 0.996918 	 0.002927 
26640000.000 	 0.995750 	 0.005617 
26660000.000 	 0.997412 	 0.002450 
26680000.000 	 0.995946 	 0.005300 
26700000.000 	 0.997058 	 0.003206 
26720000.000 	 0.999055 	 0.001047 
26740000.000 	 0.998693 	 0.001086 
26760000.000 	 0.998596 	 0.001171 
26780000.000 	 0.997473 	 0.002655 
26800000.000 	 0.996854 	 0.003002 
26820000.000 	 0.998215 	 0.002552 
26840000.000 	 0.997136 	 0.005584 
26860000.000 	 0.998509 	 0.001651 
26880000.000 	 0.998049 	 0.002427 
26900000.000 	 0.998647 	 0.001541 
26920000.000 	 0.997802 	 0.002216 
26940000.000 	 0.998325 	 0.003041 
26960000.000 	 0.998135 	 0.001600 
26980000.000 	 0.998848 	 0.001365 
27000000.000 	 0.997455 	 0.002018 
27020000.000 	 0.998918 	 0.001161 
27040000.000 	 0.996786 	 0.002765 
27060000.000 	 0.998000 	 0.001507 
27080000.000 	 0.996681 	 0.005337 
27100000.000 	 0.995799 	 0.005149 
27120000.000 	 0.997631 	 0.002299 
27140000.000 	 0.998560 	 0.001732 
27160000.000 	 0.997085 	 0.003773 
27180000.000 	 0.998164 	 0.002978 
27200000.000 	 0.998982 	 0.000832 
27220000.000 	 0.999056 	 0.000910 
27240000.000 	 0.999225 	 0.000860 
27260000.000 	 0.998669 	 0.001459 
27280000.000 	 0.998709 	 0.001918 
27300000.000 	 0.998310 	 0.002195 
27320000.000 	 0.997514 	 0.002062 
27340000.000 	 0.998344 	 0.001697 
27360000.000 	 0.996956 	 0.003143 
27380000.000 	 0.998890 	 0.001371 
27400000.000 	 0.998630 	 0.001199 
27420000.000 	 0.998308 	 0.002142 
27440000.000 	 0.999371 	 0.000807 
27460000.000 	 0.998070 	 0.001837 
27480000.000 	 0.998614 	 0.001956 
27500000.000 	 0.998464 	 0.001784 
27520000.000 	 0.998646 	 0.000998 
27540000.000 	 0.996850 	 0.002126 
27560000.000 	 0.997153 	 0.003193 
27580000.000 	 0.998498 	 0.002325 
27600000.000 	 0.997858 	 0.003000 
27620000.000 	 0.997458 	 0.002526 
27640000.000 	 0.997694 	 0.001897 
27660000.000 	 0.998771 	 0.001378 
27680000.000 	 0.997520 	 0.001900 
27700000.000 	 0.997940 	 0.001785 
27720000.000 	 0.998272 	 0.002306 
27740000.000 	 0.997741 	 0.002261 
27760000.000 	 0.998010 	 0.001584 
27780000.000 	 0.997520 	 0.002566 
27800000.000 	 0.998182 	 0.001900 
27820000.000 	 0.995230 	 0.005985 
27840000.000 	 0.997768 	 0.002091 
27860000.000 	 0.998253 	 0.004617 
27880000.000 	 0.998820 	 0.001237 
27900000.000 	 0.997795 	 0.002586 
27920000.000 	 0.998857 	 0.001447 
27940000.000 	 0.997191 	 0.002779 
27960000.000 	 0.997611 	 0.002045 
27980000.000 	 0.998565 	 0.001427 
28000000.000 	 0.996376 	 0.003155 
28020000.000 	 0.996275 	 0.004327 
28040000.000 	 0.998020 	 0.001729 
28060000.000 	 0.998103 	 0.002480 
28080000.000 	 0.996028 	 0.003949 
28100000.000 	 0.998297 	 0.001322 
28120000.000 	 0.998043 	 0.001495 
28140000.000 	 0.998668 	 0.001232 
28160000.000 	 0.998690 	 0.001373 
28180000.000 	 0.998451 	 0.002132 
28200000.000 	 0.997658 	 0.001727 
28220000.000 	 0.997067 	 0.003767 
28240000.000 	 0.998556 	 0.001470 
28260000.000 	 0.998922 	 0.001586 
28280000.000 	 0.997252 	 0.003264 
28300000.000 	 0.998531 	 0.001664 
28320000.000 	 0.997442 	 0.003330 
28340000.000 	 0.998914 	 0.001030 
28360000.000 	 0.998711 	 0.001307 
28380000.000 	 0.997352 	 0.002670 
28400000.000 	 0.996808 	 0.002961 
28420000.000 	 0.998438 	 0.001657 
28440000.000 	 0.997719 	 0.002810 
28460000.000 	 0.998586 	 0.001595 
28480000.000 	 0.998370 	 0.002509 
28500000.000 	 0.997475 	 0.002162 
28520000.000 	 0.998031 	 0.002192 
28540000.000 	 0.998031 	 0.002372 
28560000.000 	 0.998187 	 0.002918 
28580000.000 	 0.998514 	 0.001360 
28600000.000 	 0.998070 	 0.002164 
28620000.000 	 0.997753 	 0.002709 
28640000.000 	 0.997274 	 0.003158 
28660000.000 	 0.997326 	 0.002248 
28680000.000 	 0.998318 	 0.001590 
28700000.000 	 0.998032 	 0.004275 
28720000.000 	 0.998579 	 0.001540 
28740000.000 	 0.996139 	 0.003605 
28760000.000 	 0.997179 	 0.002636 
28780000.000 	 0.998600 	 0.001428 
28800000.000 	 0.997898 	 0.001785 
28820000.000 	 0.998663 	 0.001249 
28840000.000 	 0.996941 	 0.003116 
28860000.000 	 0.998361 	 0.001543 
28880000.000 	 0.998259 	 0.001678 
28900000.000 	 0.998117 	 0.002318 
28920000.000 	 0.998061 	 0.001794 
28940000.000 	 0.997434 	 0.003011 
28960000.000 	 0.998240 	 0.001293 
28980000.000 	 0.999129 	 0.000703 
29000000.000 	 0.998348 	 0.002141 
29020000.000 	 0.997800 	 0.002933 
29040000.000 	 0.998616 	 0.001394 
29060000.000 	 0.998204 	 0.001689 
29080000.000 	 0.997536 	 0.003725 
29100000.000 	 0.995465 	 0.003763 
29120000.000 	 0.998698 	 0.001777 
29140000.000 	 0.998577 	 0.001528 
29160000.000 	 0.997438 	 0.003103 
29180000.000 	 0.997004 	 0.003820 
29200000.000 	 0.998797 	 0.001512 
29220000.000 	 0.998883 	 0.001863 
29240000.000 	 0.998462 	 0.001921 
29260000.000 	 0.997212 	 0.002146 
29280000.000 	 0.996110 	 0.003502 
29300000.000 	 0.997889 	 0.002534 
29320000.000 	 0.998741 	 0.001217 
29340000.000 	 0.998736 	 0.001636 
29360000.000 	 0.998350 	 0.001646 
29380000.000 	 0.998077 	 0.002897 
29400000.000 	 0.995717 	 0.003642 
29420000.000 	 0.998020 	 0.002555 
29440000.000 	 0.998250 	 0.001934 
29460000.000 	 0.998504 	 0.002144 
29480000.000 	 0.998779 	 0.001588 
29500000.000 	 0.998393 	 0.001180 
29520000.000 	 0.996320 	 0.004328 
29540000.000 	 0.998102 	 0.002110 
29560000.000 	 0.998866 	 0.001033 
29580000.000 	 0.998315 	 0.002644 
29600000.000 	 0.999142 	 0.000679 
29620000.000 	 0.999286 	 0.000661 
29640000.000 	 0.996919 	 0.003637 
29660000.000 	 0.997680 	 0.004184 
29680000.000 	 0.997158 	 0.004306 
29700000.000 	 0.997488 	 0.002664 
29720000.000 	 0.998185 	 0.002359 
29740000.000 	 0.998127 	 0.001797 
29760000.000 	 0.997133 	 0.002333 
29780000.000 	 0.998951 	 0.001246 
29800000.000 	 0.998798 	 0.001952 
29820000.000 	 0.997800 	 0.003712 
29840000.000 	 0.997969 	 0.001892 
29860000.000 	 0.997939 	 0.002891 
29880000.000 	 0.998393 	 0.001374 
29900000.000 	 0.997690 	 0.001778 
29920000.000 	 0.997696 	 0.003001 
29940000.000 	 0.998131 	 0.003011 
29960000.000 	 0.998713 	 0.000931 
29980000.000 	 0.998502 	 0.002365 
30000000.000 	 0.997460 	 0.004410 
30020000.000 	 0.998385 	 0.002384 
30040000.000 	 0.998645 	 0.001108 
30060000.000 	 0.997995 	 0.001830 
30080000.000 	 0.998244 	 0.002029 
30100000.000 	 0.998435 	 0.001984 
30120000.000 	 0.996974 	 0.006179 
30140000.000 	 0.999132 	 0.000880 
30160000.000 	 0.996755 	 0.003250 
30180000.000 	 0.998158 	 0.001828 
30200000.000 	 0.998019 	 0.003451 
30220000.000 	 0.997918 	 0.002426 
30240000.000 	 0.997017 	 0.003353 
30260000.000 	 0.996586 	 0.006240 
30280000.000 	 0.998589 	 0.001413 
30300000.000 	 0.997881 	 0.003027 
30320000.000 	 0.997242 	 0.002682 
30340000.000 	 0.997652 	 0.002449 
30360000.000 	 0.998633 	 0.001183 
30380000.000 	 0.998337 	 0.001757 
30400000.000 	 0.996525 	 0.004589 
30420000.000 	 0.996733 	 0.003480 
30440000.000 	 0.998392 	 0.001778 
30460000.000 	 0.997816 	 0.002837 
30480000.000 	 0.996822 	 0.005938 
30500000.000 	 0.998741 	 0.001436 
30520000.000 	 0.997141 	 0.003109 
30540000.000 	 0.997508 	 0.001821 
30560000.000 	 0.997999 	 0.003603 
30580000.000 	 0.995970 	 0.006955 
30600000.000 	 0.998788 	 0.001532 
30620000.000 	 0.998835 	 0.002111 
30640000.000 	 0.996912 	 0.003767 
30660000.000 	 0.997635 	 0.001682 
30680000.000 	 0.998768 	 0.001095 
30700000.000 	 0.998862 	 0.001250 
30720000.000 	 0.998122 	 0.001971 
30740000.000 	 0.998850 	 0.001104 
30760000.000 	 0.997782 	 0.001774 
30780000.000 	 0.997713 	 0.002436 
30800000.000 	 0.998555 	 0.002449 
30820000.000 	 0.998504 	 0.001753 
30840000.000 	 0.997940 	 0.002691 
30860000.000 	 0.996711 	 0.003354 
30880000.000 	 0.998211 	 0.002388 
30900000.000 	 0.998568 	 0.001409 
30920000.000 	 0.997157 	 0.005725 
30940000.000 	 0.998015 	 0.002646 
30960000.000 	 0.998374 	 0.002677 
30980000.000 	 0.997794 	 0.003605 
31000000.000 	 0.995649 	 0.007837 
31020000.000 	 0.997819 	 0.002771 
31040000.000 	 0.998595 	 0.000952 
31060000.000 	 0.998440 	 0.001210 
31080000.000 	 0.997486 	 0.002435 
31100000.000 	 0.997577 	 0.003047 
31120000.000 	 0.998553 	 0.001652 
31140000.000 	 0.997590 	 0.002240 
31160000.000 	 0.997821 	 0.002818 
31180000.000 	 0.998068 	 0.001388 
31200000.000 	 0.998059 	 0.001622 
31220000.000 	 0.997165 	 0.004989 
31240000.000 	 0.998384 	 0.001869 
31260000.000 	 0.997623 	 0.003519 
31280000.000 	 0.998641 	 0.001456 
31300000.000 	 0.998537 	 0.001980 
31320000.000 	 0.998522 	 0.001195 
31340000.000 	 0.998855 	 0.001212 
31360000.000 	 0.997870 	 0.001620 
31380000.000 	 0.997735 	 0.003493 
31400000.000 	 0.998198 	 0.001629 
31420000.000 	 0.997591 	 0.002774 
31440000.000 	 0.995093 	 0.007753 
31460000.000 	 0.998547 	 0.001626 
31480000.000 	 0.998289 	 0.001702 
31500000.000 	 0.994540 	 0.002799 
31520000.000 	 0.997882 	 0.001611 
31540000.000 	 0.996956 	 0.004106 
31560000.000 	 0.997963 	 0.002033 
31580000.000 	 0.997315 	 0.004713 
31600000.000 	 0.997418 	 0.002332 
31620000.000 	 0.994446 	 0.004204 
31640000.000 	 0.998421 	 0.002082 
31660000.000 	 0.997743 	 0.003801 
31680000.000 	 0.997407 	 0.004298 
31700000.000 	 0.997817 	 0.006294 
31720000.000 	 0.998206 	 0.001428 
31740000.000 	 0.997231 	 0.004070 
31760000.000 	 0.998204 	 0.002056 
31780000.000 	 0.997241 	 0.002566 
31800000.000 	 0.998955 	 0.001011 
31820000.000 	 0.998461 	 0.001500 
31840000.000 	 0.998112 	 0.002419 
31860000.000 	 0.998605 	 0.001629 
31880000.000 	 0.998645 	 0.001442 
31900000.000 	 0.998496 	 0.002758 
31920000.000 	 0.997914 	 0.001951 
31940000.000 	 0.998747 	 0.001452 
31960000.000 	 0.998726 	 0.001217 
31980000.000 	 0.998259 	 0.002393 
32000000.000 	 0.998373 	 0.001605 
32020000.000 	 0.998112 	 0.001774 
32040000.000 	 0.997970 	 0.002240 
32060000.000 	 0.998284 	 0.001842 
32080000.000 	 0.997874 	 0.002392 
32100000.000 	 0.996592 	 0.007612 
32120000.000 	 0.997911 	 0.002563 
32140000.000 	 0.998661 	 0.001948 
32160000.000 	 0.997297 	 0.001971 
32180000.000 	 0.998913 	 0.000937 
32200000.000 	 0.998004 	 0.002476 
32220000.000 	 0.997899 	 0.002747 
32240000.000 	 0.997156 	 0.002993 
32260000.000 	 0.997921 	 0.002145 
32280000.000 	 0.998800 	 0.002528 
32300000.000 	 0.997925 	 0.002209 
32320000.000 	 0.996620 	 0.004260 
32340000.000 	 0.998478 	 0.001509 
32360000.000 	 0.998367 	 0.001554 
32380000.000 	 0.998263 	 0.001160 
32400000.000 	 0.998338 	 0.002218 
32420000.000 	 0.997489 	 0.003139 
32440000.000 	 0.997999 	 0.003578 
32460000.000 	 0.998663 	 0.001522 
32480000.000 	 0.997289 	 0.004189 
32500000.000 	 0.996821 	 0.005460 
32520000.000 	 0.997789 	 0.002841 
32540000.000 	 0.998736 	 0.001122 
32560000.000 	 0.998932 	 0.001442 
32580000.000 	 0.998109 	 0.001582 
32600000.000 	 0.997390 	 0.003685 
32620000.000 	 0.998409 	 0.001707 
32640000.000 	 0.998439 	 0.001661 
32660000.000 	 0.997893 	 0.002162 
32680000.000 	 0.998275 	 0.001678 
32700000.000 	 0.998509 	 0.001889 
32720000.000 	 0.997561 	 0.002885 
32740000.000 	 0.998444 	 0.001677 
32760000.000 	 0.998624 	 0.001363 
32780000.000 	 0.997915 	 0.002944 
32800000.000 	 0.994620 	 0.002389 
32820000.000 	 0.998783 	 0.001189 
32840000.000 	 0.997423 	 0.005763 
32860000.000 	 0.999292 	 0.000831 
32880000.000 	 0.998368 	 0.002589 
32900000.000 	 0.998549 	 0.001616 
32920000.000 	 0.998857 	 0.000952 
32940000.000 	 0.998583 	 0.001367 
32960000.000 	 0.997731 	 0.002125 
32980000.000 	 0.998053 	 0.002290 
33000000.000 	 0.997537 	 0.002461 
33020000.000 	 0.998082 	 0.003692 
33040000.000 	 0.998476 	 0.001880 
33060000.000 	 0.998595 	 0.001880 
33080000.000 	 0.997592 	 0.005049 
33100000.000 	 0.998538 	 0.001368 
33120000.000 	 0.997452 	 0.003784 
33140000.000 	 0.998486 	 0.002448 
33160000.000 	 0.997634 	 0.002647 
33180000.000 	 0.998600 	 0.001066 
33200000.000 	 0.997209 	 0.002763 
33220000.000 	 0.998668 	 0.001333 
33240000.000 	 0.997781 	 0.002153 
33260000.000 	 0.997818 	 0.001785 
33280000.000 	 0.998859 	 0.000937 
33300000.000 	 0.998327 	 0.002008 
33320000.000 	 0.998089 	 0.001906 
33340000.000 	 0.997134 	 0.004257 
33360000.000 	 0.998402 	 0.002102 
33380000.000 	 0.997814 	 0.001398 
33400000.000 	 0.996568 	 0.002995 
33420000.000 	 0.996858 	 0.003345 
33440000.000 	 0.998259 	 0.001416 
33460000.000 	 0.997889 	 0.002537 
33480000.000 	 0.999120 	 0.000866 
33500000.000 	 0.999033 	 0.000949 
33520000.000 	 0.998452 	 0.002100 
33540000.000 	 0.997149 	 0.002716 
33560000.000 	 0.998426 	 0.001652 
33580000.000 	 0.998514 	 0.001471 
33600000.000 	 0.998558 	 0.001680 
33620000.000 	 0.998479 	 0.002072 
33640000.000 	 0.998952 	 0.001265 
33660000.000 	 0.996540 	 0.003778 
33680000.000 	 0.997954 	 0.002378 
33700000.000 	 0.997188 	 0.003051 
33720000.000 	 0.997517 	 0.002252 
33740000.000 	 0.998790 	 0.001137 
33760000.000 	 0.998397 	 0.002129 
33780000.000 	 0.997945 	 0.001796 
33800000.000 	 0.997385 	 0.001802 
33820000.000 	 0.998592 	 0.001605 
33840000.000 	 0.998552 	 0.002328 
33860000.000 	 0.998398 	 0.002472 
33880000.000 	 0.999336 	 0.000693 
33900000.000 	 0.998476 	 0.001736 
33920000.000 	 0.995635 	 0.002847 
33940000.000 	 0.996849 	 0.004396 
33960000.000 	 0.997504 	 0.002500 
33980000.000 	 0.998922 	 0.001012 
34000000.000 	 0.996853 	 0.002503 
34020000.000 	 0.998285 	 0.002672 
34040000.000 	 0.998296 	 0.001539 
34060000.000 	 0.996864 	 0.002578 
34080000.000 	 0.997597 	 0.002964 
34100000.000 	 0.998377 	 0.002611 
34120000.000 	 0.994520 	 0.004913 
34140000.000 	 0.998758 	 0.001235 
34160000.000 	 0.997799 	 0.002998 
34180000.000 	 0.998580 	 0.001223 
34200000.000 	 0.998048 	 0.002864 
34220000.000 	 0.998168 	 0.002756 
34240000.000 	 0.998831 	 0.001220 
34260000.000 	 0.997557 	 0.003453 
34280000.000 	 0.997354 	 0.004044 
34300000.000 	 0.998113 	 0.002936 
34320000.000 	 0.999112 	 0.000804 
34340000.000 	 0.996851 	 0.003197 
34360000.000 	 0.997303 	 0.002157 
34380000.000 	 0.999047 	 0.001052 
34400000.000 	 0.998054 	 0.001850 
34420000.000 	 0.997647 	 0.002221 
34440000.000 	 0.998612 	 0.001993 
34460000.000 	 0.997801 	 0.001910 
34480000.000 	 0.997299 	 0.002639 
34500000.000 	 0.998970 	 0.001097 
34520000.000 	 0.998688 	 0.001242 
34540000.000 	 0.998191 	 0.001773 
34560000.000 	 0.996516 	 0.003142 
34580000.000 	 0.998458 	 0.002421 
34600000.000 	 0.998044 	 0.002292 
34620000.000 	 0.998976 	 0.001179 
34640000.000 	 0.997392 	 0.002908 
34660000.000 	 0.996847 	 0.002627 
34680000.000 	 0.998688 	 0.001612 
34700000.000 	 0.998151 	 0.002512 
34720000.000 	 0.998311 	 0.001363 
34740000.000 	 0.998217 	 0.002378 
34760000.000 	 0.998477 	 0.001417 
34780000.000 	 0.999016 	 0.000929 
34800000.000 	 0.999296 	 0.000743 
34820000.000 	 0.998123 	 0.001870 
34840000.000 	 0.997609 	 0.003361 
34860000.000 	 0.998523 	 0.002692 
34880000.000 	 0.998380 	 0.001930 
34900000.000 	 0.997429 	 0.003348 
34920000.000 	 0.995383 	 0.002770 
34940000.000 	 0.997717 	 0.003020 
34960000.000 	 0.997876 	 0.002640 
34980000.000 	 0.998477 	 0.002393 
35000000.000 	 0.998756 	 0.001216 
35020000.000 	 0.997751 	 0.002113 
35040000.000 	 0.998620 	 0.001367 
35060000.000 	 0.998635 	 0.001416 
35080000.000 	 0.998689 	 0.001471 
35100000.000 	 0.998749 	 0.001229 
35120000.000 	 0.997047 	 0.003751 
35140000.000 	 0.998074 	 0.002151 
35160000.000 	 0.997545 	 0.002401 
35180000.000 	 0.998724 	 0.001486 
35200000.000 	 0.998517 	 0.001366 
35220000.000 	 0.998614 	 0.001204 
35240000.000 	 0.998124 	 0.001966 
35260000.000 	 0.998648 	 0.001658 
35280000.000 	 0.999045 	 0.000839 
35300000.000 	 0.998603 	 0.001760 
35320000.000 	 0.998050 	 0.003934 
35340000.000 	 0.998554 	 0.001283 
35360000.000 	 0.999136 	 0.000646 
35380000.000 	 0.997599 	 0.003313 
35400000.000 	 0.997162 	 0.002840 
35420000.000 	 0.997436 	 0.002901 
35440000.000 	 0.997885 	 0.003339 
35460000.000 	 0.999105 	 0.001995 
35480000.000 	 0.998761 	 0.001185 
35500000.000 	 0.998209 	 0.003875 
35520000.000 	 0.998787 	 0.001565 
35540000.000 	 0.997946 	 0.001664 
35560000.000 	 0.998396 	 0.004332 
35580000.000 	 0.998297 	 0.001885 
35600000.000 	 0.996892 	 0.002207 
35620000.000 	 0.998166 	 0.002565 
35640000.000 	 0.998197 	 0.001680 
35660000.000 	 0.997777 	 0.001890 
35680000.000 	 0.997810 	 0.004666 
35700000.000 	 0.997993 	 0.002059 
35720000.000 	 0.998857 	 0.001018 
35740000.000 	 0.998609 	 0.001757 
35760000.000 	 0.998443 	 0.001923 
35780000.000 	 0.998291 	 0.001933 
35800000.000 	 0.997832 	 0.003015 
35820000.000 	 0.998796 	 0.001332 
35840000.000 	 0.998443 	 0.001371 
35860000.000 	 0.998626 	 0.001159 
35880000.000 	 0.997549 	 0.002594 
35900000.000 	 0.997951 	 0.001812 
35920000.000 	 0.998154 	 0.001835 
35940000.000 	 0.997978 	 0.002573 
35960000.000 	 0.998420 	 0.002422 
35980000.000 	 0.997979 	 0.001687 
36000000.000 	 0.997699 	 0.001670 
36020000.000 	 0.998020 	 0.001531 
36040000.000 	 0.997774 	 0.002338 
36060000.000 	 0.998337 	 0.002070 
36080000.000 	 0.997370 	 0.003310 
36100000.000 	 0.997930 	 0.003189 
36120000.000 	 0.998557 	 0.001347 
36140000.000 	 0.997618 	 0.002424 
36160000.000 	 0.998044 	 0.002181 
36180000.000 	 0.997949 	 0.002064 
36200000.000 	 0.995988 	 0.002127 
36220000.000 	 0.997218 	 0.003936 
36240000.000 	 0.998616 	 0.001227 
36260000.000 	 0.998416 	 0.001480 
36280000.000 	 0.998272 	 0.001975 
36300000.000 	 0.997900 	 0.005025 
36320000.000 	 0.998238 	 0.001543 
36340000.000 	 0.998606 	 0.001590 
36360000.000 	 0.998056 	 0.001659 
36380000.000 	 0.997820 	 0.001862 
36400000.000 	 0.997337 	 0.002122 
36420000.000 	 0.998719 	 0.001737 
36440000.000 	 0.998083 	 0.001673 
36460000.000 	 0.998512 	 0.001205 
36480000.000 	 0.998694 	 0.000784 
36500000.000 	 0.997637 	 0.003478 
36520000.000 	 0.998647 	 0.001878 
36540000.000 	 0.996829 	 0.004473 
36560000.000 	 0.998653 	 0.001059 
36580000.000 	 0.998428 	 0.001526 
36600000.000 	 0.998923 	 0.001233 
36620000.000 	 0.998866 	 0.000996 
36640000.000 	 0.998832 	 0.001220 
36660000.000 	 0.998574 	 0.002322 
36680000.000 	 0.998723 	 0.001352 
36700000.000 	 0.997654 	 0.005190 
36720000.000 	 0.999044 	 0.001040 
36740000.000 	 0.998751 	 0.001063 
36760000.000 	 0.997485 	 0.003143 
36780000.000 	 0.998110 	 0.001416 
36800000.000 	 0.998008 	 0.001869 
36820000.000 	 0.996396 	 0.002407 
36840000.000 	 0.998385 	 0.001352 
36860000.000 	 0.998329 	 0.001727 
36880000.000 	 0.997559 	 0.001859 
36900000.000 	 0.996038 	 0.004714 
36920000.000 	 0.997739 	 0.002298 
36940000.000 	 0.998352 	 0.001819 
36960000.000 	 0.998279 	 0.001155 
36980000.000 	 0.997163 	 0.003599 
37000000.000 	 0.997715 	 0.002836 
37020000.000 	 0.998058 	 0.002347 
37040000.000 	 0.998367 	 0.002734 
37060000.000 	 0.998333 	 0.002841 
37080000.000 	 0.998360 	 0.002436 
37100000.000 	 0.998010 	 0.001887 
37120000.000 	 0.998002 	 0.002672 
37140000.000 	 0.996215 	 0.003070 
37160000.000 	 0.998616 	 0.001431 
37180000.000 	 0.998872 	 0.001187 
37200000.000 	 0.996112 	 0.003248 
37220000.000 	 0.998687 	 0.001135 
37240000.000 	 0.995941 	 0.004395 
37260000.000 	 0.998784 	 0.001241 
37280000.000 	 0.997826 	 0.002101 
37300000.000 	 0.997589 	 0.002246 
37320000.000 	 0.999083 	 0.001055 
37340000.000 	 0.997771 	 0.002729 
37360000.000 	 0.998721 	 0.001421 
37380000.000 	 0.996624 	 0.003875 
37400000.000 	 0.998537 	 0.001467 
37420000.000 	 0.998722 	 0.001810 
37440000.000 	 0.995703 	 0.004250 
37460000.000 	 0.997607 	 0.002497 
37480000.000 	 0.998564 	 0.001295 
37500000.000 	 0.998007 	 0.001524 
37520000.000 	 0.996824 	 0.003462 
37540000.000 	 0.998848 	 0.001622 
37560000.000 	 0.998799 	 0.001370 
37580000.000 	 0.997760 	 0.001659 
37600000.000 	 0.997773 	 0.002000 
37620000.000 	 0.997764 	 0.002391 
37640000.000 	 0.998507 	 0.001940 
37660000.000 	 0.997726 	 0.002549 
37680000.000 	 0.998038 	 0.001683 
37700000.000 	 0.997344 	 0.004112 
37720000.000 	 0.996848 	 0.003022 
37740000.000 	 0.998305 	 0.001587 
37760000.000 	 0.998394 	 0.002511 
37780000.000 	 0.997343 	 0.001763 
37800000.000 	 0.998256 	 0.003122 
37820000.000 	 0.996985 	 0.003179 
37840000.000 	 0.996949 	 0.002588 
37860000.000 	 0.997238 	 0.002015 
37880000.000 	 0.998769 	 0.001521 
37900000.000 	 0.998636 	 0.001502 
37920000.000 	 0.996859 	 0.002690 
37940000.000 	 0.996568 	 0.004377 
37960000.000 	 0.998181 	 0.004323 
37980000.000 	 0.997803 	 0.002309 
38000000.000 	 0.998784 	 0.001188 
