       0.000 	    0.060 	       94 	        6 	        0 	        0 	        0 	        0 	        0
   20000.000 	    0.160 	       85 	       14 	        1 	        0 	        0 	        0 	        0
   40000.000 	    0.260 	       77 	       20 	        3 	        0 	        0 	        0 	        0
   60000.000 	    0.320 	       72 	       24 	        4 	        0 	        0 	        0 	        0
   80000.000 	    0.560 	       55 	       35 	        9 	        1 	        0 	        0 	        0
  100000.000 	    0.780 	       40 	       46 	       10 	        4 	        0 	        0 	        0
  120000.000 	    0.840 	       38 	       44 	       14 	        4 	        0 	        0 	        0
  140000.000 	    0.940 	       30 	       49 	       18 	        3 	        0 	        0 	        0
  160000.000 	    1.020 	       29 	       47 	       17 	        7 	        0 	        0 	        0
  180000.000 	    1.060 	       23 	       55 	       15 	        7 	        0 	        0 	        0
  200000.000 	    1.180 	       22 	       48 	       20 	       10 	        0 	        0 	        0
  220000.000 	    1.320 	       17 	       47 	       24 	       11 	        1 	        0 	        0
  240000.000 	    1.440 	       17 	       41 	       28 	        9 	        5 	        0 	        0
  260000.000 	    1.480 	       15 	       43 	       26 	       11 	        5 	        0 	        0
  280000.000 	    1.500 	       15 	       44 	       22 	       14 	        5 	        0 	        0
  300000.000 	    1.640 	       12 	       41 	       25 	       15 	        7 	        0 	        0
  320000.000 	    1.700 	       13 	       36 	       26 	       18 	        7 	        0 	        0
  340000.000 	    1.840 	       11 	       32 	       27 	       22 	        8 	        0 	        0
  360000.000 	    1.920 	       10 	       30 	       27 	       24 	        9 	        0 	        0
  380000.000 	    1.900 	       12 	       30 	       25 	       22 	       11 	        0 	        0
  400000.000 	    1.940 	       10 	       30 	       27 	       22 	       11 	        0 	        0
  420000.000 	    2.040 	       10 	       23 	       32 	       23 	       12 	        0 	        0
  440000.000 	    2.140 	        6 	       25 	       30 	       27 	       12 	        0 	        0
  460000.000 	    2.100 	       11 	       20 	       30 	       27 	       11 	        1 	        0
  480000.000 	    2.160 	       11 	       17 	       31 	       28 	       12 	        1 	        0
  500000.000 	    2.220 	        8 	       19 	       31 	       28 	       13 	        1 	        0
  520000.000 	    2.200 	       10 	       17 	       31 	       28 	       13 	        1 	        0
  540000.000 	    2.260 	        9 	       16 	       31 	       30 	       12 	        2 	        0
  560000.000 	    2.320 	        8 	       16 	       30 	       30 	       14 	        2 	        0
  580000.000 	    2.320 	       10 	       12 	       32 	       30 	       14 	        2 	        0
  600000.000 	    2.380 	        7 	       15 	       29 	       33 	       14 	        2 	        0
  620000.000 	    2.420 	        6 	       14 	       31 	       32 	       15 	        2 	        0
  640000.000 	    2.420 	        6 	       14 	       31 	       32 	       15 	        2 	        0
  660000.000 	    2.480 	        4 	       15 	       32 	       31 	       14 	        4 	        0
  680000.000 	    2.480 	        6 	       11 	       34 	       31 	       14 	        4 	        0
  700000.000 	    2.500 	        6 	       11 	       32 	       33 	       14 	        4 	        0
  720000.000 	    2.520 	        6 	       10 	       32 	       34 	       14 	        4 	        0
  740000.000 	    2.540 	        6 	       10 	       32 	       32 	       16 	        4 	        0
  760000.000 	    2.540 	        6 	       10 	       32 	       32 	       16 	        4 	        0
  780000.000 	    2.560 	        6 	       10 	       32 	       30 	       18 	        4 	        0
  800000.000 	    2.540 	        8 	        8 	       32 	       30 	       18 	        4 	        0
  820000.000 	    2.520 	       10 	        6 	       32 	       30 	       18 	        4 	        0
  840000.000 	    2.520 	       10 	        6 	       32 	       30 	       18 	        4 	        0
  860000.000 	    2.560 	        9 	        6 	       32 	       30 	       19 	        4 	        0
  880000.000 	    2.600 	        7 	        8 	       31 	       30 	       20 	        4 	        0
  900000.000 	    2.620 	        9 	        6 	       31 	       26 	       24 	        4 	        0
  920000.000 	    2.620 	        9 	        6 	       31 	       26 	       24 	        4 	        0
  940000.000 	    2.640 	        9 	        5 	       31 	       27 	       24 	        4 	        0
  960000.000 	    2.660 	        8 	        6 	       31 	       26 	       25 	        4 	        0
  980000.000 	    2.680 	        8 	        6 	       30 	       26 	       26 	        4 	        0
 1000000.000 	    2.660 	       10 	        4 	       30 	       26 	       26 	        4 	        0
 1020000.000 	    2.660 	       10 	        4 	       30 	       26 	       26 	        4 	        0
 1040000.000 	    2.680 	       11 	        3 	       29 	       25 	       28 	        4 	        0
 1060000.000 	    2.700 	        9 	        5 	       29 	       25 	       28 	        4 	        0
 1080000.000 	    2.720 	        9 	        4 	       30 	       25 	       27 	        5 	        0
 1100000.000 	    2.740 	        7 	        6 	       30 	       25 	       27 	        5 	        0
 1120000.000 	    2.780 	        6 	        6 	       29 	       27 	       27 	        5 	        0
 1140000.000 	    2.800 	        5 	        7 	       29 	       26 	       28 	        5 	        0
 1160000.000 	    2.780 	        6 	        6 	       30 	       25 	       28 	        5 	        0
 1180000.000 	    2.820 	        5 	        6 	       29 	       28 	       26 	        6 	        0
 1200000.000 	    2.860 	        5 	        5 	       28 	       30 	       25 	        7 	        0
 1220000.000 	    2.880 	        4 	        6 	       28 	       29 	       26 	        7 	        0
 1240000.000 	    2.920 	        4 	        4 	       29 	       29 	       27 	        7 	        0
 1260000.000 	    2.880 	        6 	        2 	       30 	       29 	       26 	        7 	        0
 1280000.000 	    2.900 	        6 	        2 	       29 	       29 	       27 	        7 	        0
 1300000.000 	    2.940 	        4 	        4 	       28 	       29 	       28 	        7 	        0
 1320000.000 	    2.940 	        4 	        4 	       28 	       29 	       28 	        7 	        0
 1340000.000 	    2.920 	        4 	        5 	       28 	       28 	       28 	        7 	        0
 1360000.000 	    2.940 	        4 	        4 	       29 	       27 	       29 	        7 	        0
 1380000.000 	    2.940 	        4 	        4 	       29 	       27 	       29 	        7 	        0
 1400000.000 	    2.940 	        6 	        2 	       28 	       27 	       30 	        7 	        0
 1420000.000 	    2.960 	        6 	        2 	       27 	       27 	       31 	        7 	        0
 1440000.000 	    2.940 	        6 	        3 	       27 	       26 	       31 	        7 	        0
 1460000.000 	    3.000 	        5 	        4 	       24 	       28 	       31 	        8 	        0
 1480000.000 	    3.020 	        4 	        5 	       24 	       28 	       30 	        9 	        0
 1500000.000 	    3.020 	        4 	        5 	       24 	       28 	       30 	        9 	        0
 1520000.000 	    3.020 	        6 	        1 	       26 	       28 	       30 	        9 	        0
 1540000.000 	    3.100 	        4 	        1 	       27 	       28 	       30 	        9 	        1
 1560000.000 	    3.100 	        4 	        1 	       27 	       28 	       30 	        9 	        1
 1580000.000 	    3.100 	        4 	        2 	       25 	       29 	       30 	        9 	        1
 1600000.000 	    3.100 	        4 	        2 	       25 	       29 	       30 	        9 	        1
 1620000.000 	    3.080 	        5 	        2 	       24 	       29 	       30 	        9 	        1
 1640000.000 	    3.080 	        5 	        2 	       24 	       29 	       30 	        9 	        1
 1660000.000 	    3.100 	        4 	        3 	       24 	       28 	       31 	        9 	        1
 1680000.000 	    3.120 	        4 	        2 	       24 	       29 	       31 	        9 	        1
 1700000.000 	    3.160 	        3 	        1 	       26 	       29 	       30 	       10 	        1
 1720000.000 	    3.160 	        3 	        1 	       26 	       29 	       30 	       10 	        1
 1740000.000 	    3.180 	        3 	        0 	       27 	       28 	       31 	       10 	        1
 1760000.000 	    3.180 	        3 	        0 	       27 	       28 	       31 	       10 	        1
 1780000.000 	    3.180 	        3 	        0 	       28 	       27 	       30 	       11 	        1
 1800000.000 	    3.180 	        3 	        0 	       27 	       29 	       29 	       11 	        1
 1820000.000 	    3.200 	        3 	        0 	       27 	       28 	       29 	       12 	        1
 1840000.000 	    3.200 	        3 	        0 	       27 	       28 	       29 	       12 	        1
 1860000.000 	    3.200 	        3 	        0 	       27 	       28 	       29 	       12 	        1
 1880000.000 	    3.200 	        3 	        0 	       27 	       28 	       29 	       12 	        1
 1900000.000 	    3.200 	        3 	        0 	       27 	       28 	       29 	       12 	        1
 1920000.000 	    3.200 	        3 	        0 	       27 	       28 	       29 	       12 	        1
 1940000.000 	    3.220 	        3 	        0 	       26 	       29 	       28 	       13 	        1
 1960000.000 	    3.220 	        3 	        0 	       26 	       29 	       28 	       13 	        1
 1980000.000 	    3.220 	        3 	        0 	       26 	       29 	       28 	       13 	        1
 2000000.000 	    3.200 	        3 	        1 	       25 	       30 	       27 	       13 	        1
 2020000.000 	    3.200 	        3 	        0 	       27 	       29 	       27 	       13 	        1
 2040000.000 	    3.200 	        3 	        0 	       27 	       29 	       27 	       13 	        1
 2060000.000 	    3.180 	        3 	        0 	       28 	       28 	       28 	       12 	        1
 2080000.000 	    3.200 	        3 	        0 	       26 	       30 	       28 	       12 	        1
 2100000.000 	    3.220 	        3 	        0 	       25 	       31 	       27 	       13 	        1
 2120000.000 	    3.220 	        3 	        0 	       25 	       31 	       27 	       13 	        1
 2140000.000 	    3.180 	        4 	        0 	       25 	       30 	       28 	       12 	        1
 2160000.000 	    3.200 	        3 	        1 	       25 	       30 	       27 	       13 	        1
 2180000.000 	    3.220 	        3 	        0 	       25 	       31 	       27 	       13 	        1
 2200000.000 	    3.220 	        3 	        0 	       25 	       31 	       27 	       13 	        1
 2220000.000 	    3.220 	        3 	        0 	       25 	       31 	       27 	       13 	        1
 2240000.000 	    3.240 	        3 	        0 	       24 	       31 	       28 	       13 	        1
 2260000.000 	    3.240 	        3 	        0 	       24 	       31 	       28 	       13 	        1
 2280000.000 	    3.240 	        3 	        0 	       24 	       31 	       28 	       13 	        1
 2300000.000 	    3.240 	        3 	        0 	       24 	       31 	       28 	       13 	        1
 2320000.000 	    3.260 	        3 	        0 	       22 	       33 	       28 	       13 	        1
 2340000.000 	    3.260 	        3 	        0 	       22 	       33 	       28 	       13 	        1
 2360000.000 	    3.260 	        3 	        0 	       22 	       33 	       28 	       13 	        1
 2380000.000 	    3.260 	        3 	        0 	       22 	       33 	       28 	       13 	        1
 2400000.000 	    3.260 	        3 	        0 	       22 	       33 	       28 	       13 	        1
 2420000.000 	    3.280 	        3 	        0 	       22 	       32 	       28 	       14 	        1
 2440000.000 	    3.280 	        3 	        0 	       22 	       32 	       28 	       14 	        1
 2460000.000 	    3.280 	        3 	        0 	       22 	       32 	       28 	       14 	        1
 2480000.000 	    3.280 	        3 	        0 	       22 	       32 	       28 	       14 	        1
 2500000.000 	    3.260 	        3 	        0 	       24 	       30 	       28 	       14 	        1
 2520000.000 	    3.300 	        3 	        0 	       20 	       34 	       28 	       14 	        1
 2540000.000 	    3.300 	        3 	        0 	       20 	       34 	       28 	       14 	        1
 2560000.000 	    3.320 	        3 	        0 	       19 	       34 	       29 	       14 	        1
 2580000.000 	    3.320 	        3 	        0 	       19 	       34 	       29 	       14 	        1
 2600000.000 	    3.320 	        3 	        0 	       19 	       34 	       29 	       14 	        1
 2620000.000 	    3.340 	        3 	        0 	       19 	       33 	       29 	       15 	        1
 2640000.000 	    3.340 	        3 	        0 	       19 	       33 	       29 	       15 	        1
 2660000.000 	    3.360 	        3 	        0 	       17 	       35 	       29 	       15 	        1
 2680000.000 	    3.360 	        3 	        0 	       17 	       35 	       29 	       15 	        1
 2700000.000 	    3.380 	        3 	        0 	       17 	       33 	       31 	       15 	        1
 2720000.000 	    3.380 	        3 	        0 	       17 	       33 	       31 	       15 	        1
 2740000.000 	    3.380 	        3 	        0 	       17 	       33 	       31 	       15 	        1
 2760000.000 	    3.380 	        3 	        0 	       17 	       33 	       31 	       15 	        1
 2780000.000 	    3.420 	        1 	        2 	       16 	       33 	       32 	       15 	        1
 2800000.000 	    3.420 	        1 	        2 	       16 	       33 	       32 	       15 	        1
 2820000.000 	    3.440 	        1 	        2 	       16 	       31 	       34 	       15 	        1
 2840000.000 	    3.460 	        1 	        1 	       16 	       32 	       34 	       15 	        1
 2860000.000 	    3.460 	        1 	        1 	       16 	       32 	       34 	       15 	        1
 2880000.000 	    3.460 	        1 	        1 	       16 	       32 	       34 	       15 	        1
 2900000.000 	    3.460 	        1 	        1 	       16 	       32 	       34 	       15 	        1
 2920000.000 	    3.480 	        1 	        1 	       15 	       32 	       35 	       15 	        1
 2940000.000 	    3.460 	        2 	        0 	       16 	       31 	       35 	       15 	        1
 2960000.000 	    3.460 	        2 	        0 	       16 	       31 	       35 	       15 	        1
 2980000.000 	    3.480 	        2 	        0 	       16 	       29 	       37 	       15 	        1
 3000000.000 	    3.480 	        2 	        0 	       16 	       29 	       37 	       15 	        1
 3020000.000 	    3.480 	        2 	        0 	       16 	       29 	       37 	       15 	        1
 3040000.000 	    3.480 	        2 	        0 	       16 	       29 	       37 	       15 	        1
 3060000.000 	    3.480 	        2 	        0 	       16 	       29 	       37 	       15 	        1
 3080000.000 	    3.500 	        2 	        0 	       14 	       31 	       37 	       15 	        1
 3100000.000 	    3.500 	        2 	        0 	       14 	       31 	       37 	       15 	        1
 3120000.000 	    3.500 	        2 	        0 	       14 	       31 	       37 	       15 	        1
 3140000.000 	    3.480 	        2 	        0 	       15 	       30 	       38 	       14 	        1
 3160000.000 	    3.500 	        2 	        0 	       14 	       30 	       39 	       14 	        1
 3180000.000 	    3.480 	        2 	        0 	       14 	       32 	       37 	       14 	        1
 3200000.000 	    3.480 	        2 	        0 	       14 	       32 	       37 	       14 	        1
 3220000.000 	    3.480 	        2 	        0 	       14 	       32 	       37 	       14 	        1
 3240000.000 	    3.500 	        2 	        0 	       14 	       30 	       39 	       14 	        1
 3260000.000 	    3.500 	        2 	        0 	       14 	       30 	       39 	       14 	        1
 3280000.000 	    3.500 	        2 	        0 	       14 	       30 	       39 	       14 	        1
 3300000.000 	    3.480 	        2 	        0 	       14 	       32 	       37 	       14 	        1
 3320000.000 	    3.500 	        2 	        0 	       14 	       30 	       39 	       14 	        1
 3340000.000 	    3.480 	        2 	        0 	       16 	       28 	       39 	       14 	        1
 3360000.000 	    3.480 	        2 	        0 	       16 	       28 	       39 	       14 	        1
 3380000.000 	    3.500 	        2 	        0 	       14 	       30 	       39 	       14 	        1
 3400000.000 	    3.520 	        1 	        1 	       14 	       29 	       40 	       14 	        1
 3420000.000 	    3.520 	        1 	        1 	       14 	       29 	       40 	       14 	        1
 3440000.000 	    3.500 	        1 	        2 	       13 	       29 	       41 	       13 	        1
 3460000.000 	    3.520 	        1 	        1 	       14 	       29 	       40 	       14 	        1
 3480000.000 	    3.500 	        1 	        1 	       15 	       28 	       41 	       13 	        1
 3500000.000 	    3.520 	        1 	        1 	       14 	       29 	       40 	       14 	        1
 3520000.000 	    3.520 	        1 	        1 	       14 	       29 	       40 	       14 	        1
 3540000.000 	    3.540 	        1 	        1 	       13 	       29 	       41 	       14 	        1
 3560000.000 	    3.540 	        1 	        1 	       13 	       29 	       41 	       14 	        1
 3580000.000 	    3.560 	        1 	        0 	       14 	       28 	       42 	       14 	        1
 3600000.000 	    3.540 	        1 	        0 	       16 	       26 	       42 	       14 	        1
 3620000.000 	    3.540 	        1 	        0 	       16 	       26 	       42 	       14 	        1
 3640000.000 	    3.540 	        1 	        0 	       16 	       26 	       42 	       14 	        1
 3660000.000 	    3.540 	        1 	        0 	       16 	       26 	       42 	       14 	        1
 3680000.000 	    3.540 	        1 	        0 	       16 	       26 	       42 	       14 	        1
 3700000.000 	    3.540 	        1 	        0 	       16 	       26 	       42 	       14 	        1
 3720000.000 	    3.540 	        1 	        0 	       16 	       26 	       42 	       14 	        1
 3740000.000 	    3.540 	        1 	        1 	       15 	       25 	       43 	       14 	        1
 3760000.000 	    3.560 	        1 	        0 	       15 	       26 	       43 	       14 	        1
 3780000.000 	    3.560 	        1 	        0 	       15 	       26 	       43 	       14 	        1
 3800000.000 	    3.560 	        1 	        0 	       15 	       26 	       43 	       14 	        1
 3820000.000 	    3.540 	        1 	        0 	       17 	       24 	       43 	       14 	        1
 3840000.000 	    3.560 	        1 	        0 	       15 	       26 	       43 	       14 	        1
 3860000.000 	    3.560 	        1 	        0 	       15 	       26 	       43 	       14 	        1
 3880000.000 	    3.560 	        1 	        0 	       15 	       26 	       43 	       14 	        1
 3900000.000 	    3.560 	        1 	        0 	       15 	       26 	       43 	       14 	        1
 3920000.000 	    3.560 	        1 	        0 	       15 	       26 	       43 	       14 	        1
 3940000.000 	    3.560 	        1 	        0 	       15 	       26 	       43 	       14 	        1
 3960000.000 	    3.560 	        1 	        0 	       15 	       26 	       43 	       14 	        1
 3980000.000 	    3.560 	        1 	        0 	       15 	       26 	       43 	       14 	        1
 4000000.000 	    3.540 	        1 	        1 	       15 	       25 	       43 	       14 	        1
 4020000.000 	    3.560 	        1 	        0 	       15 	       26 	       43 	       14 	        1
 4040000.000 	    3.560 	        1 	        0 	       15 	       26 	       43 	       14 	        1
 4060000.000 	    3.580 	        1 	        0 	       15 	       24 	       45 	       14 	        1
 4080000.000 	    3.580 	        1 	        0 	       15 	       24 	       45 	       14 	        1
 4100000.000 	    3.580 	        1 	        0 	       15 	       24 	       45 	       14 	        1
 4120000.000 	    3.600 	        1 	        0 	       14 	       24 	       46 	       14 	        1
 4140000.000 	    3.600 	        1 	        0 	       14 	       24 	       46 	       14 	        1
 4160000.000 	    3.620 	        1 	        0 	       14 	       22 	       48 	       14 	        1
 4180000.000 	    3.620 	        1 	        0 	       14 	       22 	       48 	       14 	        1
 4200000.000 	    3.620 	        1 	        0 	       14 	       22 	       48 	       14 	        1
 4220000.000 	    3.600 	        1 	        0 	       14 	       24 	       46 	       14 	        1
 4240000.000 	    3.620 	        1 	        0 	       14 	       22 	       48 	       14 	        1
 4260000.000 	    3.620 	        1 	        0 	       14 	       22 	       48 	       14 	        1
 4280000.000 	    3.620 	        1 	        0 	       14 	       22 	       48 	       14 	        1
 4300000.000 	    3.620 	        1 	        0 	       14 	       22 	       48 	       14 	        1
 4320000.000 	    3.620 	        1 	        0 	       14 	       22 	       48 	       14 	        1
 4340000.000 	    3.620 	        1 	        0 	       14 	       22 	       48 	       14 	        1
 4360000.000 	    3.620 	        1 	        0 	       14 	       22 	       48 	       14 	        1
 4380000.000 	    3.620 	        1 	        0 	       14 	       22 	       48 	       14 	        1
 4400000.000 	    3.620 	        1 	        0 	       14 	       22 	       48 	       14 	        1
 4420000.000 	    3.600 	        1 	        0 	       15 	       22 	       47 	       14 	        1
 4440000.000 	    3.600 	        1 	        0 	       14 	       24 	       46 	       14 	        1
 4460000.000 	    3.600 	        1 	        0 	       14 	       24 	       46 	       14 	        1
 4480000.000 	    3.600 	        1 	        0 	       14 	       24 	       46 	       14 	        1
 4500000.000 	    3.600 	        1 	        0 	       14 	       24 	       46 	       14 	        1
 4520000.000 	    3.600 	        1 	        0 	       14 	       24 	       46 	       14 	        1
 4540000.000 	    3.600 	        1 	        0 	       14 	       24 	       46 	       14 	        1
 4560000.000 	    3.600 	        1 	        0 	       14 	       24 	       46 	       14 	        1
 4580000.000 	    3.600 	        1 	        0 	       14 	       24 	       46 	       14 	        1
 4600000.000 	    3.600 	        1 	        0 	       14 	       24 	       46 	       14 	        1
 4620000.000 	    3.620 	        1 	        0 	       14 	       22 	       48 	       14 	        1
 4640000.000 	    3.640 	        1 	        0 	       14 	       21 	       48 	       15 	        1
 4660000.000 	    3.640 	        1 	        0 	       14 	       21 	       48 	       15 	        1
 4680000.000 	    3.640 	        1 	        0 	       14 	       21 	       48 	       15 	        1
 4700000.000 	    3.640 	        1 	        0 	       14 	       21 	       48 	       15 	        1
 4720000.000 	    3.640 	        1 	        0 	       14 	       21 	       48 	       15 	        1
 4740000.000 	    3.640 	        1 	        0 	       14 	       21 	       48 	       15 	        1
 4760000.000 	    3.640 	        1 	        0 	       14 	       21 	       48 	       15 	        1
 4780000.000 	    3.640 	        1 	        0 	       14 	       21 	       48 	       15 	        1
 4800000.000 	    3.640 	        1 	        0 	       14 	       21 	       48 	       15 	        1
 4820000.000 	    3.640 	        1 	        0 	       14 	       21 	       48 	       15 	        1
 4840000.000 	    3.620 	        1 	        0 	       14 	       23 	       46 	       15 	        1
 4860000.000 	    3.640 	        1 	        0 	       14 	       21 	       48 	       15 	        1
 4880000.000 	    3.640 	        1 	        0 	       14 	       21 	       48 	       15 	        1
 4900000.000 	    3.640 	        1 	        0 	       14 	       21 	       48 	       15 	        1
 4920000.000 	    3.640 	        1 	        0 	       14 	       21 	       48 	       15 	        1
 4940000.000 	    3.640 	        1 	        0 	       14 	       21 	       48 	       15 	        1
 4960000.000 	    3.640 	        1 	        0 	       14 	       21 	       48 	       15 	        1
 4980000.000 	    3.640 	        1 	        0 	       14 	       21 	       48 	       15 	        1
 5000000.000 	    3.640 	        1 	        0 	       14 	       21 	       48 	       15 	        1
 5020000.000 	    3.640 	        1 	        0 	       14 	       21 	       48 	       15 	        1
 5040000.000 	    3.640 	        1 	        0 	       14 	       21 	       48 	       15 	        1
 5060000.000 	    3.640 	        1 	        0 	       14 	       21 	       48 	       15 	        1
 5080000.000 	    3.640 	        1 	        0 	       14 	       21 	       48 	       15 	        1
 5100000.000 	    3.640 	        1 	        0 	       14 	       21 	       48 	       15 	        1
 5120000.000 	    3.640 	        1 	        0 	       14 	       21 	       48 	       15 	        1
 5140000.000 	    3.640 	        1 	        0 	       14 	       21 	       48 	       15 	        1
 5160000.000 	    3.640 	        1 	        0 	       14 	       21 	       48 	       15 	        1
 5180000.000 	    3.640 	        1 	        0 	       14 	       21 	       48 	       15 	        1
 5200000.000 	    3.640 	        1 	        0 	       14 	       21 	       48 	       15 	        1
 5220000.000 	    3.640 	        1 	        0 	       14 	       21 	       48 	       15 	        1
 5240000.000 	    3.640 	        1 	        0 	       14 	       21 	       48 	       15 	        1
 5260000.000 	    3.640 	        1 	        0 	       14 	       21 	       48 	       15 	        1
 5280000.000 	    3.640 	        1 	        0 	       14 	       21 	       48 	       15 	        1
 5300000.000 	    3.640 	        1 	        0 	       14 	       21 	       48 	       15 	        1
 5320000.000 	    3.640 	        1 	        0 	       14 	       21 	       48 	       15 	        1
 5340000.000 	    3.640 	        1 	        0 	       14 	       21 	       48 	       15 	        1
 5360000.000 	    3.640 	        1 	        0 	       14 	       21 	       48 	       15 	        1
 5380000.000 	    3.640 	        1 	        0 	       14 	       21 	       48 	       15 	        1
 5400000.000 	    3.660 	        1 	        0 	       14 	       20 	       48 	       16 	        1
 5420000.000 	    3.660 	        1 	        0 	       14 	       20 	       48 	       16 	        1
 5440000.000 	    3.660 	        1 	        0 	       14 	       20 	       48 	       16 	        1
 5460000.000 	    3.660 	        1 	        0 	       14 	       20 	       48 	       16 	        1
 5480000.000 	    3.660 	        1 	        0 	       14 	       20 	       48 	       16 	        1
 5500000.000 	    3.660 	        1 	        0 	       14 	       20 	       48 	       16 	        1
 5520000.000 	    3.660 	        1 	        0 	       14 	       20 	       48 	       16 	        1
 5540000.000 	    3.680 	        1 	        0 	       14 	       19 	       48 	       17 	        1
 5560000.000 	    3.680 	        1 	        0 	       14 	       19 	       48 	       17 	        1
 5580000.000 	    3.680 	        1 	        0 	       14 	       19 	       48 	       17 	        1
 5600000.000 	    3.680 	        1 	        0 	       14 	       19 	       48 	       17 	        1
 5620000.000 	    3.680 	        1 	        0 	       14 	       19 	       48 	       17 	        1
 5640000.000 	    3.680 	        1 	        0 	       14 	       19 	       48 	       17 	        1
 5660000.000 	    3.680 	        1 	        0 	       14 	       19 	       48 	       17 	        1
 5680000.000 	    3.680 	        1 	        0 	       14 	       19 	       48 	       17 	        1
 5700000.000 	    3.680 	        1 	        0 	       14 	       19 	       48 	       17 	        1
 5720000.000 	    3.680 	        1 	        0 	       14 	       19 	       48 	       17 	        1
 5740000.000 	    3.680 	        1 	        0 	       14 	       19 	       48 	       17 	        1
 5760000.000 	    3.680 	        1 	        0 	       14 	       19 	       48 	       17 	        1
 5780000.000 	    3.680 	        1 	        0 	       14 	       19 	       48 	       17 	        1
 5800000.000 	    3.680 	        1 	        0 	       14 	       19 	       48 	       17 	        1
 5820000.000 	    3.680 	        1 	        0 	       14 	       19 	       48 	       17 	        1
 5840000.000 	    3.680 	        1 	        0 	       14 	       19 	       48 	       17 	        1
 5860000.000 	    3.680 	        1 	        0 	       14 	       19 	       48 	       17 	        1
 5880000.000 	    3.680 	        1 	        0 	       14 	       19 	       48 	       17 	        1
 5900000.000 	    3.680 	        1 	        0 	       14 	       19 	       48 	       17 	        1
 5920000.000 	    3.680 	        1 	        0 	       14 	       19 	       48 	       17 	        1
 5940000.000 	    3.680 	        1 	        0 	       14 	       19 	       48 	       17 	        1
 5960000.000 	    3.680 	        1 	        0 	       14 	       19 	       48 	       17 	        1
 5980000.000 	    3.680 	        1 	        0 	       14 	       19 	       48 	       17 	        1
 6000000.000 	    3.680 	        1 	        0 	       14 	       19 	       48 	       17 	        1
 6020000.000 	    3.680 	        1 	        0 	       14 	       19 	       48 	       17 	        1
 6040000.000 	    3.680 	        1 	        0 	       14 	       19 	       48 	       17 	        1
 6060000.000 	    3.680 	        1 	        0 	       14 	       19 	       48 	       17 	        1
 6080000.000 	    3.680 	        1 	        0 	       14 	       19 	       48 	       17 	        1
 6100000.000 	    3.680 	        1 	        0 	       14 	       19 	       48 	       17 	        1
 6120000.000 	    3.680 	        1 	        0 	       14 	       19 	       48 	       17 	        1
 6140000.000 	    3.680 	        1 	        0 	       14 	       19 	       48 	       17 	        1
 6160000.000 	    3.680 	        1 	        0 	       14 	       19 	       48 	       17 	        1
 6180000.000 	    3.680 	        1 	        0 	       14 	       19 	       48 	       17 	        1
 6200000.000 	    3.680 	        1 	        0 	       14 	       19 	       48 	       17 	        1
 6220000.000 	    3.680 	        1 	        0 	       14 	       19 	       48 	       17 	        1
 6240000.000 	    3.680 	        1 	        0 	       14 	       19 	       48 	       17 	        1
 6260000.000 	    3.680 	        1 	        0 	       14 	       19 	       48 	       17 	        1
 6280000.000 	    3.680 	        1 	        0 	       14 	       19 	       48 	       17 	        1
 6300000.000 	    3.680 	        1 	        0 	       14 	       19 	       48 	       17 	        1
 6320000.000 	    3.680 	        1 	        0 	       14 	       19 	       48 	       17 	        1
 6340000.000 	    3.740 	        1 	        0 	       13 	       19 	       47 	       17 	        3
 6360000.000 	    3.740 	        1 	        0 	       13 	       19 	       47 	       17 	        3
 6380000.000 	    3.740 	        1 	        0 	       13 	       19 	       47 	       17 	        3
 6400000.000 	    3.740 	        1 	        0 	       13 	       19 	       47 	       17 	        3
 6420000.000 	    3.740 	        1 	        0 	       13 	       19 	       47 	       17 	        3
 6440000.000 	    3.740 	        1 	        0 	       13 	       19 	       47 	       17 	        3
 6460000.000 	    3.740 	        1 	        0 	       13 	       19 	       47 	       17 	        3
 6480000.000 	    3.740 	        1 	        0 	       13 	       19 	       47 	       17 	        3
 6500000.000 	    3.740 	        1 	        0 	       13 	       19 	       47 	       17 	        3
 6520000.000 	    3.740 	        1 	        0 	       13 	       19 	       47 	       17 	        3
 6540000.000 	    3.740 	        1 	        0 	       13 	       19 	       47 	       17 	        3
 6560000.000 	    3.740 	        1 	        0 	       13 	       19 	       47 	       17 	        3
 6580000.000 	    3.740 	        1 	        0 	       13 	       19 	       47 	       17 	        3
 6600000.000 	    3.740 	        1 	        0 	       13 	       19 	       47 	       17 	        3
 6620000.000 	    3.740 	        1 	        0 	       13 	       19 	       47 	       17 	        3
 6640000.000 	    3.740 	        1 	        0 	       13 	       19 	       47 	       17 	        3
 6660000.000 	    3.740 	        1 	        0 	       13 	       19 	       47 	       17 	        3
 6680000.000 	    3.740 	        1 	        0 	       13 	       19 	       47 	       17 	        3
 6700000.000 	    3.740 	        1 	        0 	       14 	       19 	       44 	       19 	        3
 6720000.000 	    3.760 	        1 	        0 	       13 	       19 	       45 	       19 	        3
 6740000.000 	    3.780 	        0 	        1 	       12 	       20 	       45 	       19 	        3
 6760000.000 	    3.780 	        0 	        1 	       12 	       20 	       45 	       19 	        3
 6780000.000 	    3.780 	        0 	        1 	       12 	       20 	       45 	       19 	        3
 6800000.000 	    3.780 	        0 	        1 	       12 	       20 	       45 	       19 	        3
 6820000.000 	    3.780 	        0 	        1 	       12 	       20 	       45 	       19 	        3
 6840000.000 	    3.780 	        0 	        1 	       12 	       20 	       45 	       19 	        3
 6860000.000 	    3.780 	        0 	        1 	       12 	       20 	       45 	       19 	        3
 6880000.000 	    3.780 	        0 	        1 	       12 	       20 	       45 	       19 	        3
 6900000.000 	    3.780 	        0 	        1 	       12 	       20 	       45 	       19 	        3
 6920000.000 	    3.800 	        0 	        0 	       13 	       19 	       46 	       19 	        3
 6940000.000 	    3.800 	        0 	        0 	       13 	       19 	       46 	       19 	        3
 6960000.000 	    3.800 	        0 	        0 	       13 	       19 	       46 	       19 	        3
 6980000.000 	    3.800 	        0 	        0 	       13 	       19 	       46 	       19 	        3
 7000000.000 	    3.800 	        0 	        0 	       13 	       19 	       46 	       19 	        3
 7020000.000 	    3.800 	        0 	        0 	       13 	       19 	       46 	       19 	        3
 7040000.000 	    3.800 	        0 	        0 	       13 	       19 	       46 	       19 	        3
 7060000.000 	    3.800 	        0 	        0 	       13 	       19 	       46 	       19 	        3
 7080000.000 	    3.800 	        0 	        0 	       13 	       19 	       46 	       19 	        3
 7100000.000 	    3.800 	        0 	        0 	       13 	       19 	       46 	       19 	        3
 7120000.000 	    3.800 	        0 	        0 	       13 	       19 	       46 	       19 	        3
 7140000.000 	    3.800 	        0 	        0 	       13 	       19 	       46 	       19 	        3
 7160000.000 	    3.800 	        0 	        0 	       13 	       19 	       46 	       19 	        3
 7180000.000 	    3.800 	        0 	        0 	       13 	       19 	       46 	       19 	        3
 7200000.000 	    3.800 	        0 	        0 	       13 	       19 	       46 	       19 	        3
 7220000.000 	    3.800 	        0 	        0 	       13 	       19 	       46 	       19 	        3
 7240000.000 	    3.800 	        0 	        0 	       13 	       19 	       46 	       19 	        3
 7260000.000 	    3.800 	        0 	        0 	       13 	       19 	       46 	       19 	        3
 7280000.000 	    3.780 	        0 	        1 	       12 	       20 	       45 	       19 	        3
 7300000.000 	    3.760 	        1 	        0 	       12 	       21 	       44 	       19 	        3
 7320000.000 	    3.780 	        0 	        1 	       12 	       20 	       45 	       19 	        3
 7340000.000 	    3.760 	        1 	        0 	       12 	       21 	       44 	       19 	        3
 7360000.000 	    3.780 	        0 	        1 	       12 	       20 	       45 	       19 	        3
 7380000.000 	    3.780 	        0 	        1 	       12 	       20 	       45 	       19 	        3
 7400000.000 	    3.780 	        0 	        1 	       12 	       20 	       45 	       19 	        3
 7420000.000 	    3.780 	        0 	        1 	       12 	       20 	       45 	       19 	        3
 7440000.000 	    3.780 	        0 	        1 	       12 	       20 	       45 	       19 	        3
 7460000.000 	    3.780 	        0 	        1 	       12 	       20 	       45 	       19 	        3
 7480000.000 	    3.760 	        1 	        0 	       12 	       21 	       44 	       19 	        3
 7500000.000 	    3.780 	        0 	        1 	       12 	       20 	       45 	       19 	        3
 7520000.000 	    3.780 	        0 	        1 	       12 	       20 	       45 	       19 	        3
 7540000.000 	    3.800 	        0 	        0 	       13 	       19 	       46 	       19 	        3
 7560000.000 	    3.800 	        0 	        0 	       13 	       19 	       46 	       19 	        3
 7580000.000 	    3.800 	        0 	        0 	       13 	       19 	       46 	       19 	        3
 7600000.000 	    3.800 	        0 	        0 	       13 	       19 	       46 	       19 	        3
 7620000.000 	    3.800 	        0 	        0 	       13 	       19 	       46 	       19 	        3
 7640000.000 	    3.800 	        0 	        0 	       13 	       19 	       46 	       19 	        3
 7660000.000 	    3.800 	        0 	        0 	       13 	       19 	       46 	       19 	        3
 7680000.000 	    3.800 	        0 	        0 	       13 	       19 	       46 	       19 	        3
 7700000.000 	    3.800 	        0 	        0 	       13 	       19 	       46 	       19 	        3
 7720000.000 	    3.800 	        0 	        0 	       13 	       19 	       46 	       19 	        3
 7740000.000 	    3.800 	        0 	        0 	       13 	       19 	       46 	       19 	        3
 7760000.000 	    3.800 	        0 	        0 	       13 	       19 	       46 	       19 	        3
 7780000.000 	    3.800 	        0 	        0 	       13 	       19 	       46 	       19 	        3
 7800000.000 	    3.800 	        0 	        0 	       13 	       19 	       46 	       19 	        3
 7820000.000 	    3.800 	        0 	        0 	       13 	       19 	       46 	       19 	        3
 7840000.000 	    3.800 	        0 	        0 	       13 	       19 	       46 	       19 	        3
 7860000.000 	    3.780 	        0 	        1 	       12 	       19 	       47 	       18 	        3
 7880000.000 	    3.780 	        0 	        1 	       12 	       19 	       47 	       18 	        3
 7900000.000 	    3.800 	        0 	        1 	       11 	       19 	       48 	       18 	        3
 7920000.000 	    3.800 	        0 	        1 	       11 	       19 	       48 	       18 	        3
 7940000.000 	    3.820 	        0 	        1 	       11 	       18 	       48 	       19 	        3
 7960000.000 	    3.820 	        0 	        1 	       11 	       18 	       48 	       19 	        3
 7980000.000 	    3.820 	        0 	        1 	       11 	       18 	       48 	       19 	        3
 8000000.000 	    3.820 	        0 	        1 	       11 	       18 	       48 	       19 	        3
 8020000.000 	    3.820 	        0 	        1 	       11 	       18 	       48 	       19 	        3
 8040000.000 	    3.840 	        0 	        0 	       11 	       19 	       48 	       19 	        3
 8060000.000 	    3.840 	        0 	        0 	       11 	       19 	       48 	       19 	        3
 8080000.000 	    3.840 	        0 	        0 	       11 	       19 	       48 	       19 	        3
 8100000.000 	    3.840 	        0 	        0 	       11 	       19 	       48 	       19 	        3
 8120000.000 	    3.840 	        0 	        0 	       11 	       19 	       48 	       19 	        3
 8140000.000 	    3.840 	        0 	        0 	       11 	       19 	       48 	       19 	        3
 8160000.000 	    3.840 	        0 	        0 	       11 	       19 	       48 	       19 	        3
 8180000.000 	    3.820 	        0 	        0 	       13 	       17 	       48 	       19 	        3
 8200000.000 	    3.820 	        0 	        0 	       13 	       17 	       48 	       19 	        3
 8220000.000 	    3.820 	        0 	        0 	       13 	       17 	       48 	       19 	        3
 8240000.000 	    3.800 	        0 	        1 	       12 	       18 	       47 	       19 	        3
 8260000.000 	    3.840 	        0 	        0 	       12 	       17 	       49 	       19 	        3
 8280000.000 	    3.860 	        0 	        0 	       12 	       16 	       49 	       20 	        3
 8300000.000 	    3.880 	        0 	        0 	       10 	       18 	       49 	       20 	        3
 8320000.000 	    3.880 	        0 	        0 	       10 	       18 	       49 	       20 	        3
 8340000.000 	    3.880 	        0 	        0 	       10 	       18 	       49 	       20 	        3
 8360000.000 	    3.880 	        0 	        0 	       10 	       18 	       49 	       20 	        3
 8380000.000 	    3.880 	        0 	        0 	       10 	       18 	       49 	       20 	        3
 8400000.000 	    3.880 	        0 	        0 	       10 	       18 	       49 	       20 	        3
 8420000.000 	    3.880 	        0 	        0 	       10 	       18 	       49 	       20 	        3
 8440000.000 	    3.880 	        0 	        0 	       10 	       18 	       49 	       20 	        3
 8460000.000 	    3.880 	        0 	        0 	       10 	       18 	       49 	       20 	        3
 8480000.000 	    3.880 	        0 	        0 	       10 	       18 	       49 	       20 	        3
 8500000.000 	    3.880 	        0 	        0 	       10 	       18 	       49 	       20 	        3
 8520000.000 	    3.880 	        0 	        0 	       10 	       18 	       49 	       20 	        3
 8540000.000 	    3.880 	        0 	        0 	       10 	       18 	       49 	       20 	        3
 8560000.000 	    3.880 	        0 	        0 	       10 	       18 	       49 	       20 	        3
 8580000.000 	    3.880 	        0 	        0 	       10 	       18 	       49 	       20 	        3
 8600000.000 	    3.880 	        0 	        0 	       10 	       18 	       49 	       20 	        3
 8620000.000 	    3.880 	        0 	        0 	       10 	       18 	       49 	       20 	        3
 8640000.000 	    3.880 	        0 	        0 	       10 	       18 	       49 	       20 	        3
 8660000.000 	    3.880 	        0 	        0 	       10 	       18 	       49 	       20 	        3
 8680000.000 	    3.880 	        0 	        0 	       10 	       18 	       49 	       20 	        3
 8700000.000 	    3.880 	        0 	        0 	       10 	       18 	       49 	       20 	        3
 8720000.000 	    3.880 	        0 	        0 	       10 	       18 	       49 	       20 	        3
 8740000.000 	    3.880 	        0 	        0 	       10 	       18 	       49 	       20 	        3
 8760000.000 	    3.880 	        0 	        0 	       10 	       18 	       49 	       20 	        3
 8780000.000 	    3.880 	        0 	        0 	       10 	       18 	       49 	       20 	        3
 8800000.000 	    3.880 	        0 	        0 	       10 	       18 	       49 	       20 	        3
 8820000.000 	    3.880 	        0 	        0 	       10 	       18 	       49 	       20 	        3
 8840000.000 	    3.880 	        0 	        0 	       10 	       18 	       49 	       20 	        3
 8860000.000 	    3.880 	        0 	        0 	       10 	       18 	       49 	       20 	        3
 8880000.000 	    3.880 	        0 	        0 	       10 	       18 	       49 	       20 	        3
 8900000.000 	    3.880 	        0 	        0 	       10 	       18 	       49 	       20 	        3
 8920000.000 	    3.880 	        0 	        0 	       10 	       18 	       49 	       20 	        3
 8940000.000 	    3.880 	        0 	        0 	       10 	       18 	       49 	       20 	        3
 8960000.000 	    3.880 	        0 	        0 	       10 	       18 	       49 	       20 	        3
 8980000.000 	    3.880 	        0 	        0 	       10 	       18 	       49 	       20 	        3
 9000000.000 	    3.900 	        0 	        0 	        9 	       18 	       50 	       20 	        3
 9020000.000 	    3.900 	        0 	        0 	        9 	       18 	       50 	       20 	        3
 9040000.000 	    3.900 	        0 	        0 	        9 	       18 	       50 	       20 	        3
 9060000.000 	    3.900 	        0 	        0 	        9 	       18 	       50 	       20 	        3
 9080000.000 	    3.900 	        0 	        0 	        9 	       18 	       50 	       20 	        3
 9100000.000 	    3.900 	        0 	        0 	        9 	       18 	       50 	       20 	        3
 9120000.000 	    3.900 	        0 	        0 	        9 	       18 	       50 	       20 	        3
 9140000.000 	    3.900 	        0 	        0 	        9 	       18 	       50 	       20 	        3
 9160000.000 	    3.900 	        0 	        0 	        9 	       18 	       50 	       20 	        3
 9180000.000 	    3.900 	        0 	        0 	        9 	       18 	       50 	       20 	        3
 9200000.000 	    3.900 	        0 	        0 	        9 	       18 	       50 	       20 	        3
 9220000.000 	    3.880 	        0 	        0 	       10 	       18 	       49 	       20 	        3
 9240000.000 	    3.900 	        0 	        0 	        9 	       18 	       50 	       20 	        3
 9260000.000 	    3.900 	        0 	        0 	        9 	       18 	       50 	       20 	        3
 9280000.000 	    3.900 	        0 	        0 	        9 	       18 	       50 	       20 	        3
 9300000.000 	    3.900 	        0 	        0 	        9 	       18 	       50 	       20 	        3
 9320000.000 	    3.900 	        0 	        0 	        9 	       18 	       50 	       20 	        3
 9340000.000 	    3.900 	        0 	        0 	        9 	       18 	       50 	       20 	        3
 9360000.000 	    3.900 	        0 	        0 	        9 	       18 	       50 	       20 	        3
 9380000.000 	    3.900 	        0 	        0 	        9 	       18 	       50 	       20 	        3
 9400000.000 	    3.900 	        0 	        0 	        9 	       18 	       50 	       20 	        3
 9420000.000 	    3.900 	        0 	        0 	        9 	       18 	       50 	       20 	        3
 9440000.000 	    3.900 	        0 	        0 	        9 	       18 	       50 	       20 	        3
 9460000.000 	    3.900 	        0 	        0 	        9 	       18 	       50 	       20 	        3
 9480000.000 	    3.900 	        0 	        0 	        9 	       18 	       50 	       20 	        3
 9500000.000 	    3.900 	        0 	        0 	        9 	       18 	       50 	       20 	        3
 9520000.000 	    3.900 	        0 	        0 	        9 	       18 	       50 	       20 	        3
 9540000.000 	    3.900 	        0 	        0 	        9 	       18 	       50 	       20 	        3
 9560000.000 	    3.880 	        0 	        0 	       10 	       18 	       49 	       20 	        3
 9580000.000 	    3.900 	        0 	        0 	       10 	       16 	       51 	       20 	        3
 9600000.000 	    3.900 	        0 	        0 	       10 	       16 	       51 	       20 	        3
 9620000.000 	    3.920 	        0 	        0 	        9 	       17 	       50 	       21 	        3
 9640000.000 	    3.920 	        0 	        0 	        9 	       17 	       50 	       21 	        3
 9660000.000 	    3.920 	        0 	        0 	        9 	       17 	       50 	       21 	        3
 9680000.000 	    3.920 	        0 	        0 	        9 	       17 	       50 	       21 	        3
 9700000.000 	    3.920 	        0 	        0 	        9 	       17 	       50 	       21 	        3
 9720000.000 	    3.920 	        0 	        0 	        9 	       17 	       50 	       21 	        3
 9740000.000 	    3.920 	        0 	        0 	        9 	       17 	       50 	       21 	        3
 9760000.000 	    3.920 	        0 	        0 	        9 	       17 	       50 	       21 	        3
 9780000.000 	    3.920 	        0 	        0 	        9 	       17 	       50 	       21 	        3
 9800000.000 	    3.920 	        0 	        0 	        9 	       17 	       50 	       21 	        3
 9820000.000 	    3.920 	        0 	        0 	        9 	       17 	       50 	       21 	        3
 9840000.000 	    3.920 	        0 	        0 	        9 	       17 	       50 	       21 	        3
 9860000.000 	    3.920 	        0 	        0 	        9 	       17 	       50 	       21 	        3
 9880000.000 	    3.920 	        0 	        0 	        9 	       17 	       50 	       21 	        3
 9900000.000 	    3.920 	        0 	        0 	        9 	       17 	       50 	       21 	        3
 9920000.000 	    3.920 	        0 	        0 	        9 	       17 	       50 	       21 	        3
 9940000.000 	    3.920 	        0 	        0 	        9 	       17 	       50 	       21 	        3
 9960000.000 	    3.900 	        0 	        0 	       11 	       15 	       50 	       21 	        3
 9980000.000 	    3.920 	        0 	        0 	       10 	       15 	       51 	       21 	        3
10000000.000 	    3.920 	        0 	        0 	       10 	       15 	       51 	       21 	        3
