       0.000 	    0.000 	      100 	        0 	        0 	        0 	        0 	        0 	        0
    1000.000 	    0.000 	      100 	        0 	        0 	        0 	        0 	        0 	        0
    2000.000 	    0.000 	      100 	        0 	        0 	        0 	        0 	        0 	        0
    3000.000 	    0.000 	      100 	        0 	        0 	        0 	        0 	        0 	        0
    4000.000 	    0.000 	      100 	        0 	        0 	        0 	        0 	        0 	        0
    5000.000 	    0.000 	      100 	        0 	        0 	        0 	        0 	        0 	        0
    6000.000 	    0.000 	      100 	        0 	        0 	        0 	        0 	        0 	        0
    7000.000 	    0.000 	      100 	        0 	        0 	        0 	        0 	        0 	        0
    8000.000 	    0.000 	      100 	        0 	        0 	        0 	        0 	        0 	        0
    9000.000 	    0.000 	      100 	        0 	        0 	        0 	        0 	        0 	        0
   10000.000 	    0.000 	      100 	        0 	        0 	        0 	        0 	        0 	        0
   11000.000 	    0.000 	      100 	        0 	        0 	        0 	        0 	        0 	        0
   12000.000 	    0.000 	      100 	        0 	        0 	        0 	        0 	        0 	        0
   13000.000 	    0.000 	      100 	        0 	        0 	        0 	        0 	        0 	        0
   14000.000 	    0.000 	      100 	        0 	        0 	        0 	        0 	        0 	        0
   15000.000 	    0.000 	      100 	        0 	        0 	        0 	        0 	        0 	        0
   16000.000 	    0.000 	      100 	        0 	        0 	        0 	        0 	        0 	        0
   17000.000 	    0.000 	      100 	        0 	        0 	        0 	        0 	        0 	        0
   18000.000 	    0.000 	      100 	        0 	        0 	        0 	        0 	        0 	        0
   19000.000 	    0.000 	      100 	        0 	        0 	        0 	        0 	        0 	        0
   20000.000 	    0.000 	      100 	        0 	        0 	        0 	        0 	        0 	        0
   21000.000 	    0.000 	      100 	        0 	        0 	        0 	        0 	        0 	        0
   22000.000 	    0.000 	      100 	        0 	        0 	        0 	        0 	        0 	        0
   23000.000 	    0.000 	      100 	        0 	        0 	        0 	        0 	        0 	        0
   24000.000 	    0.000 	      100 	        0 	        0 	        0 	        0 	        0 	        0
   25000.000 	    0.000 	      100 	        0 	        0 	        0 	        0 	        0 	        0
   26000.000 	    0.000 	      100 	        0 	        0 	        0 	        0 	        0 	        0
   27000.000 	    0.000 	      100 	        0 	        0 	        0 	        0 	        0 	        0
   28000.000 	    0.000 	      100 	        0 	        0 	        0 	        0 	        0 	        0
   29000.000 	    0.000 	      100 	        0 	        0 	        0 	        0 	        0 	        0
   30000.000 	    0.000 	      100 	        0 	        0 	        0 	        0 	        0 	        0
   31000.000 	    0.000 	      100 	        0 	        0 	        0 	        0 	        0 	        0
   32000.000 	    0.000 	      100 	        0 	        0 	        0 	        0 	        0 	        0
   33000.000 	    0.000 	      100 	        0 	        0 	        0 	        0 	        0 	        0
   34000.000 	    0.000 	      100 	        0 	        0 	        0 	        0 	        0 	        0
   35000.000 	    0.000 	      100 	        0 	        0 	        0 	        0 	        0 	        0
   36000.000 	    0.000 	      100 	        0 	        0 	        0 	        0 	        0 	        0
   37000.000 	    0.000 	      100 	        0 	        0 	        0 	        0 	        0 	        0
   38000.000 	    0.000 	      100 	        0 	        0 	        0 	        0 	        0 	        0
   39000.000 	    0.000 	      100 	        0 	        0 	        0 	        0 	        0 	        0
   40000.000 	    0.000 	      100 	        0 	        0 	        0 	        0 	        0 	        0
   41000.000 	    0.000 	      100 	        0 	        0 	        0 	        0 	        0 	        0
   42000.000 	    0.000 	      100 	        0 	        0 	        0 	        0 	        0 	        0
   43000.000 	    0.000 	      100 	        0 	        0 	        0 	        0 	        0 	        0
   44000.000 	    0.000 	      100 	        0 	        0 	        0 	        0 	        0 	        0
   45000.000 	    0.000 	      100 	        0 	        0 	        0 	        0 	        0 	        0
   46000.000 	    0.000 	      100 	        0 	        0 	        0 	        0 	        0 	        0
   47000.000 	    0.000 	      100 	        0 	        0 	        0 	        0 	        0 	        0
   48000.000 	    0.000 	      100 	        0 	        0 	        0 	        0 	        0 	        0
   49000.000 	    0.000 	      100 	        0 	        0 	        0 	        0 	        0 	        0
   50000.000 	    0.000 	      100 	        0 	        0 	        0 	        0 	        0 	        0
   51000.000 	    0.000 	      100 	        0 	        0 	        0 	        0 	        0 	        0
   52000.000 	    0.000 	      100 	        0 	        0 	        0 	        0 	        0 	        0
   53000.000 	    0.000 	      100 	        0 	        0 	        0 	        0 	        0 	        0
   54000.000 	    0.000 	      100 	        0 	        0 	        0 	        0 	        0 	        0
   55000.000 	    0.000 	      100 	        0 	        0 	        0 	        0 	        0 	        0
   56000.000 	    0.000 	      100 	        0 	        0 	        0 	        0 	        0 	        0
   57000.000 	    0.000 	      100 	        0 	        0 	        0 	        0 	        0 	        0
   58000.000 	    0.000 	      100 	        0 	        0 	        0 	        0 	        0 	        0
   59000.000 	    0.000 	      100 	        0 	        0 	        0 	        0 	        0 	        0
   60000.000 	    0.000 	      100 	        0 	        0 	        0 	        0 	        0 	        0
   61000.000 	    0.000 	      100 	        0 	        0 	        0 	        0 	        0 	        0
   62000.000 	    0.000 	      100 	        0 	        0 	        0 	        0 	        0 	        0
   63000.000 	    0.000 	      100 	        0 	        0 	        0 	        0 	        0 	        0
   64000.000 	    0.000 	      100 	        0 	        0 	        0 	        0 	        0 	        0
   65000.000 	    0.000 	      100 	        0 	        0 	        0 	        0 	        0 	        0
   66000.000 	    0.000 	      100 	        0 	        0 	        0 	        0 	        0 	        0
   67000.000 	    0.000 	      100 	        0 	        0 	        0 	        0 	        0 	        0
   68000.000 	    0.000 	      100 	        0 	        0 	        0 	        0 	        0 	        0
   69000.000 	    0.000 	      100 	        0 	        0 	        0 	        0 	        0 	        0
   70000.000 	    0.000 	      100 	        0 	        0 	        0 	        0 	        0 	        0
   71000.000 	    0.000 	      100 	        0 	        0 	        0 	        0 	        0 	        0
   72000.000 	    0.000 	      100 	        0 	        0 	        0 	        0 	        0 	        0
   73000.000 	    0.000 	      100 	        0 	        0 	        0 	        0 	        0 	        0
   74000.000 	    0.000 	      100 	        0 	        0 	        0 	        0 	        0 	        0
   75000.000 	    0.000 	      100 	        0 	        0 	        0 	        0 	        0 	        0
   76000.000 	    0.000 	      100 	        0 	        0 	        0 	        0 	        0 	        0
   77000.000 	    0.000 	      100 	        0 	        0 	        0 	        0 	        0 	        0
   78000.000 	    0.000 	      100 	        0 	        0 	        0 	        0 	        0 	        0
   79000.000 	    0.000 	      100 	        0 	        0 	        0 	        0 	        0 	        0
   80000.000 	    0.000 	      100 	        0 	        0 	        0 	        0 	        0 	        0
   81000.000 	    0.000 	      100 	        0 	        0 	        0 	        0 	        0 	        0
   82000.000 	    0.000 	      100 	        0 	        0 	        0 	        0 	        0 	        0
   83000.000 	    0.000 	      100 	        0 	        0 	        0 	        0 	        0 	        0
   84000.000 	    0.000 	      100 	        0 	        0 	        0 	        0 	        0 	        0
   85000.000 	    0.000 	      100 	        0 	        0 	        0 	        0 	        0 	        0
   86000.000 	    0.000 	      100 	        0 	        0 	        0 	        0 	        0 	        0
   87000.000 	    0.000 	      100 	        0 	        0 	        0 	        0 	        0 	        0
   88000.000 	    0.000 	      100 	        0 	        0 	        0 	        0 	        0 	        0
   89000.000 	    0.000 	      100 	        0 	        0 	        0 	        0 	        0 	        0
   90000.000 	    0.000 	      100 	        0 	        0 	        0 	        0 	        0 	        0
   91000.000 	    0.000 	      100 	        0 	        0 	        0 	        0 	        0 	        0
   92000.000 	    0.000 	      100 	        0 	        0 	        0 	        0 	        0 	        0
   93000.000 	    0.000 	      100 	        0 	        0 	        0 	        0 	        0 	        0
   94000.000 	    0.000 	      100 	        0 	        0 	        0 	        0 	        0 	        0
   95000.000 	    0.000 	      100 	        0 	        0 	        0 	        0 	        0 	        0
   96000.000 	    0.000 	      100 	        0 	        0 	        0 	        0 	        0 	        0
   97000.000 	    0.000 	      100 	        0 	        0 	        0 	        0 	        0 	        0
   98000.000 	    0.000 	      100 	        0 	        0 	        0 	        0 	        0 	        0
   99000.000 	    0.000 	      100 	        0 	        0 	        0 	        0 	        0 	        0
  100000.000 	    0.000 	      100 	        0 	        0 	        0 	        0 	        0 	        0
  101000.000 	    0.000 	      100 	        0 	        0 	        0 	        0 	        0 	        0
  102000.000 	    0.000 	      100 	        0 	        0 	        0 	        0 	        0 	        0
  103000.000 	    0.000 	      100 	        0 	        0 	        0 	        0 	        0 	        0
  104000.000 	    0.000 	      100 	        0 	        0 	        0 	        0 	        0 	        0
  105000.000 	    0.000 	      100 	        0 	        0 	        0 	        0 	        0 	        0
  106000.000 	    0.000 	      100 	        0 	        0 	        0 	        0 	        0 	        0
  107000.000 	    0.000 	      100 	        0 	        0 	        0 	        0 	        0 	        0
  108000.000 	    0.000 	      100 	        0 	        0 	        0 	        0 	        0 	        0
  109000.000 	    0.000 	      100 	        0 	        0 	        0 	        0 	        0 	        0
  110000.000 	    0.000 	      100 	        0 	        0 	        0 	        0 	        0 	        0
  111000.000 	    0.000 	      100 	        0 	        0 	        0 	        0 	        0 	        0
  112000.000 	    0.020 	       98 	        2 	        0 	        0 	        0 	        0 	        0
  113000.000 	    0.020 	       98 	        2 	        0 	        0 	        0 	        0 	        0
  114000.000 	    0.000 	      100 	        0 	        0 	        0 	        0 	        0 	        0
  115000.000 	    0.000 	      100 	        0 	        0 	        0 	        0 	        0 	        0
  116000.000 	    0.000 	      100 	        0 	        0 	        0 	        0 	        0 	        0
  117000.000 	    0.000 	      100 	        0 	        0 	        0 	        0 	        0 	        0
  118000.000 	    0.020 	       98 	        2 	        0 	        0 	        0 	        0 	        0
  119000.000 	    0.020 	       98 	        2 	        0 	        0 	        0 	        0 	        0
  120000.000 	    0.020 	       98 	        2 	        0 	        0 	        0 	        0 	        0
  121000.000 	    0.020 	       98 	        2 	        0 	        0 	        0 	        0 	        0
  122000.000 	    0.020 	       98 	        2 	        0 	        0 	        0 	        0 	        0
  123000.000 	    0.020 	       98 	        2 	        0 	        0 	        0 	        0 	        0
  124000.000 	    0.020 	       98 	        2 	        0 	        0 	        0 	        0 	        0
  125000.000 	    0.000 	      100 	        0 	        0 	        0 	        0 	        0 	        0
  126000.000 	    0.000 	      100 	        0 	        0 	        0 	        0 	        0 	        0
  127000.000 	    0.000 	      100 	        0 	        0 	        0 	        0 	        0 	        0
  128000.000 	    0.000 	      100 	        0 	        0 	        0 	        0 	        0 	        0
  129000.000 	    0.020 	       98 	        2 	        0 	        0 	        0 	        0 	        0
  130000.000 	    0.020 	       98 	        2 	        0 	        0 	        0 	        0 	        0
  131000.000 	    0.020 	       98 	        2 	        0 	        0 	        0 	        0 	        0
  132000.000 	    0.020 	       98 	        2 	        0 	        0 	        0 	        0 	        0
  133000.000 	    0.000 	      100 	        0 	        0 	        0 	        0 	        0 	        0
  134000.000 	    0.020 	       98 	        2 	        0 	        0 	        0 	        0 	        0
  135000.000 	    0.000 	      100 	        0 	        0 	        0 	        0 	        0 	        0
  136000.000 	    0.000 	      100 	        0 	        0 	        0 	        0 	        0 	        0
  137000.000 	    0.000 	      100 	        0 	        0 	        0 	        0 	        0 	        0
  138000.000 	    0.020 	       98 	        2 	        0 	        0 	        0 	        0 	        0
  139000.000 	    0.020 	       98 	        2 	        0 	        0 	        0 	        0 	        0
  140000.000 	    0.020 	       98 	        2 	        0 	        0 	        0 	        0 	        0
  141000.000 	    0.020 	       98 	        2 	        0 	        0 	        0 	        0 	        0
  142000.000 	    0.020 	       98 	        2 	        0 	        0 	        0 	        0 	        0
  143000.000 	    0.020 	       98 	        2 	        0 	        0 	        0 	        0 	        0
  144000.000 	    0.020 	       98 	        2 	        0 	        0 	        0 	        0 	        0
  145000.000 	    0.020 	       98 	        2 	        0 	        0 	        0 	        0 	        0
  146000.000 	    0.020 	       98 	        2 	        0 	        0 	        0 	        0 	        0
  147000.000 	    0.020 	       98 	        2 	        0 	        0 	        0 	        0 	        0
  148000.000 	    0.020 	       98 	        2 	        0 	        0 	        0 	        0 	        0
  149000.000 	    0.020 	       98 	        2 	        0 	        0 	        0 	        0 	        0
  150000.000 	    0.020 	       98 	        2 	        0 	        0 	        0 	        0 	        0
  151000.000 	    0.020 	       98 	        2 	        0 	        0 	        0 	        0 	        0
  152000.000 	    0.020 	       98 	        2 	        0 	        0 	        0 	        0 	        0
  153000.000 	    0.020 	       98 	        2 	        0 	        0 	        0 	        0 	        0
  154000.000 	    0.020 	       98 	        2 	        0 	        0 	        0 	        0 	        0
  155000.000 	    0.020 	       98 	        2 	        0 	        0 	        0 	        0 	        0
  156000.000 	    0.020 	       98 	        2 	        0 	        0 	        0 	        0 	        0
  157000.000 	    0.020 	       98 	        2 	        0 	        0 	        0 	        0 	        0
  158000.000 	    0.020 	       98 	        2 	        0 	        0 	        0 	        0 	        0
  159000.000 	    0.020 	       98 	        2 	        0 	        0 	        0 	        0 	        0
  160000.000 	    0.020 	       98 	        2 	        0 	        0 	        0 	        0 	        0
  161000.000 	    0.020 	       98 	        2 	        0 	        0 	        0 	        0 	        0
  162000.000 	    0.040 	       96 	        4 	        0 	        0 	        0 	        0 	        0
  163000.000 	    0.040 	       96 	        4 	        0 	        0 	        0 	        0 	        0
  164000.000 	    0.020 	       98 	        2 	        0 	        0 	        0 	        0 	        0
  165000.000 	    0.020 	       98 	        2 	        0 	        0 	        0 	        0 	        0
  166000.000 	    0.020 	       98 	        2 	        0 	        0 	        0 	        0 	        0
  167000.000 	    0.020 	       98 	        2 	        0 	        0 	        0 	        0 	        0
  168000.000 	    0.040 	       96 	        4 	        0 	        0 	        0 	        0 	        0
  169000.000 	    0.040 	       96 	        4 	        0 	        0 	        0 	        0 	        0
  170000.000 	    0.020 	       98 	        2 	        0 	        0 	        0 	        0 	        0
  171000.000 	    0.060 	       94 	        6 	        0 	        0 	        0 	        0 	        0
  172000.000 	    0.020 	       98 	        2 	        0 	        0 	        0 	        0 	        0
  173000.000 	    0.040 	       96 	        4 	        0 	        0 	        0 	        0 	        0
  174000.000 	    0.040 	       96 	        4 	        0 	        0 	        0 	        0 	        0
  175000.000 	    0.060 	       94 	        6 	        0 	        0 	        0 	        0 	        0
  176000.000 	    0.040 	       96 	        4 	        0 	        0 	        0 	        0 	        0
  177000.000 	    0.040 	       96 	        4 	        0 	        0 	        0 	        0 	        0
  178000.000 	    0.060 	       94 	        6 	        0 	        0 	        0 	        0 	        0
  179000.000 	    0.060 	       94 	        6 	        0 	        0 	        0 	        0 	        0
  180000.000 	    0.080 	       92 	        8 	        0 	        0 	        0 	        0 	        0
  181000.000 	    0.060 	       94 	        6 	        0 	        0 	        0 	        0 	        0
  182000.000 	    0.060 	       94 	        6 	        0 	        0 	        0 	        0 	        0
  183000.000 	    0.060 	       94 	        6 	        0 	        0 	        0 	        0 	        0
  184000.000 	    0.080 	       92 	        8 	        0 	        0 	        0 	        0 	        0
  185000.000 	    0.060 	       94 	        6 	        0 	        0 	        0 	        0 	        0
  186000.000 	    0.060 	       94 	        6 	        0 	        0 	        0 	        0 	        0
  187000.000 	    0.060 	       94 	        6 	        0 	        0 	        0 	        0 	        0
  188000.000 	    0.060 	       94 	        6 	        0 	        0 	        0 	        0 	        0
  189000.000 	    0.060 	       94 	        6 	        0 	        0 	        0 	        0 	        0
  190000.000 	    0.080 	       92 	        8 	        0 	        0 	        0 	        0 	        0
  191000.000 	    0.080 	       92 	        8 	        0 	        0 	        0 	        0 	        0
  192000.000 	    0.080 	       92 	        8 	        0 	        0 	        0 	        0 	        0
  193000.000 	    0.060 	       94 	        6 	        0 	        0 	        0 	        0 	        0
  194000.000 	    0.080 	       92 	        8 	        0 	        0 	        0 	        0 	        0
  195000.000 	    0.100 	       90 	       10 	        0 	        0 	        0 	        0 	        0
  196000.000 	    0.100 	       90 	       10 	        0 	        0 	        0 	        0 	        0
  197000.000 	    0.100 	       90 	       10 	        0 	        0 	        0 	        0 	        0
  198000.000 	    0.100 	       90 	       10 	        0 	        0 	        0 	        0 	        0
  199000.000 	    0.100 	       90 	       10 	        0 	        0 	        0 	        0 	        0
  200000.000 	    0.100 	       90 	       10 	        0 	        0 	        0 	        0 	        0
  201000.000 	    0.080 	       92 	        8 	        0 	        0 	        0 	        0 	        0
  202000.000 	    0.100 	       90 	       10 	        0 	        0 	        0 	        0 	        0
  203000.000 	    0.100 	       90 	       10 	        0 	        0 	        0 	        0 	        0
  204000.000 	    0.100 	       90 	       10 	        0 	        0 	        0 	        0 	        0
  205000.000 	    0.120 	       88 	       12 	        0 	        0 	        0 	        0 	        0
  206000.000 	    0.120 	       88 	       12 	        0 	        0 	        0 	        0 	        0
  207000.000 	    0.120 	       88 	       12 	        0 	        0 	        0 	        0 	        0
  208000.000 	    0.120 	       88 	       12 	        0 	        0 	        0 	        0 	        0
  209000.000 	    0.120 	       88 	       12 	        0 	        0 	        0 	        0 	        0
  210000.000 	    0.120 	       88 	       12 	        0 	        0 	        0 	        0 	        0
  211000.000 	    0.120 	       88 	       12 	        0 	        0 	        0 	        0 	        0
  212000.000 	    0.120 	       88 	       12 	        0 	        0 	        0 	        0 	        0
  213000.000 	    0.100 	       90 	       10 	        0 	        0 	        0 	        0 	        0
  214000.000 	    0.100 	       90 	       10 	        0 	        0 	        0 	        0 	        0
  215000.000 	    0.120 	       88 	       12 	        0 	        0 	        0 	        0 	        0
  216000.000 	    0.120 	       88 	       12 	        0 	        0 	        0 	        0 	        0
  217000.000 	    0.120 	       88 	       12 	        0 	        0 	        0 	        0 	        0
  218000.000 	    0.120 	       88 	       12 	        0 	        0 	        0 	        0 	        0
  219000.000 	    0.120 	       88 	       12 	        0 	        0 	        0 	        0 	        0
  220000.000 	    0.120 	       88 	       12 	        0 	        0 	        0 	        0 	        0
  221000.000 	    0.120 	       88 	       12 	        0 	        0 	        0 	        0 	        0
  222000.000 	    0.120 	       88 	       12 	        0 	        0 	        0 	        0 	        0
  223000.000 	    0.120 	       88 	       12 	        0 	        0 	        0 	        0 	        0
  224000.000 	    0.120 	       88 	       12 	        0 	        0 	        0 	        0 	        0
  225000.000 	    0.120 	       88 	       12 	        0 	        0 	        0 	        0 	        0
  226000.000 	    0.140 	       86 	       14 	        0 	        0 	        0 	        0 	        0
  227000.000 	    0.140 	       86 	       14 	        0 	        0 	        0 	        0 	        0
  228000.000 	    0.140 	       86 	       14 	        0 	        0 	        0 	        0 	        0
  229000.000 	    0.120 	       88 	       12 	        0 	        0 	        0 	        0 	        0
  230000.000 	    0.140 	       86 	       14 	        0 	        0 	        0 	        0 	        0
  231000.000 	    0.140 	       86 	       14 	        0 	        0 	        0 	        0 	        0
  232000.000 	    0.140 	       86 	       14 	        0 	        0 	        0 	        0 	        0
  233000.000 	    0.140 	       86 	       14 	        0 	        0 	        0 	        0 	        0
  234000.000 	    0.140 	       86 	       14 	        0 	        0 	        0 	        0 	        0
  235000.000 	    0.140 	       86 	       14 	        0 	        0 	        0 	        0 	        0
  236000.000 	    0.140 	       86 	       14 	        0 	        0 	        0 	        0 	        0
  237000.000 	    0.140 	       86 	       14 	        0 	        0 	        0 	        0 	        0
  238000.000 	    0.140 	       86 	       14 	        0 	        0 	        0 	        0 	        0
  239000.000 	    0.160 	       84 	       16 	        0 	        0 	        0 	        0 	        0
  240000.000 	    0.160 	       84 	       16 	        0 	        0 	        0 	        0 	        0
  241000.000 	    0.160 	       84 	       16 	        0 	        0 	        0 	        0 	        0
  242000.000 	    0.160 	       84 	       16 	        0 	        0 	        0 	        0 	        0
  243000.000 	    0.160 	       84 	       16 	        0 	        0 	        0 	        0 	        0
  244000.000 	    0.160 	       84 	       16 	        0 	        0 	        0 	        0 	        0
  245000.000 	    0.160 	       84 	       16 	        0 	        0 	        0 	        0 	        0
  246000.000 	    0.160 	       84 	       16 	        0 	        0 	        0 	        0 	        0
  247000.000 	    0.160 	       84 	       16 	        0 	        0 	        0 	        0 	        0
  248000.000 	    0.140 	       86 	       14 	        0 	        0 	        0 	        0 	        0
  249000.000 	    0.160 	       84 	       16 	        0 	        0 	        0 	        0 	        0
  250000.000 	    0.140 	       86 	       14 	        0 	        0 	        0 	        0 	        0
  251000.000 	    0.180 	       83 	       16 	        1 	        0 	        0 	        0 	        0
  252000.000 	    0.160 	       85 	       14 	        1 	        0 	        0 	        0 	        0
  253000.000 	    0.160 	       85 	       14 	        1 	        0 	        0 	        0 	        0
  254000.000 	    0.160 	       85 	       14 	        1 	        0 	        0 	        0 	        0
  255000.000 	    0.160 	       85 	       14 	        1 	        0 	        0 	        0 	        0
  256000.000 	    0.160 	       85 	       14 	        1 	        0 	        0 	        0 	        0
  257000.000 	    0.160 	       85 	       14 	        1 	        0 	        0 	        0 	        0
  258000.000 	    0.160 	       85 	       14 	        1 	        0 	        0 	        0 	        0
  259000.000 	    0.160 	       85 	       14 	        1 	        0 	        0 	        0 	        0
  260000.000 	    0.160 	       85 	       14 	        1 	        0 	        0 	        0 	        0
  261000.000 	    0.160 	       85 	       14 	        1 	        0 	        0 	        0 	        0
  262000.000 	    0.160 	       85 	       14 	        1 	        0 	        0 	        0 	        0
  263000.000 	    0.180 	       83 	       16 	        1 	        0 	        0 	        0 	        0
  264000.000 	    0.180 	       83 	       16 	        1 	        0 	        0 	        0 	        0
  265000.000 	    0.200 	       81 	       18 	        1 	        0 	        0 	        0 	        0
  266000.000 	    0.180 	       83 	       16 	        1 	        0 	        0 	        0 	        0
  267000.000 	    0.180 	       83 	       16 	        1 	        0 	        0 	        0 	        0
  268000.000 	    0.180 	       83 	       16 	        1 	        0 	        0 	        0 	        0
  269000.000 	    0.180 	       83 	       16 	        1 	        0 	        0 	        0 	        0
  270000.000 	    0.180 	       83 	       16 	        1 	        0 	        0 	        0 	        0
  271000.000 	    0.180 	       83 	       16 	        1 	        0 	        0 	        0 	        0
  272000.000 	    0.180 	       83 	       16 	        1 	        0 	        0 	        0 	        0
  273000.000 	    0.180 	       83 	       16 	        1 	        0 	        0 	        0 	        0
  274000.000 	    0.180 	       83 	       16 	        1 	        0 	        0 	        0 	        0
  275000.000 	    0.180 	       83 	       16 	        1 	        0 	        0 	        0 	        0
  276000.000 	    0.180 	       83 	       16 	        1 	        0 	        0 	        0 	        0
  277000.000 	    0.180 	       83 	       16 	        1 	        0 	        0 	        0 	        0
  278000.000 	    0.180 	       83 	       16 	        1 	        0 	        0 	        0 	        0
  279000.000 	    0.180 	       83 	       16 	        1 	        0 	        0 	        0 	        0
  280000.000 	    0.180 	       83 	       16 	        1 	        0 	        0 	        0 	        0
  281000.000 	    0.180 	       83 	       16 	        1 	        0 	        0 	        0 	        0
  282000.000 	    0.180 	       83 	       16 	        1 	        0 	        0 	        0 	        0
  283000.000 	    0.180 	       83 	       16 	        1 	        0 	        0 	        0 	        0
  284000.000 	    0.180 	       83 	       16 	        1 	        0 	        0 	        0 	        0
  285000.000 	    0.180 	       83 	       16 	        1 	        0 	        0 	        0 	        0
  286000.000 	    0.180 	       83 	       16 	        1 	        0 	        0 	        0 	        0
  287000.000 	    0.180 	       83 	       16 	        1 	        0 	        0 	        0 	        0
  288000.000 	    0.180 	       83 	       16 	        1 	        0 	        0 	        0 	        0
  289000.000 	    0.180 	       83 	       16 	        1 	        0 	        0 	        0 	        0
  290000.000 	    0.180 	       83 	       16 	        1 	        0 	        0 	        0 	        0
  291000.000 	    0.180 	       83 	       16 	        1 	        0 	        0 	        0 	        0
  292000.000 	    0.180 	       83 	       16 	        1 	        0 	        0 	        0 	        0
  293000.000 	    0.180 	       83 	       16 	        1 	        0 	        0 	        0 	        0
  294000.000 	    0.180 	       83 	       16 	        1 	        0 	        0 	        0 	        0
  295000.000 	    0.180 	       83 	       16 	        1 	        0 	        0 	        0 	        0
  296000.000 	    0.180 	       83 	       16 	        1 	        0 	        0 	        0 	        0
  297000.000 	    0.160 	       85 	       14 	        1 	        0 	        0 	        0 	        0
  298000.000 	    0.160 	       85 	       14 	        1 	        0 	        0 	        0 	        0
  299000.000 	    0.160 	       85 	       14 	        1 	        0 	        0 	        0 	        0
  300000.000 	    0.160 	       85 	       14 	        1 	        0 	        0 	        0 	        0
  301000.000 	    0.160 	       85 	       14 	        1 	        0 	        0 	        0 	        0
  302000.000 	    0.180 	       83 	       16 	        1 	        0 	        0 	        0 	        0
  303000.000 	    0.180 	       83 	       16 	        1 	        0 	        0 	        0 	        0
  304000.000 	    0.180 	       83 	       16 	        1 	        0 	        0 	        0 	        0
  305000.000 	    0.180 	       83 	       16 	        1 	        0 	        0 	        0 	        0
  306000.000 	    0.180 	       83 	       16 	        1 	        0 	        0 	        0 	        0
  307000.000 	    0.140 	       87 	       12 	        1 	        0 	        0 	        0 	        0
  308000.000 	    0.180 	       83 	       16 	        1 	        0 	        0 	        0 	        0
  309000.000 	    0.180 	       83 	       16 	        1 	        0 	        0 	        0 	        0
  310000.000 	    0.200 	       81 	       18 	        1 	        0 	        0 	        0 	        0
  311000.000 	    0.180 	       83 	       16 	        1 	        0 	        0 	        0 	        0
  312000.000 	    0.200 	       81 	       18 	        1 	        0 	        0 	        0 	        0
  313000.000 	    0.180 	       83 	       16 	        1 	        0 	        0 	        0 	        0
  314000.000 	    0.200 	       81 	       18 	        1 	        0 	        0 	        0 	        0
  315000.000 	    0.200 	       81 	       18 	        1 	        0 	        0 	        0 	        0
  316000.000 	    0.180 	       83 	       16 	        1 	        0 	        0 	        0 	        0
  317000.000 	    0.180 	       83 	       16 	        1 	        0 	        0 	        0 	        0
  318000.000 	    0.180 	       83 	       16 	        1 	        0 	        0 	        0 	        0
  319000.000 	    0.160 	       85 	       14 	        1 	        0 	        0 	        0 	        0
  320000.000 	    0.200 	       81 	       18 	        1 	        0 	        0 	        0 	        0
  321000.000 	    0.200 	       81 	       18 	        1 	        0 	        0 	        0 	        0
  322000.000 	    0.200 	       81 	       18 	        1 	        0 	        0 	        0 	        0
  323000.000 	    0.200 	       81 	       18 	        1 	        0 	        0 	        0 	        0
  324000.000 	    0.200 	       81 	       18 	        1 	        0 	        0 	        0 	        0
  325000.000 	    0.200 	       81 	       18 	        1 	        0 	        0 	        0 	        0
  326000.000 	    0.200 	       81 	       18 	        1 	        0 	        0 	        0 	        0
  327000.000 	    0.200 	       81 	       18 	        1 	        0 	        0 	        0 	        0
  328000.000 	    0.200 	       81 	       18 	        1 	        0 	        0 	        0 	        0
  329000.000 	    0.200 	       81 	       18 	        1 	        0 	        0 	        0 	        0
  330000.000 	    0.200 	       81 	       18 	        1 	        0 	        0 	        0 	        0
  331000.000 	    0.200 	       81 	       18 	        1 	        0 	        0 	        0 	        0
  332000.000 	    0.200 	       81 	       18 	        1 	        0 	        0 	        0 	        0
  333000.000 	    0.200 	       81 	       18 	        1 	        0 	        0 	        0 	        0
  334000.000 	    0.200 	       81 	       18 	        1 	        0 	        0 	        0 	        0
  335000.000 	    0.200 	       81 	       18 	        1 	        0 	        0 	        0 	        0
  336000.000 	    0.180 	       83 	       16 	        1 	        0 	        0 	        0 	        0
  337000.000 	    0.200 	       81 	       18 	        1 	        0 	        0 	        0 	        0
  338000.000 	    0.200 	       81 	       18 	        1 	        0 	        0 	        0 	        0
  339000.000 	    0.200 	       81 	       18 	        1 	        0 	        0 	        0 	        0
  340000.000 	    0.200 	       81 	       18 	        1 	        0 	        0 	        0 	        0
  341000.000 	    0.200 	       81 	       18 	        1 	        0 	        0 	        0 	        0
  342000.000 	    0.200 	       81 	       18 	        1 	        0 	        0 	        0 	        0
  343000.000 	    0.200 	       81 	       18 	        1 	        0 	        0 	        0 	        0
  344000.000 	    0.200 	       81 	       18 	        1 	        0 	        0 	        0 	        0
  345000.000 	    0.200 	       81 	       18 	        1 	        0 	        0 	        0 	        0
  346000.000 	    0.220 	       79 	       20 	        1 	        0 	        0 	        0 	        0
  347000.000 	    0.200 	       81 	       18 	        1 	        0 	        0 	        0 	        0
  348000.000 	    0.200 	       81 	       18 	        1 	        0 	        0 	        0 	        0
  349000.000 	    0.200 	       81 	       18 	        1 	        0 	        0 	        0 	        0
  350000.000 	    0.200 	       81 	       18 	        1 	        0 	        0 	        0 	        0
  351000.000 	    0.200 	       81 	       18 	        1 	        0 	        0 	        0 	        0
  352000.000 	    0.220 	       79 	       20 	        1 	        0 	        0 	        0 	        0
  353000.000 	    0.220 	       79 	       20 	        1 	        0 	        0 	        0 	        0
  354000.000 	    0.220 	       79 	       20 	        1 	        0 	        0 	        0 	        0
  355000.000 	    0.240 	       77 	       22 	        1 	        0 	        0 	        0 	        0
  356000.000 	    0.200 	       81 	       18 	        1 	        0 	        0 	        0 	        0
  357000.000 	    0.240 	       77 	       22 	        1 	        0 	        0 	        0 	        0
  358000.000 	    0.240 	       77 	       22 	        1 	        0 	        0 	        0 	        0
  359000.000 	    0.240 	       77 	       22 	        1 	        0 	        0 	        0 	        0
  360000.000 	    0.240 	       77 	       22 	        1 	        0 	        0 	        0 	        0
  361000.000 	    0.200 	       81 	       18 	        1 	        0 	        0 	        0 	        0
  362000.000 	    0.240 	       77 	       22 	        1 	        0 	        0 	        0 	        0
  363000.000 	    0.240 	       77 	       22 	        1 	        0 	        0 	        0 	        0
  364000.000 	    0.240 	       77 	       22 	        1 	        0 	        0 	        0 	        0
  365000.000 	    0.240 	       77 	       22 	        1 	        0 	        0 	        0 	        0
  366000.000 	    0.240 	       77 	       22 	        1 	        0 	        0 	        0 	        0
  367000.000 	    0.240 	       77 	       22 	        1 	        0 	        0 	        0 	        0
  368000.000 	    0.220 	       79 	       20 	        1 	        0 	        0 	        0 	        0
  369000.000 	    0.220 	       79 	       20 	        1 	        0 	        0 	        0 	        0
  370000.000 	    0.220 	       79 	       20 	        1 	        0 	        0 	        0 	        0
  371000.000 	    0.240 	       77 	       22 	        1 	        0 	        0 	        0 	        0
  372000.000 	    0.240 	       78 	       20 	        2 	        0 	        0 	        0 	        0
  373000.000 	    0.260 	       76 	       22 	        2 	        0 	        0 	        0 	        0
  374000.000 	    0.240 	       78 	       20 	        2 	        0 	        0 	        0 	        0
  375000.000 	    0.240 	       78 	       20 	        2 	        0 	        0 	        0 	        0
  376000.000 	    0.240 	       78 	       20 	        2 	        0 	        0 	        0 	        0
  377000.000 	    0.260 	       76 	       22 	        2 	        0 	        0 	        0 	        0
  378000.000 	    0.240 	       78 	       20 	        2 	        0 	        0 	        0 	        0
  379000.000 	    0.240 	       78 	       20 	        2 	        0 	        0 	        0 	        0
  380000.000 	    0.260 	       76 	       22 	        2 	        0 	        0 	        0 	        0
  381000.000 	    0.260 	       76 	       22 	        2 	        0 	        0 	        0 	        0
  382000.000 	    0.260 	       76 	       22 	        2 	        0 	        0 	        0 	        0
  383000.000 	    0.260 	       76 	       22 	        2 	        0 	        0 	        0 	        0
  384000.000 	    0.260 	       76 	       22 	        2 	        0 	        0 	        0 	        0
  385000.000 	    0.260 	       76 	       22 	        2 	        0 	        0 	        0 	        0
  386000.000 	    0.280 	       74 	       24 	        2 	        0 	        0 	        0 	        0
  387000.000 	    0.280 	       74 	       24 	        2 	        0 	        0 	        0 	        0
  388000.000 	    0.280 	       74 	       24 	        2 	        0 	        0 	        0 	        0
  389000.000 	    0.280 	       74 	       24 	        2 	        0 	        0 	        0 	        0
  390000.000 	    0.280 	       74 	       24 	        2 	        0 	        0 	        0 	        0
  391000.000 	    0.280 	       74 	       24 	        2 	        0 	        0 	        0 	        0
  392000.000 	    0.280 	       74 	       24 	        2 	        0 	        0 	        0 	        0
  393000.000 	    0.280 	       74 	       24 	        2 	        0 	        0 	        0 	        0
  394000.000 	    0.280 	       74 	       24 	        2 	        0 	        0 	        0 	        0
  395000.000 	    0.280 	       74 	       24 	        2 	        0 	        0 	        0 	        0
  396000.000 	    0.260 	       76 	       22 	        2 	        0 	        0 	        0 	        0
  397000.000 	    0.260 	       76 	       22 	        2 	        0 	        0 	        0 	        0
  398000.000 	    0.260 	       76 	       22 	        2 	        0 	        0 	        0 	        0
  399000.000 	    0.280 	       74 	       24 	        2 	        0 	        0 	        0 	        0
  400000.000 	    0.280 	       74 	       24 	        2 	        0 	        0 	        0 	        0
  401000.000 	    0.280 	       74 	       24 	        2 	        0 	        0 	        0 	        0
  402000.000 	    0.280 	       74 	       24 	        2 	        0 	        0 	        0 	        0
  403000.000 	    0.280 	       74 	       24 	        2 	        0 	        0 	        0 	        0
  404000.000 	    0.280 	       74 	       24 	        2 	        0 	        0 	        0 	        0
  405000.000 	    0.280 	       74 	       24 	        2 	        0 	        0 	        0 	        0
  406000.000 	    0.280 	       74 	       24 	        2 	        0 	        0 	        0 	        0
  407000.000 	    0.260 	       76 	       22 	        2 	        0 	        0 	        0 	        0
  408000.000 	    0.260 	       76 	       22 	        2 	        0 	        0 	        0 	        0
  409000.000 	    0.260 	       76 	       22 	        2 	        0 	        0 	        0 	        0
  410000.000 	    0.260 	       76 	       22 	        2 	        0 	        0 	        0 	        0
  411000.000 	    0.260 	       76 	       22 	        2 	        0 	        0 	        0 	        0
  412000.000 	    0.260 	       76 	       22 	        2 	        0 	        0 	        0 	        0
  413000.000 	    0.260 	       76 	       22 	        2 	        0 	        0 	        0 	        0
  414000.000 	    0.260 	       76 	       22 	        2 	        0 	        0 	        0 	        0
  415000.000 	    0.260 	       76 	       22 	        2 	        0 	        0 	        0 	        0
  416000.000 	    0.260 	       76 	       22 	        2 	        0 	        0 	        0 	        0
  417000.000 	    0.260 	       76 	       22 	        2 	        0 	        0 	        0 	        0
  418000.000 	    0.260 	       76 	       22 	        2 	        0 	        0 	        0 	        0
  419000.000 	    0.260 	       76 	       22 	        2 	        0 	        0 	        0 	        0
  420000.000 	    0.260 	       76 	       22 	        2 	        0 	        0 	        0 	        0
  421000.000 	    0.280 	       74 	       24 	        2 	        0 	        0 	        0 	        0
  422000.000 	    0.280 	       74 	       24 	        2 	        0 	        0 	        0 	        0
  423000.000 	    0.280 	       74 	       24 	        2 	        0 	        0 	        0 	        0
  424000.000 	    0.280 	       74 	       24 	        2 	        0 	        0 	        0 	        0
  425000.000 	    0.280 	       74 	       24 	        2 	        0 	        0 	        0 	        0
  426000.000 	    0.280 	       74 	       24 	        2 	        0 	        0 	        0 	        0
  427000.000 	    0.280 	       74 	       24 	        2 	        0 	        0 	        0 	        0
  428000.000 	    0.300 	       72 	       26 	        2 	        0 	        0 	        0 	        0
  429000.000 	    0.300 	       72 	       26 	        2 	        0 	        0 	        0 	        0
  430000.000 	    0.300 	       72 	       26 	        2 	        0 	        0 	        0 	        0
  431000.000 	    0.300 	       72 	       26 	        2 	        0 	        0 	        0 	        0
  432000.000 	    0.300 	       72 	       26 	        2 	        0 	        0 	        0 	        0
  433000.000 	    0.300 	       72 	       26 	        2 	        0 	        0 	        0 	        0
  434000.000 	    0.300 	       72 	       26 	        2 	        0 	        0 	        0 	        0
  435000.000 	    0.320 	       70 	       28 	        2 	        0 	        0 	        0 	        0
  436000.000 	    0.300 	       72 	       26 	        2 	        0 	        0 	        0 	        0
  437000.000 	    0.300 	       72 	       26 	        2 	        0 	        0 	        0 	        0
  438000.000 	    0.320 	       70 	       28 	        2 	        0 	        0 	        0 	        0
  439000.000 	    0.320 	       70 	       28 	        2 	        0 	        0 	        0 	        0
  440000.000 	    0.300 	       72 	       26 	        2 	        0 	        0 	        0 	        0
  441000.000 	    0.300 	       72 	       26 	        2 	        0 	        0 	        0 	        0
  442000.000 	    0.280 	       74 	       24 	        2 	        0 	        0 	        0 	        0
  443000.000 	    0.300 	       72 	       26 	        2 	        0 	        0 	        0 	        0
  444000.000 	    0.300 	       72 	       26 	        2 	        0 	        0 	        0 	        0
  445000.000 	    0.300 	       72 	       26 	        2 	        0 	        0 	        0 	        0
  446000.000 	    0.320 	       70 	       28 	        2 	        0 	        0 	        0 	        0
  447000.000 	    0.320 	       70 	       28 	        2 	        0 	        0 	        0 	        0
  448000.000 	    0.320 	       70 	       28 	        2 	        0 	        0 	        0 	        0
  449000.000 	    0.320 	       70 	       28 	        2 	        0 	        0 	        0 	        0
  450000.000 	    0.320 	       70 	       28 	        2 	        0 	        0 	        0 	        0
  451000.000 	    0.320 	       70 	       28 	        2 	        0 	        0 	        0 	        0
  452000.000 	    0.320 	       70 	       28 	        2 	        0 	        0 	        0 	        0
  453000.000 	    0.320 	       70 	       28 	        2 	        0 	        0 	        0 	        0
  454000.000 	    0.320 	       70 	       28 	        2 	        0 	        0 	        0 	        0
  455000.000 	    0.320 	       70 	       28 	        2 	        0 	        0 	        0 	        0
  456000.000 	    0.320 	       70 	       28 	        2 	        0 	        0 	        0 	        0
  457000.000 	    0.320 	       70 	       28 	        2 	        0 	        0 	        0 	        0
  458000.000 	    0.320 	       70 	       28 	        2 	        0 	        0 	        0 	        0
  459000.000 	    0.320 	       70 	       28 	        2 	        0 	        0 	        0 	        0
  460000.000 	    0.320 	       70 	       28 	        2 	        0 	        0 	        0 	        0
  461000.000 	    0.320 	       70 	       28 	        2 	        0 	        0 	        0 	        0
  462000.000 	    0.320 	       70 	       28 	        2 	        0 	        0 	        0 	        0
  463000.000 	    0.320 	       70 	       28 	        2 	        0 	        0 	        0 	        0
  464000.000 	    0.320 	       70 	       28 	        2 	        0 	        0 	        0 	        0
  465000.000 	    0.320 	       70 	       28 	        2 	        0 	        0 	        0 	        0
  466000.000 	    0.340 	       69 	       28 	        3 	        0 	        0 	        0 	        0
  467000.000 	    0.340 	       69 	       28 	        3 	        0 	        0 	        0 	        0
  468000.000 	    0.340 	       69 	       28 	        3 	        0 	        0 	        0 	        0
  469000.000 	    0.340 	       69 	       28 	        3 	        0 	        0 	        0 	        0
  470000.000 	    0.340 	       69 	       28 	        3 	        0 	        0 	        0 	        0
  471000.000 	    0.340 	       69 	       28 	        3 	        0 	        0 	        0 	        0
  472000.000 	    0.340 	       69 	       28 	        3 	        0 	        0 	        0 	        0
  473000.000 	    0.340 	       69 	       28 	        3 	        0 	        0 	        0 	        0
  474000.000 	    0.340 	       69 	       28 	        3 	        0 	        0 	        0 	        0
  475000.000 	    0.340 	       69 	       28 	        3 	        0 	        0 	        0 	        0
  476000.000 	    0.320 	       71 	       26 	        3 	        0 	        0 	        0 	        0
  477000.000 	    0.340 	       69 	       28 	        3 	        0 	        0 	        0 	        0
  478000.000 	    0.320 	       71 	       26 	        3 	        0 	        0 	        0 	        0
  479000.000 	    0.320 	       71 	       26 	        3 	        0 	        0 	        0 	        0
  480000.000 	    0.360 	       67 	       30 	        3 	        0 	        0 	        0 	        0
  481000.000 	    0.360 	       67 	       30 	        3 	        0 	        0 	        0 	        0
  482000.000 	    0.360 	       67 	       30 	        3 	        0 	        0 	        0 	        0
  483000.000 	    0.360 	       67 	       30 	        3 	        0 	        0 	        0 	        0
  484000.000 	    0.340 	       68 	       30 	        2 	        0 	        0 	        0 	        0
  485000.000 	    0.380 	       65 	       32 	        3 	        0 	        0 	        0 	        0
  486000.000 	    0.380 	       65 	       32 	        3 	        0 	        0 	        0 	        0
  487000.000 	    0.340 	       69 	       28 	        3 	        0 	        0 	        0 	        0
  488000.000 	    0.360 	       67 	       30 	        3 	        0 	        0 	        0 	        0
  489000.000 	    0.320 	       71 	       26 	        3 	        0 	        0 	        0 	        0
  490000.000 	    0.360 	       67 	       30 	        3 	        0 	        0 	        0 	        0
  491000.000 	    0.360 	       67 	       30 	        3 	        0 	        0 	        0 	        0
  492000.000 	    0.380 	       65 	       32 	        3 	        0 	        0 	        0 	        0
  493000.000 	    0.380 	       65 	       32 	        3 	        0 	        0 	        0 	        0
  494000.000 	    0.420 	       62 	       34 	        4 	        0 	        0 	        0 	        0
  495000.000 	    0.420 	       62 	       34 	        4 	        0 	        0 	        0 	        0
  496000.000 	    0.420 	       62 	       34 	        4 	        0 	        0 	        0 	        0
  497000.000 	    0.400 	       64 	       32 	        4 	        0 	        0 	        0 	        0
  498000.000 	    0.400 	       64 	       32 	        4 	        0 	        0 	        0 	        0
  499000.000 	    0.400 	       64 	       32 	        4 	        0 	        0 	        0 	        0
  500000.000 	    0.400 	       64 	       32 	        4 	        0 	        0 	        0 	        0
  501000.000 	    0.380 	       66 	       30 	        4 	        0 	        0 	        0 	        0
  502000.000 	    0.400 	       64 	       32 	        4 	        0 	        0 	        0 	        0
  503000.000 	    0.400 	       64 	       32 	        4 	        0 	        0 	        0 	        0
  504000.000 	    0.380 	       66 	       30 	        4 	        0 	        0 	        0 	        0
  505000.000 	    0.380 	       66 	       30 	        4 	        0 	        0 	        0 	        0
  506000.000 	    0.380 	       66 	       30 	        4 	        0 	        0 	        0 	        0
  507000.000 	    0.380 	       66 	       30 	        4 	        0 	        0 	        0 	        0
  508000.000 	    0.380 	       66 	       30 	        4 	        0 	        0 	        0 	        0
  509000.000 	    0.400 	       64 	       32 	        4 	        0 	        0 	        0 	        0
  510000.000 	    0.400 	       64 	       32 	        4 	        0 	        0 	        0 	        0
  511000.000 	    0.400 	       64 	       32 	        4 	        0 	        0 	        0 	        0
  512000.000 	    0.400 	       64 	       32 	        4 	        0 	        0 	        0 	        0
  513000.000 	    0.400 	       64 	       32 	        4 	        0 	        0 	        0 	        0
  514000.000 	    0.420 	       62 	       34 	        4 	        0 	        0 	        0 	        0
  515000.000 	    0.420 	       62 	       34 	        4 	        0 	        0 	        0 	        0
  516000.000 	    0.420 	       62 	       34 	        4 	        0 	        0 	        0 	        0
  517000.000 	    0.420 	       62 	       34 	        4 	        0 	        0 	        0 	        0
  518000.000 	    0.420 	       62 	       34 	        4 	        0 	        0 	        0 	        0
  519000.000 	    0.420 	       62 	       34 	        4 	        0 	        0 	        0 	        0
  520000.000 	    0.400 	       64 	       32 	        4 	        0 	        0 	        0 	        0
  521000.000 	    0.400 	       64 	       32 	        4 	        0 	        0 	        0 	        0
  522000.000 	    0.420 	       62 	       34 	        4 	        0 	        0 	        0 	        0
  523000.000 	    0.420 	       62 	       34 	        4 	        0 	        0 	        0 	        0
  524000.000 	    0.400 	       64 	       32 	        4 	        0 	        0 	        0 	        0
  525000.000 	    0.420 	       62 	       34 	        4 	        0 	        0 	        0 	        0
  526000.000 	    0.400 	       64 	       32 	        4 	        0 	        0 	        0 	        0
  527000.000 	    0.420 	       62 	       34 	        4 	        0 	        0 	        0 	        0
  528000.000 	    0.420 	       62 	       34 	        4 	        0 	        0 	        0 	        0
  529000.000 	    0.420 	       62 	       34 	        4 	        0 	        0 	        0 	        0
  530000.000 	    0.420 	       62 	       34 	        4 	        0 	        0 	        0 	        0
  531000.000 	    0.400 	       64 	       32 	        4 	        0 	        0 	        0 	        0
  532000.000 	    0.420 	       63 	       32 	        5 	        0 	        0 	        0 	        0
  533000.000 	    0.400 	       64 	       32 	        4 	        0 	        0 	        0 	        0
  534000.000 	    0.440 	       61 	       34 	        5 	        0 	        0 	        0 	        0
  535000.000 	    0.440 	       61 	       34 	        5 	        0 	        0 	        0 	        0
  536000.000 	    0.440 	       61 	       34 	        5 	        0 	        0 	        0 	        0
  537000.000 	    0.440 	       61 	       34 	        5 	        0 	        0 	        0 	        0
  538000.000 	    0.440 	       61 	       34 	        5 	        0 	        0 	        0 	        0
  539000.000 	    0.440 	       61 	       34 	        5 	        0 	        0 	        0 	        0
  540000.000 	    0.440 	       62 	       32 	        6 	        0 	        0 	        0 	        0
  541000.000 	    0.440 	       61 	       34 	        5 	        0 	        0 	        0 	        0
  542000.000 	    0.440 	       61 	       34 	        5 	        0 	        0 	        0 	        0
  543000.000 	    0.480 	       60 	       32 	        8 	        0 	        0 	        0 	        0
  544000.000 	    0.500 	       58 	       34 	        8 	        0 	        0 	        0 	        0
  545000.000 	    0.480 	       60 	       32 	        8 	        0 	        0 	        0 	        0
  546000.000 	    0.500 	       58 	       34 	        8 	        0 	        0 	        0 	        0
  547000.000 	    0.460 	       61 	       32 	        7 	        0 	        0 	        0 	        0
  548000.000 	    0.480 	       60 	       32 	        8 	        0 	        0 	        0 	        0
  549000.000 	    0.480 	       59 	       34 	        7 	        0 	        0 	        0 	        0
  550000.000 	    0.480 	       60 	       32 	        8 	        0 	        0 	        0 	        0
  551000.000 	    0.480 	       60 	       32 	        8 	        0 	        0 	        0 	        0
  552000.000 	    0.480 	       60 	       32 	        8 	        0 	        0 	        0 	        0
  553000.000 	    0.480 	       60 	       32 	        8 	        0 	        0 	        0 	        0
  554000.000 	    0.500 	       58 	       34 	        8 	        0 	        0 	        0 	        0
  555000.000 	    0.480 	       60 	       32 	        8 	        0 	        0 	        0 	        0
  556000.000 	    0.500 	       58 	       34 	        8 	        0 	        0 	        0 	        0
  557000.000 	    0.500 	       59 	       32 	        9 	        0 	        0 	        0 	        0
  558000.000 	    0.500 	       59 	       32 	        9 	        0 	        0 	        0 	        0
  559000.000 	    0.500 	       59 	       32 	        9 	        0 	        0 	        0 	        0
  560000.000 	    0.520 	       57 	       34 	        9 	        0 	        0 	        0 	        0
  561000.000 	    0.520 	       57 	       34 	        9 	        0 	        0 	        0 	        0
  562000.000 	    0.520 	       57 	       34 	        9 	        0 	        0 	        0 	        0
  563000.000 	    0.520 	       57 	       34 	        9 	        0 	        0 	        0 	        0
  564000.000 	    0.540 	       55 	       36 	        9 	        0 	        0 	        0 	        0
  565000.000 	    0.520 	       57 	       34 	        9 	        0 	        0 	        0 	        0
  566000.000 	    0.540 	       55 	       36 	        9 	        0 	        0 	        0 	        0
  567000.000 	    0.540 	       55 	       36 	        9 	        0 	        0 	        0 	        0
  568000.000 	    0.520 	       56 	       36 	        8 	        0 	        0 	        0 	        0
  569000.000 	    0.500 	       58 	       34 	        8 	        0 	        0 	        0 	        0
  570000.000 	    0.540 	       55 	       36 	        9 	        0 	        0 	        0 	        0
  571000.000 	    0.540 	       55 	       36 	        9 	        0 	        0 	        0 	        0
  572000.000 	    0.520 	       56 	       36 	        8 	        0 	        0 	        0 	        0
  573000.000 	    0.540 	       55 	       36 	        9 	        0 	        0 	        0 	        0
  574000.000 	    0.540 	       55 	       36 	        9 	        0 	        0 	        0 	        0
  575000.000 	    0.540 	       55 	       36 	        9 	        0 	        0 	        0 	        0
  576000.000 	    0.540 	       55 	       36 	        9 	        0 	        0 	        0 	        0
  577000.000 	    0.520 	       57 	       34 	        9 	        0 	        0 	        0 	        0
  578000.000 	    0.540 	       55 	       36 	        9 	        0 	        0 	        0 	        0
  579000.000 	    0.540 	       55 	       36 	        9 	        0 	        0 	        0 	        0
  580000.000 	    0.540 	       55 	       36 	        9 	        0 	        0 	        0 	        0
  581000.000 	    0.540 	       55 	       36 	        9 	        0 	        0 	        0 	        0
  582000.000 	    0.540 	       55 	       36 	        9 	        0 	        0 	        0 	        0
  583000.000 	    0.540 	       55 	       36 	        9 	        0 	        0 	        0 	        0
  584000.000 	    0.540 	       55 	       36 	        9 	        0 	        0 	        0 	        0
  585000.000 	    0.540 	       55 	       36 	        9 	        0 	        0 	        0 	        0
  586000.000 	    0.540 	       55 	       36 	        9 	        0 	        0 	        0 	        0
  587000.000 	    0.540 	       55 	       36 	        9 	        0 	        0 	        0 	        0
  588000.000 	    0.520 	       55 	       38 	        7 	        0 	        0 	        0 	        0
  589000.000 	    0.500 	       56 	       38 	        6 	        0 	        0 	        0 	        0
  590000.000 	    0.520 	       55 	       38 	        7 	        0 	        0 	        0 	        0
  591000.000 	    0.520 	       55 	       38 	        7 	        0 	        0 	        0 	        0
  592000.000 	    0.520 	       55 	       38 	        7 	        0 	        0 	        0 	        0
  593000.000 	    0.520 	       55 	       38 	        7 	        0 	        0 	        0 	        0
  594000.000 	    0.520 	       55 	       38 	        7 	        0 	        0 	        0 	        0
  595000.000 	    0.520 	       55 	       38 	        7 	        0 	        0 	        0 	        0
  596000.000 	    0.500 	       57 	       36 	        7 	        0 	        0 	        0 	        0
