       0.000 	    0.000 	      100 	        0 	        0 	        0 	        0 	        0 	        0
   20000.000 	    0.020 	       98 	        2 	        0 	        0 	        0 	        0 	        0
   40000.000 	    0.140 	       87 	       12 	        1 	        0 	        0 	        0 	        0
   60000.000 	    0.240 	       78 	       20 	        2 	        0 	        0 	        0 	        0
   80000.000 	    0.320 	       69 	       30 	        1 	        0 	        0 	        0 	        0
  100000.000 	    0.420 	       62 	       34 	        4 	        0 	        0 	        0 	        0
  120000.000 	    0.580 	       49 	       44 	        7 	        0 	        0 	        0 	        0
  140000.000 	    0.660 	       42 	       50 	        8 	        0 	        0 	        0 	        0
  160000.000 	    0.660 	       43 	       48 	        9 	        0 	        0 	        0 	        0
  180000.000 	    0.800 	       37 	       46 	       17 	        0 	        0 	        0 	        0
  200000.000 	    0.880 	       32 	       48 	       20 	        0 	        0 	        0 	        0
  220000.000 	    0.900 	       34 	       43 	       22 	        1 	        0 	        0 	        0
  240000.000 	    0.960 	       32 	       43 	       22 	        3 	        0 	        0 	        0
  260000.000 	    1.040 	       30 	       40 	       26 	        4 	        0 	        0 	        0
  280000.000 	    1.080 	       30 	       39 	       24 	        7 	        0 	        0 	        0
  300000.000 	    1.180 	       27 	       35 	       31 	        7 	        0 	        0 	        0
  320000.000 	    1.320 	       22 	       34 	       34 	       10 	        0 	        0 	        0
  340000.000 	    1.400 	       18 	       35 	       36 	       11 	        0 	        0 	        0
  360000.000 	    1.380 	       21 	       32 	       35 	       12 	        0 	        0 	        0
  380000.000 	    1.520 	       15 	       31 	       41 	       13 	        0 	        0 	        0
  400000.000 	    1.560 	       14 	       30 	       42 	       14 	        0 	        0 	        0
  420000.000 	    1.520 	       15 	       33 	       38 	       13 	        1 	        0 	        0
  440000.000 	    1.620 	       13 	       30 	       42 	       12 	        3 	        0 	        0
  460000.000 	    1.700 	       13 	       27 	       41 	       15 	        4 	        0 	        0
  480000.000 	    1.760 	       13 	       24 	       42 	       16 	        5 	        0 	        0
  500000.000 	    1.880 	       14 	       16 	       43 	       22 	        5 	        0 	        0
  520000.000 	    1.880 	       15 	       15 	       42 	       23 	        5 	        0 	        0
  540000.000 	    1.980 	       12 	       15 	       41 	       28 	        3 	        1 	        0
  560000.000 	    2.100 	        9 	       15 	       42 	       26 	        7 	        1 	        0
  580000.000 	    2.180 	        7 	       16 	       40 	       27 	        9 	        1 	        0
  600000.000 	    2.200 	        6 	       17 	       39 	       28 	        9 	        1 	        0
  620000.000 	    2.220 	        5 	       18 	       39 	       27 	       10 	        1 	        0
  640000.000 	    2.300 	        7 	       14 	       34 	       33 	       11 	        1 	        0
  660000.000 	    2.380 	        6 	       14 	       33 	       32 	       13 	        2 	        0
  680000.000 	    2.380 	        7 	       12 	       34 	       32 	       13 	        2 	        0
  700000.000 	    2.420 	        6 	       13 	       32 	       34 	       12 	        3 	        0
  720000.000 	    2.420 	        7 	       12 	       32 	       33 	       13 	        3 	        0
  740000.000 	    2.520 	        3 	       12 	       35 	       33 	       14 	        3 	        0
  760000.000 	    2.500 	        5 	       10 	       35 	       33 	       14 	        3 	        0
  780000.000 	    2.520 	        4 	       10 	       37 	       32 	       13 	        4 	        0
  800000.000 	    2.560 	        3 	       11 	       36 	       31 	       15 	        4 	        0
  820000.000 	    2.580 	        3 	       10 	       37 	       31 	       14 	        5 	        0
  840000.000 	    2.600 	        4 	        8 	       37 	       31 	       15 	        5 	        0
  860000.000 	    2.620 	        4 	        7 	       37 	       32 	       15 	        5 	        0
  880000.000 	    2.620 	        4 	        7 	       37 	       32 	       15 	        5 	        0
  900000.000 	    2.620 	        4 	        7 	       37 	       32 	       15 	        5 	        0
  920000.000 	    2.620 	        4 	        8 	       36 	       31 	       16 	        5 	        0
  940000.000 	    2.640 	        2 	       10 	       36 	       31 	       16 	        5 	        0
  960000.000 	    2.660 	        2 	        9 	       36 	       32 	       16 	        5 	        0
  980000.000 	    2.680 	        2 	        8 	       37 	       31 	       17 	        5 	        0
 1000000.000 	    2.700 	        2 	        8 	       35 	       33 	       17 	        5 	        0
 1020000.000 	    2.700 	        2 	        8 	       35 	       33 	       17 	        5 	        0
 1040000.000 	    2.660 	        4 	        6 	       37 	       31 	       17 	        5 	        0
 1060000.000 	    2.660 	        6 	        3 	       38 	       31 	       16 	        6 	        0
 1080000.000 	    2.740 	        6 	        2 	       36 	       32 	       16 	        8 	        0
 1100000.000 	    2.760 	        6 	        2 	       34 	       34 	       16 	        8 	        0
 1120000.000 	    2.780 	        6 	        2 	       33 	       34 	       17 	        8 	        0
 1140000.000 	    2.820 	        4 	        4 	       32 	       34 	       18 	        8 	        0
 1160000.000 	    2.860 	        4 	        4 	       30 	       34 	       20 	        8 	        0
 1180000.000 	    2.840 	        4 	        4 	       32 	       32 	       20 	        8 	        0
 1200000.000 	    2.840 	        4 	        4 	       32 	       32 	       20 	        8 	        0
 1220000.000 	    2.840 	        4 	        4 	       32 	       32 	       20 	        8 	        0
 1240000.000 	    2.860 	        4 	        4 	       31 	       33 	       19 	        9 	        0
 1260000.000 	    2.860 	        4 	        4 	       31 	       33 	       19 	        9 	        0
 1280000.000 	    2.860 	        4 	        4 	       31 	       33 	       19 	        9 	        0
 1300000.000 	    2.860 	        4 	        4 	       31 	       33 	       19 	        9 	        0
 1320000.000 	    2.880 	        3 	        5 	       30 	       34 	       19 	        9 	        0
 1340000.000 	    2.860 	        5 	        3 	       30 	       34 	       19 	        9 	        0
 1360000.000 	    2.860 	        5 	        3 	       30 	       34 	       19 	        9 	        0
 1380000.000 	    2.860 	        5 	        3 	       30 	       34 	       19 	        9 	        0
 1400000.000 	    2.880 	        5 	        2 	       31 	       34 	       18 	       10 	        0
 1420000.000 	    2.880 	        5 	        2 	       31 	       34 	       18 	       10 	        0
 1440000.000 	    2.880 	        5 	        2 	       31 	       34 	       18 	       10 	        0
 1460000.000 	    2.920 	        3 	        3 	       31 	       35 	       18 	       10 	        0
 1480000.000 	    2.920 	        3 	        3 	       31 	       35 	       18 	       10 	        0
 1500000.000 	    2.900 	        3 	        4 	       31 	       34 	       18 	       10 	        0
 1520000.000 	    2.980 	        3 	        3 	       29 	       34 	       20 	       11 	        0
 1540000.000 	    3.000 	        2 	        5 	       28 	       32 	       22 	       11 	        0
 1560000.000 	    3.020 	        1 	        5 	       29 	       32 	       22 	       11 	        0
 1580000.000 	    3.000 	        1 	        6 	       28 	       32 	       23 	       10 	        0
 1600000.000 	    3.020 	        1 	        5 	       29 	       32 	       22 	       11 	        0
 1620000.000 	    2.980 	        5 	        1 	       29 	       32 	       22 	       11 	        0
 1640000.000 	    3.000 	        3 	        3 	       29 	       32 	       22 	       11 	        0
 1660000.000 	    3.020 	        1 	        5 	       29 	       32 	       22 	       11 	        0
 1680000.000 	    3.040 	        1 	        5 	       28 	       32 	       23 	       11 	        0
 1700000.000 	    3.040 	        3 	        3 	       26 	       34 	       23 	       11 	        0
 1720000.000 	    3.080 	        1 	        4 	       26 	       35 	       23 	       11 	        0
 1740000.000 	    3.080 	        1 	        4 	       26 	       35 	       23 	       11 	        0
 1760000.000 	    3.060 	        1 	        5 	       26 	       34 	       23 	       11 	        0
 1780000.000 	    3.080 	        1 	        4 	       26 	       35 	       23 	       11 	        0
 1800000.000 	    3.080 	        1 	        4 	       26 	       35 	       23 	       11 	        0
 1820000.000 	    3.060 	        3 	        2 	       26 	       35 	       23 	       11 	        0
 1840000.000 	    3.080 	        1 	        4 	       26 	       35 	       23 	       11 	        0
 1860000.000 	    3.080 	        1 	        4 	       26 	       35 	       23 	       11 	        0
 1880000.000 	    3.080 	        1 	        4 	       26 	       35 	       23 	       11 	        0
 1900000.000 	    3.080 	        1 	        4 	       26 	       35 	       23 	       11 	        0
 1920000.000 	    3.080 	        1 	        5 	       25 	       34 	       24 	       11 	        0
 1940000.000 	    3.100 	        1 	        5 	       23 	       36 	       24 	       11 	        0
 1960000.000 	    3.100 	        2 	        4 	       22 	       37 	       24 	       11 	        0
 1980000.000 	    3.140 	        1 	        4 	       24 	       33 	       27 	       11 	        0
 2000000.000 	    3.160 	        1 	        4 	       23 	       34 	       26 	       12 	        0
 2020000.000 	    3.140 	        3 	        2 	       23 	       34 	       26 	       12 	        0
 2040000.000 	    3.140 	        3 	        2 	       23 	       34 	       26 	       12 	        0
 2060000.000 	    3.160 	        1 	        4 	       23 	       34 	       26 	       12 	        0
 2080000.000 	    3.160 	        1 	        4 	       23 	       34 	       26 	       12 	        0
 2100000.000 	    3.180 	        1 	        4 	       23 	       34 	       24 	       14 	        0
 2120000.000 	    3.160 	        3 	        2 	       23 	       34 	       24 	       14 	        0
 2140000.000 	    3.160 	        3 	        2 	       23 	       34 	       24 	       14 	        0
 2160000.000 	    3.200 	        1 	        4 	       22 	       34 	       25 	       14 	        0
 2180000.000 	    3.240 	        1 	        4 	       21 	       34 	       24 	       16 	        0
 2200000.000 	    3.240 	        1 	        4 	       21 	       34 	       24 	       16 	        0
 2220000.000 	    3.240 	        1 	        4 	       21 	       34 	       24 	       16 	        0
 2240000.000 	    3.260 	        3 	        2 	       21 	       32 	       25 	       16 	        1
 2260000.000 	    3.240 	        5 	        0 	       21 	       32 	       25 	       16 	        1
 2280000.000 	    3.220 	        5 	        0 	       22 	       32 	       24 	       16 	        1
 2300000.000 	    3.260 	        5 	        0 	       21 	       31 	       25 	       17 	        1
 2320000.000 	    3.340 	        1 	        3 	       22 	       30 	       24 	       19 	        1
 2340000.000 	    3.360 	        2 	        1 	       22 	       30 	       25 	       19 	        1
 2360000.000 	    3.380 	        0 	        3 	       22 	       30 	       25 	       19 	        1
 2380000.000 	    3.380 	        0 	        3 	       22 	       30 	       25 	       19 	        1
 2400000.000 	    3.380 	        0 	        3 	       22 	       30 	       25 	       19 	        1
 2420000.000 	    3.380 	        0 	        3 	       22 	       30 	       25 	       19 	        1
 2440000.000 	    3.380 	        0 	        3 	       22 	       30 	       25 	       19 	        1
 2460000.000 	    3.360 	        1 	        2 	       22 	       31 	       24 	       19 	        1
 2480000.000 	    3.380 	        0 	        3 	       22 	       30 	       25 	       19 	        1
 2500000.000 	    3.380 	        0 	        3 	       23 	       28 	       26 	       19 	        1
 2520000.000 	    3.420 	        0 	        3 	       21 	       28 	       28 	       19 	        1
 2540000.000 	    3.400 	        2 	        1 	       21 	       28 	       28 	       19 	        1
 2560000.000 	    3.400 	        2 	        1 	       21 	       28 	       28 	       19 	        1
 2580000.000 	    3.420 	        2 	        1 	       21 	       27 	       28 	       20 	        1
 2600000.000 	    3.420 	        2 	        1 	       21 	       27 	       28 	       20 	        1
 2620000.000 	    3.420 	        2 	        1 	       21 	       27 	       28 	       20 	        1
 2640000.000 	    3.460 	        2 	        0 	       20 	       29 	       28 	       19 	        2
 2660000.000 	    3.460 	        2 	        0 	       20 	       29 	       28 	       19 	        2
 2680000.000 	    3.480 	        2 	        0 	       19 	       29 	       29 	       19 	        2
 2700000.000 	    3.500 	        1 	        1 	       19 	       28 	       30 	       19 	        2
 2720000.000 	    3.540 	        0 	        1 	       20 	       26 	       32 	       19 	        2
 2740000.000 	    3.540 	        0 	        1 	       20 	       26 	       32 	       19 	        2
 2760000.000 	    3.520 	        0 	        2 	       19 	       27 	       31 	       19 	        2
 2780000.000 	    3.540 	        0 	        1 	       20 	       26 	       32 	       19 	        2
 2800000.000 	    3.540 	        0 	        1 	       20 	       26 	       32 	       19 	        2
 2820000.000 	    3.540 	        0 	        1 	       20 	       26 	       32 	       19 	        2
 2840000.000 	    3.520 	        0 	        2 	       20 	       25 	       32 	       19 	        2
 2860000.000 	    3.540 	        0 	        1 	       20 	       26 	       32 	       19 	        2
 2880000.000 	    3.540 	        0 	        1 	       20 	       26 	       32 	       19 	        2
 2900000.000 	    3.560 	        0 	        0 	       21 	       26 	       31 	       20 	        2
 2920000.000 	    3.560 	        0 	        0 	       21 	       26 	       31 	       20 	        2
 2940000.000 	    3.560 	        0 	        0 	       21 	       26 	       31 	       20 	        2
 2960000.000 	    3.560 	        0 	        0 	       21 	       26 	       31 	       20 	        2
 2980000.000 	    3.560 	        0 	        0 	       21 	       26 	       31 	       20 	        2
 3000000.000 	    3.560 	        0 	        0 	       21 	       26 	       31 	       20 	        2
 3020000.000 	    3.560 	        0 	        0 	       21 	       26 	       31 	       20 	        2
 3040000.000 	    3.580 	        0 	        0 	       19 	       28 	       31 	       20 	        2
 3060000.000 	    3.580 	        0 	        0 	       19 	       28 	       31 	       20 	        2
 3080000.000 	    3.580 	        0 	        0 	       19 	       28 	       31 	       20 	        2
 3100000.000 	    3.600 	        0 	        0 	       18 	       28 	       32 	       20 	        2
 3120000.000 	    3.600 	        0 	        0 	       18 	       28 	       32 	       20 	        2
 3140000.000 	    3.600 	        0 	        0 	       18 	       28 	       32 	       20 	        2
 3160000.000 	    3.600 	        0 	        0 	       18 	       28 	       32 	       20 	        2
 3180000.000 	    3.600 	        0 	        0 	       18 	       28 	       32 	       20 	        2
 3200000.000 	    3.600 	        0 	        0 	       18 	       28 	       32 	       20 	        2
 3220000.000 	    3.600 	        0 	        0 	       18 	       28 	       32 	       20 	        2
 3240000.000 	    3.600 	        0 	        0 	       18 	       28 	       32 	       20 	        2
 3260000.000 	    3.580 	        0 	        0 	       19 	       28 	       31 	       20 	        2
 3280000.000 	    3.580 	        0 	        0 	       19 	       28 	       31 	       20 	        2
 3300000.000 	    3.580 	        0 	        0 	       19 	       28 	       31 	       20 	        2
 3320000.000 	    3.600 	        0 	        0 	       18 	       28 	       32 	       20 	        2
 3340000.000 	    3.600 	        0 	        0 	       18 	       28 	       32 	       20 	        2
 3360000.000 	    3.620 	        0 	        0 	       18 	       27 	       32 	       21 	        2
 3380000.000 	    3.620 	        0 	        0 	       17 	       29 	       31 	       21 	        2
 3400000.000 	    3.620 	        0 	        0 	       17 	       29 	       31 	       21 	        2
 3420000.000 	    3.620 	        0 	        0 	       17 	       29 	       31 	       21 	        2
 3440000.000 	    3.620 	        0 	        0 	       17 	       29 	       31 	       21 	        2
 3460000.000 	    3.620 	        0 	        0 	       17 	       29 	       31 	       21 	        2
 3480000.000 	    3.640 	        0 	        0 	       15 	       31 	       31 	       21 	        2
 3500000.000 	    3.640 	        0 	        0 	       15 	       31 	       31 	       21 	        2
 3520000.000 	    3.640 	        0 	        0 	       15 	       31 	       31 	       21 	        2
 3540000.000 	    3.640 	        0 	        0 	       15 	       31 	       31 	       21 	        2
 3560000.000 	    3.640 	        0 	        0 	       15 	       31 	       31 	       21 	        2
 3580000.000 	    3.640 	        0 	        0 	       15 	       31 	       31 	       21 	        2
 3600000.000 	    3.640 	        0 	        0 	       15 	       31 	       31 	       21 	        2
 3620000.000 	    3.640 	        0 	        0 	       15 	       31 	       31 	       21 	        2
 3640000.000 	    3.640 	        0 	        0 	       15 	       31 	       31 	       21 	        2
 3660000.000 	    3.640 	        0 	        0 	       15 	       31 	       31 	       21 	        2
 3680000.000 	    3.640 	        0 	        0 	       15 	       31 	       31 	       21 	        2
 3700000.000 	    3.640 	        0 	        0 	       15 	       31 	       31 	       21 	        2
 3720000.000 	    3.640 	        0 	        0 	       15 	       31 	       31 	       21 	        2
 3740000.000 	    3.640 	        0 	        0 	       15 	       31 	       31 	       21 	        2
 3760000.000 	    3.640 	        0 	        0 	       15 	       31 	       31 	       21 	        2
 3780000.000 	    3.640 	        0 	        0 	       15 	       31 	       31 	       21 	        2
 3800000.000 	    3.640 	        0 	        0 	       15 	       31 	       31 	       21 	        2
 3820000.000 	    3.640 	        0 	        0 	       15 	       31 	       31 	       21 	        2
 3840000.000 	    3.640 	        0 	        0 	       15 	       31 	       31 	       21 	        2
 3860000.000 	    3.640 	        0 	        0 	       15 	       31 	       31 	       21 	        2
 3880000.000 	    3.640 	        0 	        0 	       15 	       31 	       31 	       21 	        2
 3900000.000 	    3.640 	        0 	        0 	       15 	       31 	       31 	       21 	        2
 3920000.000 	    3.620 	        0 	        0 	       17 	       29 	       31 	       21 	        2
 3940000.000 	    3.620 	        0 	        0 	       17 	       29 	       31 	       21 	        2
 3960000.000 	    3.620 	        0 	        0 	       17 	       29 	       31 	       21 	        2
 3980000.000 	    3.640 	        0 	        0 	       15 	       31 	       31 	       21 	        2
 4000000.000 	    3.640 	        0 	        0 	       15 	       31 	       31 	       21 	        2
 4020000.000 	    3.640 	        0 	        0 	       15 	       31 	       31 	       21 	        2
 4040000.000 	    3.640 	        0 	        0 	       15 	       31 	       31 	       21 	        2
 4060000.000 	    3.640 	        0 	        0 	       15 	       31 	       31 	       21 	        2
 4080000.000 	    3.640 	        0 	        0 	       15 	       31 	       31 	       21 	        2
 4100000.000 	    3.660 	        0 	        0 	       15 	       30 	       31 	       22 	        2
 4120000.000 	    3.660 	        0 	        0 	       15 	       30 	       31 	       22 	        2
 4140000.000 	    3.660 	        0 	        0 	       15 	       30 	       31 	       22 	        2
 4160000.000 	    3.660 	        0 	        0 	       15 	       30 	       31 	       22 	        2
 4180000.000 	    3.660 	        0 	        0 	       15 	       30 	       31 	       22 	        2
 4200000.000 	    3.660 	        0 	        0 	       15 	       30 	       31 	       22 	        2
 4220000.000 	    3.660 	        0 	        0 	       15 	       30 	       31 	       22 	        2
 4240000.000 	    3.660 	        0 	        0 	       15 	       30 	       31 	       22 	        2
 4260000.000 	    3.660 	        0 	        0 	       15 	       30 	       31 	       22 	        2
 4280000.000 	    3.660 	        0 	        0 	       15 	       30 	       31 	       22 	        2
 4300000.000 	    3.660 	        0 	        0 	       15 	       30 	       31 	       22 	        2
 4320000.000 	    3.660 	        0 	        0 	       15 	       30 	       31 	       22 	        2
 4340000.000 	    3.660 	        0 	        0 	       15 	       30 	       31 	       22 	        2
 4360000.000 	    3.660 	        0 	        0 	       15 	       30 	       31 	       22 	        2
 4380000.000 	    3.660 	        0 	        0 	       15 	       30 	       31 	       22 	        2
 4400000.000 	    3.660 	        0 	        0 	       15 	       30 	       31 	       22 	        2
 4420000.000 	    3.660 	        0 	        0 	       15 	       30 	       31 	       22 	        2
 4440000.000 	    3.660 	        0 	        0 	       15 	       30 	       31 	       22 	        2
 4460000.000 	    3.660 	        0 	        0 	       15 	       30 	       31 	       22 	        2
 4480000.000 	    3.660 	        0 	        0 	       15 	       30 	       31 	       22 	        2
 4500000.000 	    3.660 	        0 	        0 	       15 	       30 	       31 	       22 	        2
 4520000.000 	    3.660 	        0 	        0 	       15 	       30 	       31 	       22 	        2
 4540000.000 	    3.660 	        0 	        0 	       15 	       30 	       31 	       22 	        2
 4560000.000 	    3.660 	        0 	        0 	       15 	       30 	       31 	       22 	        2
 4580000.000 	    3.660 	        0 	        0 	       15 	       30 	       31 	       22 	        2
 4600000.000 	    3.660 	        0 	        0 	       15 	       30 	       31 	       22 	        2
 4620000.000 	    3.660 	        0 	        0 	       15 	       30 	       31 	       22 	        2
 4640000.000 	    3.660 	        0 	        0 	       15 	       30 	       31 	       22 	        2
 4660000.000 	    3.660 	        0 	        0 	       15 	       30 	       31 	       22 	        2
 4680000.000 	    3.660 	        0 	        0 	       15 	       30 	       31 	       22 	        2
 4700000.000 	    3.660 	        0 	        0 	       15 	       30 	       31 	       22 	        2
 4720000.000 	    3.660 	        0 	        0 	       15 	       30 	       31 	       22 	        2
 4740000.000 	    3.660 	        0 	        0 	       15 	       30 	       31 	       22 	        2
 4760000.000 	    3.660 	        0 	        0 	       15 	       30 	       31 	       22 	        2
 4780000.000 	    3.660 	        0 	        0 	       15 	       30 	       31 	       22 	        2
 4800000.000 	    3.660 	        0 	        0 	       15 	       30 	       31 	       22 	        2
 4820000.000 	    3.660 	        0 	        0 	       15 	       30 	       31 	       22 	        2
 4840000.000 	    3.660 	        0 	        0 	       15 	       30 	       31 	       22 	        2
 4860000.000 	    3.660 	        0 	        0 	       15 	       30 	       31 	       22 	        2
 4880000.000 	    3.660 	        0 	        0 	       15 	       30 	       31 	       22 	        2
 4900000.000 	    3.660 	        0 	        0 	       15 	       30 	       31 	       22 	        2
 4920000.000 	    3.660 	        0 	        0 	       15 	       30 	       31 	       22 	        2
 4940000.000 	    3.660 	        0 	        0 	       15 	       30 	       31 	       22 	        2
 4960000.000 	    3.660 	        0 	        0 	       15 	       30 	       31 	       22 	        2
 4980000.000 	    3.660 	        0 	        0 	       15 	       30 	       31 	       22 	        2
 5000000.000 	    3.660 	        0 	        0 	       15 	       30 	       31 	       22 	        2
 5020000.000 	    3.660 	        0 	        0 	       15 	       30 	       31 	       22 	        2
 5040000.000 	    3.660 	        0 	        0 	       15 	       30 	       31 	       22 	        2
 5060000.000 	    3.660 	        0 	        0 	       15 	       30 	       31 	       22 	        2
 5080000.000 	    3.660 	        0 	        0 	       15 	       30 	       31 	       22 	        2
 5100000.000 	    3.660 	        0 	        0 	       15 	       30 	       31 	       22 	        2
 5120000.000 	    3.660 	        0 	        0 	       15 	       30 	       31 	       22 	        2
 5140000.000 	    3.660 	        0 	        0 	       15 	       30 	       31 	       22 	        2
 5160000.000 	    3.680 	        0 	        0 	       14 	       30 	       32 	       22 	        2
 5180000.000 	    3.680 	        0 	        0 	       14 	       30 	       32 	       22 	        2
 5200000.000 	    3.680 	        0 	        0 	       14 	       30 	       32 	       22 	        2
 5220000.000 	    3.660 	        0 	        0 	       15 	       30 	       31 	       22 	        2
 5240000.000 	    3.660 	        0 	        0 	       15 	       30 	       31 	       22 	        2
 5260000.000 	    3.680 	        0 	        0 	       14 	       30 	       32 	       22 	        2
 5280000.000 	    3.680 	        0 	        0 	       14 	       30 	       32 	       22 	        2
 5300000.000 	    3.680 	        0 	        0 	       14 	       30 	       32 	       22 	        2
 5320000.000 	    3.680 	        0 	        0 	       14 	       30 	       32 	       22 	        2
 5340000.000 	    3.680 	        0 	        0 	       14 	       30 	       32 	       22 	        2
 5360000.000 	    3.680 	        0 	        0 	       14 	       30 	       32 	       22 	        2
 5380000.000 	    3.680 	        0 	        0 	       14 	       30 	       32 	       22 	        2
 5400000.000 	    3.680 	        0 	        0 	       14 	       30 	       32 	       22 	        2
 5420000.000 	    3.680 	        0 	        0 	       14 	       30 	       32 	       22 	        2
 5440000.000 	    3.700 	        0 	        0 	       14 	       28 	       34 	       22 	        2
 5460000.000 	    3.700 	        0 	        0 	       14 	       28 	       34 	       22 	        2
 5480000.000 	    3.700 	        0 	        0 	       14 	       28 	       34 	       22 	        2
 5500000.000 	    3.700 	        0 	        0 	       14 	       28 	       34 	       22 	        2
 5520000.000 	    3.700 	        0 	        0 	       14 	       28 	       34 	       22 	        2
 5540000.000 	    3.700 	        0 	        0 	       14 	       28 	       34 	       22 	        2
 5560000.000 	    3.700 	        0 	        0 	       14 	       28 	       34 	       22 	        2
 5580000.000 	    3.700 	        0 	        0 	       14 	       28 	       34 	       22 	        2
 5600000.000 	    3.700 	        0 	        0 	       14 	       28 	       34 	       22 	        2
 5620000.000 	    3.700 	        0 	        0 	       14 	       28 	       34 	       22 	        2
 5640000.000 	    3.720 	        0 	        0 	       13 	       29 	       33 	       23 	        2
 5660000.000 	    3.760 	        0 	        0 	       13 	       27 	       34 	       23 	        3
 5680000.000 	    3.760 	        0 	        0 	       13 	       27 	       34 	       23 	        3
 5700000.000 	    3.760 	        0 	        0 	       13 	       27 	       34 	       23 	        3
 5720000.000 	    3.760 	        0 	        0 	       13 	       27 	       34 	       23 	        3
 5740000.000 	    3.760 	        0 	        0 	       13 	       27 	       34 	       23 	        3
 5760000.000 	    3.760 	        0 	        0 	       13 	       27 	       34 	       23 	        3
 5780000.000 	    3.760 	        0 	        0 	       13 	       27 	       34 	       23 	        3
 5800000.000 	    3.760 	        0 	        0 	       13 	       27 	       34 	       23 	        3
 5820000.000 	    3.760 	        0 	        0 	       13 	       27 	       34 	       23 	        3
 5840000.000 	    3.760 	        0 	        0 	       13 	       27 	       34 	       23 	        3
 5860000.000 	    3.760 	        0 	        0 	       13 	       27 	       34 	       23 	        3
 5880000.000 	    3.760 	        0 	        0 	       13 	       27 	       34 	       23 	        3
 5900000.000 	    3.760 	        0 	        0 	       13 	       27 	       34 	       23 	        3
 5920000.000 	    3.760 	        0 	        0 	       13 	       27 	       34 	       23 	        3
 5940000.000 	    3.760 	        0 	        0 	       13 	       27 	       34 	       23 	        3
 5960000.000 	    3.760 	        0 	        0 	       13 	       27 	       34 	       23 	        3
 5980000.000 	    3.760 	        0 	        0 	       13 	       27 	       34 	       23 	        3
 6000000.000 	    3.760 	        0 	        0 	       13 	       27 	       34 	       23 	        3
 6020000.000 	    3.760 	        0 	        0 	       13 	       27 	       34 	       23 	        3
 6040000.000 	    3.760 	        0 	        0 	       13 	       27 	       34 	       23 	        3
 6060000.000 	    3.760 	        0 	        0 	       13 	       27 	       34 	       23 	        3
 6080000.000 	    3.760 	        0 	        0 	       13 	       27 	       34 	       23 	        3
 6100000.000 	    3.760 	        0 	        0 	       13 	       27 	       34 	       23 	        3
 6120000.000 	    3.760 	        0 	        0 	       13 	       27 	       34 	       23 	        3
 6140000.000 	    3.760 	        0 	        0 	       13 	       27 	       34 	       23 	        3
 6160000.000 	    3.760 	        0 	        0 	       13 	       27 	       34 	       23 	        3
 6180000.000 	    3.760 	        0 	        0 	       13 	       27 	       34 	       23 	        3
 6200000.000 	    3.760 	        0 	        0 	       13 	       27 	       34 	       23 	        3
 6220000.000 	    3.760 	        0 	        0 	       13 	       27 	       34 	       23 	        3
 6240000.000 	    3.760 	        0 	        0 	       13 	       27 	       34 	       23 	        3
 6260000.000 	    3.760 	        0 	        0 	       13 	       27 	       34 	       23 	        3
 6280000.000 	    3.760 	        0 	        0 	       13 	       27 	       34 	       23 	        3
 6300000.000 	    3.760 	        0 	        0 	       13 	       27 	       34 	       23 	        3
 6320000.000 	    3.760 	        0 	        0 	       13 	       27 	       34 	       23 	        3
 6340000.000 	    3.760 	        0 	        0 	       13 	       27 	       34 	       23 	        3
 6360000.000 	    3.760 	        0 	        0 	       13 	       27 	       34 	       23 	        3
 6380000.000 	    3.760 	        0 	        0 	       13 	       27 	       34 	       23 	        3
 6400000.000 	    3.760 	        0 	        0 	       13 	       27 	       34 	       23 	        3
 6420000.000 	    3.760 	        0 	        0 	       13 	       27 	       34 	       23 	        3
 6440000.000 	    3.760 	        0 	        0 	       13 	       27 	       34 	       23 	        3
 6460000.000 	    3.760 	        0 	        0 	       13 	       27 	       34 	       23 	        3
 6480000.000 	    3.760 	        0 	        0 	       13 	       27 	       34 	       23 	        3
 6500000.000 	    3.760 	        0 	        0 	       13 	       27 	       34 	       23 	        3
 6520000.000 	    3.760 	        0 	        0 	       13 	       27 	       34 	       23 	        3
 6540000.000 	    3.760 	        0 	        0 	       13 	       27 	       34 	       23 	        3
 6560000.000 	    3.760 	        0 	        0 	       13 	       27 	       34 	       23 	        3
 6580000.000 	    3.760 	        0 	        0 	       13 	       27 	       34 	       23 	        3
 6600000.000 	    3.760 	        0 	        0 	       13 	       27 	       34 	       23 	        3
 6620000.000 	    3.760 	        0 	        0 	       13 	       27 	       34 	       23 	        3
 6640000.000 	    3.760 	        0 	        0 	       13 	       27 	       34 	       23 	        3
 6660000.000 	    3.760 	        0 	        0 	       13 	       27 	       34 	       23 	        3
 6680000.000 	    3.760 	        0 	        0 	       13 	       27 	       34 	       23 	        3
 6700000.000 	    3.760 	        0 	        0 	       13 	       27 	       34 	       23 	        3
 6720000.000 	    3.760 	        0 	        0 	       13 	       27 	       34 	       23 	        3
 6740000.000 	    3.760 	        0 	        0 	       13 	       27 	       34 	       23 	        3
 6760000.000 	    3.780 	        0 	        0 	       12 	       27 	       35 	       23 	        3
 6780000.000 	    3.780 	        0 	        0 	       12 	       27 	       35 	       23 	        3
 6800000.000 	    3.780 	        0 	        0 	       12 	       27 	       35 	       23 	        3
 6820000.000 	    3.780 	        0 	        0 	       12 	       27 	       35 	       23 	        3
 6840000.000 	    3.780 	        0 	        0 	       12 	       27 	       35 	       23 	        3
 6860000.000 	    3.780 	        0 	        0 	       12 	       27 	       35 	       23 	        3
 6880000.000 	    3.780 	        0 	        0 	       12 	       27 	       35 	       23 	        3
 6900000.000 	    3.780 	        0 	        0 	       12 	       27 	       35 	       23 	        3
 6920000.000 	    3.780 	        0 	        0 	       12 	       27 	       35 	       23 	        3
 6940000.000 	    3.780 	        0 	        0 	       12 	       27 	       35 	       23 	        3
 6960000.000 	    3.780 	        0 	        0 	       12 	       27 	       35 	       23 	        3
 6980000.000 	    3.780 	        0 	        0 	       12 	       27 	       35 	       23 	        3
 7000000.000 	    3.760 	        0 	        0 	       12 	       28 	       35 	       22 	        3
 7020000.000 	    3.780 	        0 	        0 	       12 	       27 	       35 	       23 	        3
 7040000.000 	    3.780 	        0 	        0 	       12 	       27 	       35 	       23 	        3
 7060000.000 	    3.780 	        0 	        0 	       12 	       27 	       35 	       23 	        3
 7080000.000 	    3.780 	        0 	        0 	       12 	       27 	       35 	       23 	        3
 7100000.000 	    3.780 	        0 	        0 	       12 	       27 	       35 	       23 	        3
 7120000.000 	    3.780 	        0 	        0 	       12 	       27 	       35 	       23 	        3
 7140000.000 	    3.780 	        0 	        0 	       12 	       27 	       35 	       23 	        3
 7160000.000 	    3.760 	        0 	        0 	       13 	       27 	       34 	       23 	        3
 7180000.000 	    3.760 	        0 	        0 	       13 	       27 	       34 	       23 	        3
 7200000.000 	    3.760 	        0 	        0 	       13 	       27 	       34 	       23 	        3
 7220000.000 	    3.760 	        0 	        0 	       13 	       27 	       34 	       23 	        3
 7240000.000 	    3.780 	        0 	        0 	       12 	       27 	       35 	       23 	        3
 7260000.000 	    3.780 	        0 	        0 	       12 	       27 	       35 	       23 	        3
 7280000.000 	    3.780 	        0 	        0 	       12 	       27 	       35 	       23 	        3
 7300000.000 	    3.780 	        0 	        0 	       12 	       27 	       35 	       23 	        3
 7320000.000 	    3.780 	        0 	        0 	       12 	       27 	       35 	       23 	        3
 7340000.000 	    3.780 	        0 	        0 	       12 	       27 	       35 	       23 	        3
 7360000.000 	    3.800 	        0 	        0 	       10 	       29 	       35 	       23 	        3
 7380000.000 	    3.780 	        0 	        0 	       11 	       29 	       34 	       23 	        3
 7400000.000 	    3.760 	        0 	        0 	       13 	       27 	       34 	       23 	        3
 7420000.000 	    3.780 	        0 	        0 	       11 	       29 	       34 	       23 	        3
 7440000.000 	    3.800 	        0 	        0 	       10 	       29 	       35 	       23 	        3
 7460000.000 	    3.800 	        0 	        0 	       10 	       29 	       35 	       23 	        3
 7480000.000 	    3.800 	        0 	        0 	       10 	       29 	       35 	       23 	        3
 7500000.000 	    3.800 	        0 	        0 	       10 	       29 	       35 	       23 	        3
 7520000.000 	    3.800 	        0 	        0 	       10 	       29 	       35 	       23 	        3
 7540000.000 	    3.800 	        0 	        0 	       10 	       29 	       35 	       23 	        3
 7560000.000 	    3.800 	        0 	        0 	       10 	       29 	       35 	       23 	        3
 7580000.000 	    3.800 	        0 	        0 	       10 	       29 	       35 	       23 	        3
 7600000.000 	    3.800 	        0 	        0 	       10 	       29 	       35 	       23 	        3
 7620000.000 	    3.800 	        0 	        0 	       10 	       29 	       35 	       23 	        3
 7640000.000 	    3.800 	        0 	        0 	       10 	       29 	       35 	       23 	        3
 7660000.000 	    3.800 	        0 	        0 	       10 	       29 	       35 	       23 	        3
 7680000.000 	    3.800 	        0 	        0 	       10 	       29 	       35 	       23 	        3
 7700000.000 	    3.800 	        0 	        0 	       10 	       29 	       35 	       23 	        3
 7720000.000 	    3.800 	        0 	        0 	       10 	       29 	       35 	       23 	        3
 7740000.000 	    3.800 	        0 	        0 	       10 	       29 	       35 	       23 	        3
 7760000.000 	    3.800 	        0 	        0 	       10 	       29 	       35 	       23 	        3
 7780000.000 	    3.780 	        0 	        0 	       12 	       27 	       35 	       23 	        3
 7800000.000 	    3.780 	        0 	        0 	       12 	       27 	       35 	       23 	        3
 7820000.000 	    3.780 	        0 	        0 	       12 	       27 	       35 	       23 	        3
 7840000.000 	    3.780 	        0 	        0 	       12 	       27 	       35 	       23 	        3
 7860000.000 	    3.780 	        0 	        0 	       12 	       27 	       35 	       23 	        3
 7880000.000 	    3.780 	        0 	        0 	       12 	       27 	       35 	       23 	        3
 7900000.000 	    3.780 	        0 	        0 	       12 	       27 	       35 	       23 	        3
 7920000.000 	    3.780 	        0 	        0 	       12 	       27 	       35 	       23 	        3
 7940000.000 	    3.780 	        0 	        0 	       12 	       27 	       35 	       23 	        3
 7960000.000 	    3.780 	        0 	        0 	       12 	       27 	       35 	       23 	        3
 7980000.000 	    3.780 	        0 	        0 	       12 	       27 	       35 	       23 	        3
 8000000.000 	    3.780 	        0 	        0 	       12 	       27 	       35 	       23 	        3
 8020000.000 	    3.780 	        0 	        0 	       12 	       27 	       35 	       23 	        3
 8040000.000 	    3.760 	        0 	        0 	       13 	       27 	       34 	       23 	        3
 8060000.000 	    3.780 	        0 	        0 	       12 	       27 	       35 	       23 	        3
 8080000.000 	    3.780 	        0 	        0 	       12 	       27 	       35 	       23 	        3
 8100000.000 	    3.780 	        0 	        0 	       12 	       27 	       35 	       23 	        3
 8120000.000 	    3.780 	        0 	        0 	       12 	       27 	       35 	       23 	        3
 8140000.000 	    3.780 	        0 	        0 	       12 	       27 	       35 	       23 	        3
 8160000.000 	    3.780 	        0 	        0 	       12 	       27 	       35 	       23 	        3
 8180000.000 	    3.780 	        0 	        0 	       12 	       27 	       35 	       23 	        3
 8200000.000 	    3.780 	        0 	        0 	       12 	       27 	       35 	       23 	        3
 8220000.000 	    3.780 	        0 	        0 	       12 	       27 	       35 	       23 	        3
 8240000.000 	    3.760 	        0 	        0 	       13 	       27 	       34 	       23 	        3
 8260000.000 	    3.760 	        0 	        0 	       13 	       27 	       34 	       23 	        3
 8280000.000 	    3.760 	        0 	        0 	       13 	       27 	       34 	       23 	        3
 8300000.000 	    3.760 	        0 	        0 	       13 	       27 	       34 	       23 	        3
 8320000.000 	    3.780 	        0 	        0 	       12 	       27 	       35 	       23 	        3
 8340000.000 	    3.780 	        0 	        0 	       12 	       27 	       35 	       23 	        3
 8360000.000 	    3.780 	        0 	        0 	       12 	       27 	       35 	       23 	        3
 8380000.000 	    3.780 	        0 	        0 	       12 	       27 	       35 	       23 	        3
 8400000.000 	    3.780 	        0 	        0 	       12 	       27 	       35 	       23 	        3
 8420000.000 	    3.780 	        0 	        0 	       12 	       27 	       35 	       23 	        3
 8440000.000 	    3.780 	        0 	        0 	       12 	       27 	       35 	       23 	        3
 8460000.000 	    3.760 	        0 	        0 	       13 	       27 	       34 	       23 	        3
 8480000.000 	    3.760 	        0 	        0 	       13 	       27 	       34 	       23 	        3
 8500000.000 	    3.780 	        0 	        0 	       12 	       27 	       35 	       23 	        3
 8520000.000 	    3.780 	        0 	        0 	       12 	       27 	       35 	       23 	        3
 8540000.000 	    3.760 	        0 	        1 	       12 	       26 	       35 	       23 	        3
 8560000.000 	    3.780 	        0 	        0 	       12 	       27 	       35 	       23 	        3
 8580000.000 	    3.800 	        0 	        0 	       12 	       27 	       33 	       25 	        3
 8600000.000 	    3.780 	        0 	        0 	       12 	       28 	       33 	       24 	        3
 8620000.000 	    3.780 	        0 	        0 	       12 	       28 	       33 	       24 	        3
 8640000.000 	    3.780 	        0 	        0 	       12 	       28 	       33 	       24 	        3
 8660000.000 	    3.780 	        0 	        0 	       12 	       28 	       33 	       24 	        3
 8680000.000 	    3.780 	        0 	        0 	       12 	       28 	       33 	       24 	        3
 8700000.000 	    3.780 	        0 	        0 	       12 	       28 	       33 	       24 	        3
 8720000.000 	    3.780 	        0 	        0 	       12 	       28 	       33 	       24 	        3
 8740000.000 	    3.780 	        0 	        0 	       12 	       28 	       33 	       24 	        3
 8760000.000 	    3.780 	        0 	        0 	       12 	       28 	       33 	       24 	        3
 8780000.000 	    3.780 	        0 	        0 	       12 	       28 	       33 	       24 	        3
 8800000.000 	    3.780 	        0 	        0 	       12 	       28 	       33 	       24 	        3
 8820000.000 	    3.780 	        0 	        0 	       12 	       28 	       33 	       24 	        3
 8840000.000 	    3.780 	        0 	        0 	       12 	       28 	       33 	       24 	        3
 8860000.000 	    3.780 	        0 	        0 	       12 	       28 	       33 	       24 	        3
 8880000.000 	    3.780 	        0 	        0 	       12 	       28 	       33 	       24 	        3
 8900000.000 	    3.780 	        0 	        0 	       12 	       28 	       33 	       24 	        3
 8920000.000 	    3.780 	        0 	        0 	       12 	       28 	       33 	       24 	        3
 8940000.000 	    3.780 	        0 	        0 	       12 	       28 	       33 	       24 	        3
 8960000.000 	    3.780 	        0 	        0 	       12 	       28 	       33 	       24 	        3
 8980000.000 	    3.760 	        0 	        0 	       13 	       28 	       32 	       24 	        3
 9000000.000 	    3.760 	        0 	        0 	       13 	       28 	       32 	       24 	        3
 9020000.000 	    3.780 	        0 	        0 	       12 	       28 	       33 	       24 	        3
 9040000.000 	    3.780 	        0 	        0 	       12 	       28 	       33 	       24 	        3
 9060000.000 	    3.780 	        0 	        0 	       12 	       28 	       33 	       24 	        3
 9080000.000 	    3.780 	        0 	        0 	       12 	       28 	       33 	       24 	        3
 9100000.000 	    3.780 	        0 	        0 	       12 	       28 	       33 	       24 	        3
 9120000.000 	    3.760 	        0 	        0 	       13 	       28 	       32 	       24 	        3
 9140000.000 	    3.780 	        0 	        0 	       13 	       27 	       32 	       25 	        3
 9160000.000 	    3.800 	        0 	        0 	       12 	       27 	       33 	       25 	        3
 9180000.000 	    3.780 	        0 	        0 	       12 	       28 	       33 	       24 	        3
 9200000.000 	    3.780 	        0 	        0 	       12 	       28 	       33 	       24 	        3
 9220000.000 	    3.780 	        0 	        0 	       12 	       28 	       33 	       24 	        3
 9240000.000 	    3.780 	        0 	        0 	       12 	       28 	       33 	       24 	        3
 9260000.000 	    3.780 	        0 	        0 	       12 	       28 	       33 	       24 	        3
 9280000.000 	    3.780 	        0 	        0 	       12 	       28 	       33 	       24 	        3
 9300000.000 	    3.780 	        0 	        0 	       12 	       28 	       33 	       24 	        3
 9320000.000 	    3.780 	        0 	        0 	       12 	       28 	       33 	       24 	        3
 9340000.000 	    3.780 	        0 	        0 	       12 	       28 	       33 	       24 	        3
 9360000.000 	    3.780 	        0 	        0 	       12 	       28 	       33 	       24 	        3
 9380000.000 	    3.780 	        0 	        0 	       12 	       28 	       33 	       24 	        3
 9400000.000 	    3.780 	        0 	        0 	       12 	       28 	       33 	       24 	        3
 9420000.000 	    3.780 	        0 	        0 	       12 	       28 	       33 	       24 	        3
 9440000.000 	    3.780 	        0 	        0 	       12 	       28 	       33 	       24 	        3
 9460000.000 	    3.780 	        0 	        0 	       12 	       28 	       33 	       24 	        3
 9480000.000 	    3.780 	        0 	        0 	       12 	       28 	       33 	       24 	        3
 9500000.000 	    3.780 	        0 	        0 	       12 	       28 	       33 	       24 	        3
 9520000.000 	    3.780 	        0 	        0 	       12 	       28 	       33 	       24 	        3
 9540000.000 	    3.780 	        0 	        0 	       12 	       28 	       33 	       24 	        3
 9560000.000 	    3.780 	        0 	        0 	       12 	       28 	       33 	       24 	        3
 9580000.000 	    3.780 	        0 	        0 	       12 	       28 	       33 	       24 	        3
 9600000.000 	    3.780 	        0 	        0 	       12 	       28 	       33 	       24 	        3
 9620000.000 	    3.760 	        0 	        0 	       13 	       28 	       32 	       24 	        3
 9640000.000 	    3.760 	        0 	        0 	       13 	       28 	       32 	       24 	        3
 9660000.000 	    3.760 	        0 	        0 	       13 	       28 	       32 	       24 	        3
 9680000.000 	    3.760 	        0 	        0 	       13 	       28 	       32 	       24 	        3
 9700000.000 	    3.760 	        0 	        0 	       13 	       28 	       32 	       24 	        3
 9720000.000 	    3.760 	        0 	        0 	       13 	       28 	       32 	       24 	        3
 9740000.000 	    3.760 	        0 	        0 	       13 	       28 	       32 	       24 	        3
 9760000.000 	    3.760 	        0 	        0 	       13 	       28 	       32 	       24 	        3
 9780000.000 	    3.760 	        0 	        0 	       13 	       28 	       32 	       24 	        3
 9800000.000 	    3.760 	        0 	        0 	       13 	       28 	       32 	       24 	        3
 9820000.000 	    3.740 	        0 	        1 	       13 	       27 	       32 	       24 	        3
 9840000.000 	    3.760 	        0 	        1 	       13 	       26 	       32 	       25 	        3
 9860000.000 	    3.740 	        0 	        1 	       13 	       26 	       34 	       23 	        3
 9880000.000 	    3.740 	        0 	        1 	       13 	       26 	       34 	       23 	        3
 9900000.000 	    3.740 	        0 	        1 	       13 	       26 	       34 	       23 	        3
 9920000.000 	    3.740 	        0 	        1 	       13 	       26 	       34 	       23 	        3
 9940000.000 	    3.740 	        0 	        1 	       13 	       26 	       34 	       23 	        3
 9960000.000 	    3.740 	        0 	        1 	       13 	       26 	       34 	       23 	        3
 9980000.000 	    3.740 	        0 	        1 	       13 	       26 	       34 	       23 	        3
10000000.000 	    3.760 	        0 	        1 	       13 	       26 	       32 	       25 	        3
