       0.000 	    0.000 	      100 	        0 	        0 	        0 	        0 	        0 	        0
   20000.000 	    0.100 	       90 	       10 	        0 	        0 	        0 	        0 	        0
   40000.000 	    0.160 	       84 	       16 	        0 	        0 	        0 	        0 	        0
   60000.000 	    0.320 	       70 	       28 	        2 	        0 	        0 	        0 	        0
   80000.000 	    0.400 	       62 	       36 	        2 	        0 	        0 	        0 	        0
  100000.000 	    0.500 	       55 	       40 	        5 	        0 	        0 	        0 	        0
  120000.000 	    0.620 	       47 	       45 	        7 	        1 	        0 	        0 	        0
  140000.000 	    0.640 	       48 	       41 	       10 	        1 	        0 	        0 	        0
  160000.000 	    0.660 	       48 	       40 	       10 	        2 	        0 	        0 	        0
  180000.000 	    0.820 	       40 	       40 	       18 	        2 	        0 	        0 	        0
  200000.000 	    0.940 	       34 	       42 	       20 	        4 	        0 	        0 	        0
  220000.000 	    1.000 	       34 	       39 	       20 	        7 	        0 	        0 	        0
  240000.000 	    1.040 	       32 	       39 	       22 	        7 	        0 	        0 	        0
  260000.000 	    1.020 	       38 	       31 	       22 	        9 	        0 	        0 	        0
  280000.000 	    1.100 	       33 	       35 	       22 	        9 	        1 	        0 	        0
  300000.000 	    1.120 	       34 	       31 	       25 	        9 	        1 	        0 	        0
  320000.000 	    1.220 	       28 	       34 	       27 	       10 	        1 	        0 	        0
  340000.000 	    1.180 	       28 	       37 	       25 	        9 	        1 	        0 	        0
  360000.000 	    1.320 	       26 	       32 	       28 	       12 	        2 	        0 	        0
  380000.000 	    1.380 	       25 	       30 	       30 	       12 	        3 	        0 	        0
  400000.000 	    1.460 	       22 	       32 	       27 	       16 	        3 	        0 	        0
  420000.000 	    1.500 	       24 	       27 	       27 	       19 	        3 	        0 	        0
  440000.000 	    1.600 	       20 	       29 	       26 	       21 	        4 	        0 	        0
  460000.000 	    1.640 	       17 	       31 	       27 	       21 	        4 	        0 	        0
  480000.000 	    1.680 	       18 	       27 	       29 	       21 	        5 	        0 	        0
  500000.000 	    1.720 	       16 	       28 	       30 	       20 	        6 	        0 	        0
  520000.000 	    1.760 	       16 	       26 	       30 	       22 	        6 	        0 	        0
  540000.000 	    1.780 	       16 	       25 	       32 	       19 	        8 	        0 	        0
  560000.000 	    1.780 	       16 	       24 	       34 	       18 	        8 	        0 	        0
  580000.000 	    1.820 	       16 	       23 	       34 	       17 	       10 	        0 	        0
  600000.000 	    1.920 	       12 	       23 	       37 	       17 	       11 	        0 	        0
  620000.000 	    1.960 	       14 	       20 	       34 	       21 	       10 	        1 	        0
  640000.000 	    2.040 	       12 	       18 	       37 	       21 	       11 	        1 	        0
  660000.000 	    2.100 	       12 	       18 	       32 	       25 	       12 	        1 	        0
  680000.000 	    2.120 	       13 	       17 	       30 	       26 	       13 	        1 	        0
  700000.000 	    2.140 	       15 	       13 	       31 	       26 	       14 	        1 	        0
  720000.000 	    2.160 	       13 	       15 	       32 	       24 	       15 	        1 	        0
  740000.000 	    2.220 	       12 	       16 	       29 	       25 	       17 	        1 	        0
  760000.000 	    2.260 	        9 	       19 	       29 	       24 	       18 	        1 	        0
  780000.000 	    2.300 	       11 	       14 	       31 	       25 	       16 	        3 	        0
  800000.000 	    2.300 	       11 	       14 	       31 	       25 	       16 	        3 	        0
  820000.000 	    2.400 	        8 	       16 	       27 	       30 	       15 	        4 	        0
  840000.000 	    2.460 	       10 	       12 	       28 	       26 	       20 	        4 	        0
  860000.000 	    2.460 	       12 	       10 	       27 	       26 	       21 	        4 	        0
  880000.000 	    2.500 	       10 	       11 	       27 	       27 	       21 	        4 	        0
  900000.000 	    2.500 	        8 	       14 	       26 	       28 	       20 	        4 	        0
  920000.000 	    2.540 	        8 	       13 	       26 	       28 	       20 	        5 	        0
  940000.000 	    2.480 	       13 	        8 	       27 	       27 	       20 	        5 	        0
  960000.000 	    2.540 	        8 	       13 	       26 	       28 	       20 	        5 	        0
  980000.000 	    2.560 	        8 	       13 	       26 	       27 	       20 	        6 	        0
 1000000.000 	    2.560 	        8 	       13 	       26 	       27 	       20 	        6 	        0
 1020000.000 	    2.540 	       10 	       11 	       26 	       27 	       20 	        6 	        0
 1040000.000 	    2.540 	       10 	       11 	       26 	       27 	       20 	        6 	        0
 1060000.000 	    2.540 	       10 	       11 	       26 	       27 	       20 	        6 	        0
 1080000.000 	    2.540 	        9 	       12 	       27 	       26 	       20 	        6 	        0
 1100000.000 	    2.540 	        9 	       12 	       27 	       26 	       20 	        6 	        0
 1120000.000 	    2.540 	       10 	       12 	       24 	       28 	       20 	        6 	        0
 1140000.000 	    2.560 	        8 	       14 	       24 	       28 	       20 	        6 	        0
 1160000.000 	    2.560 	       10 	       13 	       22 	       27 	       22 	        6 	        0
 1180000.000 	    2.620 	        8 	       14 	       22 	       27 	       22 	        7 	        0
 1200000.000 	    2.680 	        6 	       14 	       23 	       27 	       23 	        7 	        0
 1220000.000 	    2.680 	        8 	       11 	       24 	       26 	       24 	        7 	        0
 1240000.000 	    2.700 	        7 	       11 	       25 	       26 	       24 	        7 	        0
 1260000.000 	    2.740 	        7 	       11 	       24 	       26 	       23 	        9 	        0
 1280000.000 	    2.740 	        7 	       11 	       24 	       26 	       23 	        9 	        0
 1300000.000 	    2.800 	        7 	        9 	       23 	       29 	       23 	        8 	        1
 1320000.000 	    2.820 	        7 	        7 	       25 	       29 	       23 	        8 	        1
 1340000.000 	    2.800 	        9 	        5 	       25 	       29 	       23 	        8 	        1
 1360000.000 	    2.820 	        8 	        5 	       26 	       29 	       23 	        8 	        1
 1380000.000 	    2.860 	        8 	        4 	       26 	       29 	       23 	        9 	        1
 1400000.000 	    2.840 	       10 	        2 	       26 	       29 	       23 	        9 	        1
 1420000.000 	    2.840 	       10 	        2 	       26 	       29 	       23 	        9 	        1
 1440000.000 	    2.860 	       10 	        2 	       26 	       28 	       23 	       10 	        1
 1460000.000 	    2.860 	       10 	        2 	       26 	       28 	       23 	       10 	        1
 1480000.000 	    2.860 	       10 	        2 	       26 	       28 	       23 	       10 	        1
 1500000.000 	    2.900 	        9 	        1 	       28 	       27 	       24 	       10 	        1
 1520000.000 	    2.920 	        8 	        2 	       27 	       28 	       24 	       10 	        1
 1540000.000 	    2.940 	        7 	        3 	       26 	       29 	       24 	       10 	        1
 1560000.000 	    2.960 	        7 	        3 	       26 	       28 	       24 	       11 	        1
 1580000.000 	    3.040 	        7 	        0 	       25 	       32 	       24 	       10 	        2
 1600000.000 	    3.040 	        7 	        0 	       25 	       32 	       24 	       10 	        2
 1620000.000 	    3.040 	        7 	        0 	       25 	       32 	       24 	       10 	        2
 1640000.000 	    3.080 	        7 	        0 	       24 	       32 	       24 	       10 	        3
 1660000.000 	    3.080 	        7 	        0 	       24 	       32 	       24 	       10 	        3
 1680000.000 	    3.080 	        7 	        0 	       24 	       32 	       24 	       10 	        3
 1700000.000 	    3.100 	        6 	        1 	       23 	       33 	       24 	       10 	        3
 1720000.000 	    3.100 	        6 	        1 	       23 	       33 	       24 	       10 	        3
 1740000.000 	    3.120 	        4 	        3 	       23 	       33 	       24 	       10 	        3
 1760000.000 	    3.140 	        6 	        0 	       23 	       33 	       24 	       11 	        3
 1780000.000 	    3.180 	        4 	        2 	       23 	       31 	       26 	       11 	        3
 1800000.000 	    3.180 	        4 	        2 	       23 	       31 	       26 	       11 	        3
 1820000.000 	    3.180 	        4 	        2 	       23 	       31 	       26 	       11 	        3
 1840000.000 	    3.180 	        4 	        2 	       23 	       31 	       26 	       11 	        3
 1860000.000 	    3.180 	        4 	        2 	       23 	       31 	       26 	       11 	        3
 1880000.000 	    3.200 	        3 	        3 	       22 	       32 	       26 	       11 	        3
 1900000.000 	    3.220 	        3 	        2 	       22 	       33 	       26 	       11 	        3
 1920000.000 	    3.240 	        3 	        2 	       20 	       35 	       26 	       11 	        3
 1940000.000 	    3.240 	        3 	        2 	       20 	       35 	       26 	       11 	        3
 1960000.000 	    3.240 	        3 	        2 	       20 	       35 	       26 	       11 	        3
 1980000.000 	    3.260 	        3 	        2 	       18 	       37 	       26 	       11 	        3
 2000000.000 	    3.300 	        3 	        2 	       18 	       33 	       30 	       11 	        3
 2020000.000 	    3.300 	        3 	        2 	       18 	       33 	       30 	       11 	        3
 2040000.000 	    3.300 	        3 	        2 	       18 	       33 	       30 	       11 	        3
 2060000.000 	    3.300 	        3 	        2 	       18 	       33 	       30 	       11 	        3
 2080000.000 	    3.300 	        3 	        2 	       18 	       33 	       30 	       11 	        3
 2100000.000 	    3.340 	        3 	        2 	       17 	       31 	       33 	       11 	        3
 2120000.000 	    3.340 	        3 	        2 	       17 	       31 	       33 	       11 	        3
 2140000.000 	    3.340 	        3 	        2 	       17 	       31 	       33 	       11 	        3
 2160000.000 	    3.340 	        3 	        2 	       17 	       31 	       33 	       11 	        3
 2180000.000 	    3.340 	        3 	        2 	       17 	       31 	       33 	       11 	        3
 2200000.000 	    3.340 	        3 	        2 	       17 	       31 	       33 	       11 	        3
 2220000.000 	    3.320 	        5 	        0 	       17 	       31 	       33 	       11 	        3
 2240000.000 	    3.340 	        3 	        2 	       17 	       31 	       33 	       11 	        3
 2260000.000 	    3.340 	        3 	        2 	       17 	       31 	       33 	       11 	        3
 2280000.000 	    3.360 	        3 	        1 	       18 	       30 	       34 	       11 	        3
 2300000.000 	    3.400 	        2 	        2 	       17 	       30 	       34 	       12 	        3
 2320000.000 	    3.400 	        2 	        2 	       17 	       30 	       34 	       12 	        3
 2340000.000 	    3.420 	        2 	        2 	       16 	       31 	       33 	       13 	        3
 2360000.000 	    3.420 	        2 	        2 	       16 	       31 	       33 	       13 	        3
 2380000.000 	    3.440 	        2 	        3 	       14 	       32 	       32 	       13 	        4
 2400000.000 	    3.480 	        2 	        2 	       14 	       32 	       33 	       12 	        5
 2420000.000 	    3.480 	        2 	        2 	       14 	       32 	       33 	       12 	        5
 2440000.000 	    3.480 	        2 	        2 	       14 	       32 	       33 	       12 	        5
 2460000.000 	    3.480 	        2 	        2 	       14 	       32 	       33 	       12 	        5
 2480000.000 	    3.480 	        2 	        2 	       14 	       32 	       33 	       12 	        5
 2500000.000 	    3.480 	        2 	        2 	       14 	       32 	       33 	       12 	        5
 2520000.000 	    3.480 	        2 	        2 	       14 	       32 	       33 	       12 	        5
 2540000.000 	    3.540 	        2 	        2 	       13 	       32 	       32 	       12 	        7
 2560000.000 	    3.540 	        2 	        2 	       13 	       32 	       32 	       12 	        7
 2580000.000 	    3.560 	        2 	        1 	       14 	       32 	       31 	       13 	        7
 2600000.000 	    3.560 	        2 	        1 	       14 	       32 	       31 	       13 	        7
 2620000.000 	    3.560 	        2 	        1 	       14 	       32 	       31 	       13 	        7
 2640000.000 	    3.560 	        2 	        1 	       14 	       32 	       31 	       13 	        7
 2660000.000 	    3.560 	        2 	        1 	       14 	       32 	       31 	       13 	        7
 2680000.000 	    3.580 	        2 	        0 	       15 	       32 	       31 	       12 	        8
 2700000.000 	    3.600 	        2 	        0 	       14 	       32 	       32 	       12 	        8
 2720000.000 	    3.600 	        2 	        0 	       14 	       32 	       32 	       12 	        8
 2740000.000 	    3.600 	        2 	        0 	       14 	       32 	       32 	       12 	        8
 2760000.000 	    3.580 	        2 	        1 	       14 	       31 	       32 	       12 	        8
 2780000.000 	    3.620 	        2 	        0 	       14 	       32 	       30 	       14 	        8
 2800000.000 	    3.620 	        2 	        0 	       14 	       32 	       30 	       14 	        8
 2820000.000 	    3.620 	        2 	        0 	       14 	       32 	       30 	       14 	        8
 2840000.000 	    3.620 	        2 	        0 	       14 	       32 	       30 	       14 	        8
 2860000.000 	    3.620 	        2 	        0 	       14 	       32 	       30 	       14 	        8
 2880000.000 	    3.620 	        2 	        0 	       14 	       32 	       30 	       14 	        8
 2900000.000 	    3.620 	        2 	        0 	       14 	       32 	       30 	       14 	        8
 2920000.000 	    3.620 	        2 	        0 	       14 	       32 	       30 	       14 	        8
 2940000.000 	    3.620 	        2 	        0 	       14 	       32 	       30 	       14 	        8
 2960000.000 	    3.620 	        2 	        0 	       14 	       32 	       30 	       14 	        8
 2980000.000 	    3.620 	        2 	        0 	       14 	       32 	       30 	       14 	        8
 3000000.000 	    3.620 	        2 	        0 	       14 	       32 	       30 	       14 	        8
 3020000.000 	    3.620 	        2 	        0 	       14 	       32 	       30 	       14 	        8
 3040000.000 	    3.620 	        2 	        0 	       14 	       32 	       30 	       14 	        8
 3060000.000 	    3.620 	        2 	        0 	       14 	       32 	       30 	       14 	        8
 3080000.000 	    3.620 	        2 	        0 	       14 	       32 	       30 	       14 	        8
 3100000.000 	    3.620 	        2 	        0 	       14 	       32 	       30 	       14 	        8
 3120000.000 	    3.620 	        2 	        0 	       14 	       32 	       30 	       14 	        8
 3140000.000 	    3.620 	        2 	        0 	       14 	       32 	       30 	       14 	        8
 3160000.000 	    3.620 	        2 	        0 	       14 	       32 	       30 	       14 	        8
 3180000.000 	    3.620 	        2 	        0 	       14 	       32 	       30 	       14 	        8
 3200000.000 	    3.620 	        2 	        0 	       14 	       32 	       30 	       14 	        8
 3220000.000 	    3.620 	        2 	        0 	       14 	       32 	       30 	       14 	        8
 3240000.000 	    3.620 	        2 	        0 	       14 	       32 	       30 	       14 	        8
 3260000.000 	    3.620 	        2 	        0 	       14 	       32 	       30 	       14 	        8
 3280000.000 	    3.620 	        2 	        0 	       14 	       32 	       30 	       14 	        8
 3300000.000 	    3.620 	        2 	        0 	       14 	       32 	       30 	       14 	        8
 3320000.000 	    3.620 	        2 	        0 	       14 	       32 	       30 	       14 	        8
 3340000.000 	    3.620 	        2 	        0 	       14 	       32 	       30 	       14 	        8
 3360000.000 	    3.620 	        2 	        0 	       14 	       32 	       30 	       14 	        8
 3380000.000 	    3.600 	        2 	        0 	       14 	       34 	       28 	       14 	        8
 3400000.000 	    3.600 	        2 	        0 	       14 	       34 	       28 	       14 	        8
 3420000.000 	    3.600 	        2 	        0 	       14 	       34 	       28 	       14 	        8
 3440000.000 	    3.560 	        2 	        2 	       14 	       32 	       28 	       14 	        8
 3460000.000 	    3.580 	        2 	        1 	       14 	       33 	       28 	       14 	        8
 3480000.000 	    3.580 	        2 	        1 	       14 	       33 	       28 	       14 	        8
 3500000.000 	    3.600 	        2 	        1 	       14 	       33 	       26 	       16 	        8
 3520000.000 	    3.620 	        2 	        0 	       14 	       34 	       26 	       16 	        8
 3540000.000 	    3.620 	        2 	        0 	       14 	       34 	       26 	       16 	        8
 3560000.000 	    3.620 	        2 	        0 	       14 	       34 	       26 	       16 	        8
 3580000.000 	    3.640 	        2 	        0 	       13 	       34 	       27 	       16 	        8
 3600000.000 	    3.660 	        2 	        0 	       13 	       32 	       29 	       16 	        8
 3620000.000 	    3.660 	        2 	        0 	       13 	       32 	       29 	       16 	        8
 3640000.000 	    3.660 	        2 	        0 	       13 	       32 	       29 	       16 	        8
 3660000.000 	    3.660 	        2 	        0 	       13 	       32 	       29 	       16 	        8
 3680000.000 	    3.660 	        2 	        0 	       13 	       32 	       29 	       16 	        8
 3700000.000 	    3.660 	        2 	        0 	       13 	       32 	       29 	       16 	        8
 3720000.000 	    3.660 	        2 	        0 	       13 	       32 	       29 	       16 	        8
 3740000.000 	    3.660 	        2 	        0 	       13 	       32 	       29 	       16 	        8
 3760000.000 	    3.660 	        2 	        0 	       13 	       32 	       29 	       16 	        8
 3780000.000 	    3.660 	        2 	        0 	       13 	       32 	       29 	       16 	        8
 3800000.000 	    3.660 	        2 	        0 	       13 	       32 	       29 	       16 	        8
 3820000.000 	    3.640 	        2 	        1 	       13 	       31 	       29 	       16 	        8
 3840000.000 	    3.660 	        2 	        0 	       14 	       30 	       30 	       16 	        8
 3860000.000 	    3.680 	        2 	        0 	       13 	       31 	       29 	       17 	        8
 3880000.000 	    3.680 	        2 	        0 	       13 	       31 	       29 	       17 	        8
 3900000.000 	    3.680 	        2 	        0 	       13 	       31 	       29 	       17 	        8
 3920000.000 	    3.680 	        2 	        0 	       13 	       31 	       29 	       17 	        8
 3940000.000 	    3.680 	        2 	        0 	       13 	       31 	       29 	       17 	        8
 3960000.000 	    3.680 	        2 	        0 	       13 	       31 	       29 	       17 	        8
 3980000.000 	    3.680 	        2 	        0 	       13 	       31 	       29 	       17 	        8
 4000000.000 	    3.720 	        2 	        0 	       12 	       29 	       32 	       17 	        8
 4020000.000 	    3.720 	        2 	        0 	       12 	       29 	       32 	       17 	        8
 4040000.000 	    3.780 	        2 	        0 	       10 	       29 	       32 	       19 	        8
 4060000.000 	    3.780 	        2 	        0 	       10 	       29 	       32 	       19 	        8
 4080000.000 	    3.780 	        2 	        0 	       10 	       29 	       32 	       19 	        8
 4100000.000 	    3.780 	        2 	        0 	       10 	       29 	       32 	       19 	        8
 4120000.000 	    3.780 	        2 	        0 	       10 	       29 	       32 	       19 	        8
 4140000.000 	    3.800 	        2 	        0 	       10 	       27 	       34 	       19 	        8
 4160000.000 	    3.800 	        2 	        0 	       10 	       27 	       34 	       19 	        8
 4180000.000 	    3.800 	        2 	        0 	       10 	       27 	       34 	       19 	        8
 4200000.000 	    3.800 	        2 	        0 	       10 	       27 	       34 	       19 	        8
 4220000.000 	    3.800 	        2 	        0 	       10 	       27 	       34 	       19 	        8
 4240000.000 	    3.800 	        2 	        0 	       10 	       27 	       34 	       19 	        8
 4260000.000 	    3.800 	        2 	        0 	       10 	       27 	       34 	       19 	        8
 4280000.000 	    3.800 	        2 	        0 	       10 	       27 	       34 	       19 	        8
 4300000.000 	    3.800 	        2 	        0 	       10 	       27 	       34 	       19 	        8
 4320000.000 	    3.800 	        2 	        0 	       10 	       27 	       34 	       19 	        8
 4340000.000 	    3.800 	        2 	        0 	       10 	       27 	       34 	       19 	        8
 4360000.000 	    3.800 	        2 	        0 	       10 	       27 	       34 	       19 	        8
 4380000.000 	    3.800 	        2 	        0 	       10 	       27 	       34 	       19 	        8
 4400000.000 	    3.800 	        2 	        0 	       10 	       27 	       34 	       19 	        8
 4420000.000 	    3.800 	        2 	        0 	       10 	       27 	       34 	       19 	        8
 4440000.000 	    3.800 	        2 	        0 	       10 	       27 	       34 	       19 	        8
 4460000.000 	    3.800 	        2 	        0 	       10 	       27 	       34 	       19 	        8
 4480000.000 	    3.800 	        2 	        0 	       10 	       27 	       34 	       19 	        8
 4500000.000 	    3.800 	        2 	        0 	       10 	       27 	       34 	       19 	        8
 4520000.000 	    3.820 	        2 	        0 	        8 	       29 	       34 	       19 	        8
 4540000.000 	    3.820 	        2 	        0 	        8 	       29 	       34 	       19 	        8
 4560000.000 	    3.820 	        2 	        0 	        8 	       29 	       34 	       19 	        8
 4580000.000 	    3.820 	        2 	        0 	        8 	       29 	       34 	       19 	        8
 4600000.000 	    3.800 	        2 	        0 	       10 	       27 	       34 	       19 	        8
 4620000.000 	    3.800 	        2 	        0 	       10 	       27 	       34 	       19 	        8
 4640000.000 	    3.800 	        2 	        0 	       10 	       27 	       34 	       19 	        8
 4660000.000 	    3.800 	        2 	        0 	       10 	       27 	       34 	       19 	        8
 4680000.000 	    3.820 	        2 	        0 	        8 	       29 	       34 	       19 	        8
 4700000.000 	    3.820 	        2 	        0 	        8 	       29 	       34 	       19 	        8
 4720000.000 	    3.820 	        2 	        0 	        8 	       29 	       34 	       19 	        8
 4740000.000 	    3.820 	        2 	        0 	        8 	       29 	       34 	       19 	        8
 4760000.000 	    3.820 	        2 	        0 	        8 	       29 	       34 	       19 	        8
 4780000.000 	    3.820 	        2 	        0 	        8 	       29 	       34 	       19 	        8
 4800000.000 	    3.800 	        2 	        0 	       10 	       27 	       34 	       19 	        8
 4820000.000 	    3.820 	        2 	        0 	        8 	       29 	       34 	       19 	        8
 4840000.000 	    3.840 	        2 	        0 	        8 	       27 	       36 	       19 	        8
 4860000.000 	    3.840 	        2 	        0 	        8 	       27 	       36 	       19 	        8
 4880000.000 	    3.840 	        2 	        0 	        8 	       27 	       36 	       19 	        8
 4900000.000 	    3.840 	        2 	        0 	        8 	       27 	       36 	       19 	        8
 4920000.000 	    3.840 	        2 	        0 	        8 	       27 	       36 	       19 	        8
 4940000.000 	    3.840 	        2 	        0 	        8 	       27 	       36 	       19 	        8
 4960000.000 	    3.840 	        2 	        0 	        8 	       27 	       36 	       19 	        8
 4980000.000 	    3.840 	        2 	        0 	        8 	       27 	       36 	       19 	        8
 5000000.000 	    3.840 	        2 	        0 	        8 	       27 	       36 	       19 	        8
 5020000.000 	    3.840 	        2 	        0 	        8 	       27 	       36 	       19 	        8
 5040000.000 	    3.840 	        2 	        0 	        8 	       27 	       36 	       19 	        8
 5060000.000 	    3.840 	        2 	        0 	        8 	       27 	       36 	       19 	        8
 5080000.000 	    3.840 	        2 	        0 	        8 	       27 	       36 	       19 	        8
 5100000.000 	    3.860 	        2 	        0 	        8 	       27 	       34 	       21 	        8
 5120000.000 	    3.860 	        2 	        0 	        8 	       27 	       34 	       21 	        8
 5140000.000 	    3.860 	        2 	        0 	        8 	       27 	       34 	       21 	        8
 5160000.000 	    3.860 	        2 	        0 	        8 	       27 	       34 	       21 	        8
 5180000.000 	    3.860 	        2 	        0 	        8 	       27 	       34 	       21 	        8
 5200000.000 	    3.860 	        2 	        0 	        8 	       27 	       34 	       21 	        8
 5220000.000 	    3.860 	        2 	        0 	        8 	       27 	       34 	       21 	        8
 5240000.000 	    3.860 	        2 	        0 	        8 	       27 	       34 	       21 	        8
 5260000.000 	    3.860 	        2 	        0 	        8 	       27 	       34 	       21 	        8
 5280000.000 	    3.860 	        2 	        0 	        8 	       27 	       34 	       21 	        8
 5300000.000 	    3.860 	        2 	        0 	        8 	       27 	       34 	       21 	        8
 5320000.000 	    3.860 	        2 	        0 	        8 	       27 	       34 	       21 	        8
 5340000.000 	    3.860 	        2 	        0 	        8 	       27 	       34 	       21 	        8
 5360000.000 	    3.860 	        2 	        0 	        8 	       27 	       34 	       21 	        8
 5380000.000 	    3.860 	        2 	        0 	        8 	       27 	       34 	       21 	        8
 5400000.000 	    3.860 	        2 	        0 	        8 	       27 	       34 	       21 	        8
 5420000.000 	    3.860 	        2 	        0 	        8 	       27 	       34 	       21 	        8
 5440000.000 	    3.860 	        2 	        0 	        8 	       27 	       34 	       21 	        8
 5460000.000 	    3.860 	        2 	        0 	        8 	       27 	       34 	       21 	        8
 5480000.000 	    3.860 	        2 	        0 	        8 	       27 	       34 	       21 	        8
 5500000.000 	    3.860 	        2 	        0 	        8 	       27 	       34 	       21 	        8
 5520000.000 	    3.860 	        2 	        0 	        8 	       27 	       34 	       21 	        8
 5540000.000 	    3.860 	        2 	        0 	        8 	       27 	       34 	       21 	        8
 5560000.000 	    3.860 	        2 	        0 	        8 	       27 	       34 	       21 	        8
 5580000.000 	    3.860 	        2 	        0 	        8 	       27 	       34 	       21 	        8
 5600000.000 	    3.860 	        2 	        0 	        8 	       27 	       34 	       21 	        8
 5620000.000 	    3.860 	        2 	        0 	        8 	       27 	       34 	       21 	        8
 5640000.000 	    3.860 	        2 	        0 	        8 	       27 	       34 	       21 	        8
 5660000.000 	    3.860 	        2 	        0 	        8 	       27 	       34 	       21 	        8
 5680000.000 	    3.860 	        2 	        0 	        8 	       27 	       34 	       21 	        8
 5700000.000 	    3.860 	        2 	        0 	        8 	       27 	       34 	       21 	        8
 5720000.000 	    3.860 	        2 	        0 	        8 	       27 	       34 	       21 	        8
 5740000.000 	    3.860 	        2 	        0 	        8 	       27 	       34 	       21 	        8
 5760000.000 	    3.860 	        2 	        0 	        8 	       27 	       34 	       21 	        8
 5780000.000 	    3.860 	        2 	        0 	        8 	       27 	       34 	       21 	        8
 5800000.000 	    3.860 	        2 	        0 	        8 	       27 	       34 	       21 	        8
 5820000.000 	    3.860 	        2 	        0 	        8 	       27 	       34 	       21 	        8
 5840000.000 	    3.880 	        1 	        1 	        8 	       26 	       35 	       21 	        8
 5860000.000 	    3.880 	        1 	        1 	        8 	       26 	       35 	       21 	        8
 5880000.000 	    3.880 	        1 	        1 	        8 	       26 	       35 	       21 	        8
 5900000.000 	    3.880 	        1 	        1 	        8 	       26 	       35 	       21 	        8
 5920000.000 	    3.900 	        1 	        0 	        9 	       26 	       34 	       22 	        8
 5940000.000 	    3.900 	        1 	        0 	        9 	       26 	       34 	       22 	        8
 5960000.000 	    3.900 	        1 	        0 	        9 	       26 	       34 	       22 	        8
 5980000.000 	    3.900 	        1 	        0 	        9 	       26 	       34 	       22 	        8
 6000000.000 	    3.900 	        1 	        0 	        9 	       26 	       34 	       22 	        8
 6020000.000 	    3.900 	        1 	        0 	        9 	       26 	       34 	       22 	        8
 6040000.000 	    3.900 	        1 	        0 	        9 	       26 	       34 	       22 	        8
 6060000.000 	    3.900 	        1 	        0 	        9 	       26 	       34 	       22 	        8
 6080000.000 	    3.900 	        1 	        0 	        9 	       26 	       34 	       22 	        8
 6100000.000 	    3.900 	        1 	        0 	        9 	       26 	       34 	       22 	        8
 6120000.000 	    3.900 	        1 	        0 	        9 	       26 	       34 	       22 	        8
 6140000.000 	    3.900 	        1 	        0 	        9 	       26 	       34 	       22 	        8
 6160000.000 	    3.900 	        1 	        0 	        9 	       26 	       34 	       22 	        8
 6180000.000 	    3.900 	        1 	        0 	        9 	       26 	       34 	       22 	        8
 6200000.000 	    3.900 	        1 	        0 	        9 	       26 	       34 	       22 	        8
 6220000.000 	    3.900 	        1 	        0 	        9 	       26 	       34 	       22 	        8
 6240000.000 	    3.900 	        1 	        0 	        9 	       26 	       34 	       22 	        8
 6260000.000 	    3.900 	        1 	        0 	        9 	       26 	       34 	       22 	        8
 6280000.000 	    3.900 	        1 	        0 	        9 	       26 	       34 	       22 	        8
 6300000.000 	    3.900 	        1 	        0 	        9 	       26 	       34 	       22 	        8
 6320000.000 	    3.900 	        1 	        0 	        9 	       26 	       34 	       22 	        8
 6340000.000 	    3.900 	        1 	        0 	        9 	       26 	       34 	       22 	        8
 6360000.000 	    3.900 	        1 	        0 	        9 	       26 	       34 	       22 	        8
 6380000.000 	    3.900 	        1 	        0 	        9 	       26 	       34 	       22 	        8
 6400000.000 	    3.900 	        1 	        0 	        9 	       26 	       34 	       22 	        8
 6420000.000 	    3.900 	        1 	        0 	        9 	       26 	       34 	       22 	        8
 6440000.000 	    3.900 	        1 	        0 	        9 	       26 	       34 	       22 	        8
 6460000.000 	    3.900 	        1 	        0 	        9 	       26 	       34 	       22 	        8
 6480000.000 	    3.900 	        1 	        0 	        9 	       26 	       34 	       22 	        8
 6500000.000 	    3.900 	        1 	        0 	        9 	       26 	       34 	       22 	        8
 6520000.000 	    3.900 	        1 	        0 	        9 	       26 	       34 	       22 	        8
 6540000.000 	    3.900 	        1 	        0 	        9 	       26 	       34 	       22 	        8
 6560000.000 	    3.900 	        1 	        0 	        9 	       26 	       34 	       22 	        8
 6580000.000 	    3.900 	        1 	        0 	        9 	       26 	       34 	       22 	        8
 6600000.000 	    3.900 	        1 	        0 	        9 	       26 	       34 	       22 	        8
 6620000.000 	    3.900 	        1 	        0 	        9 	       26 	       34 	       22 	        8
 6640000.000 	    3.900 	        1 	        0 	        9 	       26 	       34 	       22 	        8
 6660000.000 	    3.900 	        1 	        0 	        9 	       26 	       34 	       22 	        8
 6680000.000 	    3.900 	        1 	        0 	        9 	       26 	       34 	       22 	        8
 6700000.000 	    3.900 	        1 	        0 	        9 	       26 	       34 	       22 	        8
 6720000.000 	    3.900 	        1 	        0 	        9 	       26 	       34 	       22 	        8
 6740000.000 	    3.900 	        1 	        0 	        9 	       26 	       34 	       22 	        8
 6760000.000 	    3.900 	        1 	        0 	        9 	       26 	       34 	       22 	        8
 6780000.000 	    3.900 	        1 	        0 	        9 	       26 	       34 	       22 	        8
 6800000.000 	    3.900 	        1 	        0 	        9 	       26 	       34 	       22 	        8
 6820000.000 	    3.900 	        1 	        0 	        9 	       26 	       34 	       22 	        8
 6840000.000 	    3.900 	        1 	        0 	        9 	       26 	       34 	       22 	        8
 6860000.000 	    3.900 	        1 	        0 	        9 	       26 	       34 	       22 	        8
 6880000.000 	    3.900 	        1 	        0 	        9 	       26 	       34 	       22 	        8
 6900000.000 	    3.900 	        1 	        0 	        9 	       26 	       34 	       22 	        8
 6920000.000 	    3.900 	        1 	        0 	        9 	       26 	       34 	       22 	        8
 6940000.000 	    3.900 	        1 	        0 	        9 	       26 	       34 	       22 	        8
 6960000.000 	    3.900 	        1 	        0 	        9 	       26 	       34 	       22 	        8
 6980000.000 	    3.900 	        1 	        0 	        9 	       26 	       34 	       22 	        8
 7000000.000 	    3.900 	        1 	        0 	        9 	       26 	       34 	       22 	        8
 7020000.000 	    3.920 	        1 	        0 	        9 	       25 	       34 	       23 	        8
 7040000.000 	    3.920 	        1 	        0 	        9 	       25 	       34 	       23 	        8
 7060000.000 	    3.920 	        1 	        0 	        9 	       25 	       34 	       23 	        8
 7080000.000 	    3.920 	        1 	        0 	        9 	       25 	       34 	       23 	        8
 7100000.000 	    3.920 	        1 	        0 	        9 	       25 	       34 	       23 	        8
 7120000.000 	    3.920 	        1 	        0 	        9 	       25 	       34 	       23 	        8
 7140000.000 	    3.920 	        1 	        0 	        9 	       25 	       34 	       23 	        8
 7160000.000 	    3.920 	        1 	        0 	        9 	       25 	       34 	       23 	        8
 7180000.000 	    3.920 	        1 	        0 	        9 	       25 	       34 	       23 	        8
 7200000.000 	    3.920 	        1 	        0 	        9 	       25 	       34 	       23 	        8
 7220000.000 	    3.920 	        1 	        0 	        9 	       25 	       34 	       23 	        8
 7240000.000 	    3.940 	        0 	        1 	        9 	       24 	       35 	       23 	        8
 7260000.000 	    3.940 	        0 	        1 	        9 	       24 	       35 	       23 	        8
 7280000.000 	    3.940 	        0 	        1 	        9 	       24 	       35 	       23 	        8
 7300000.000 	    3.940 	        0 	        1 	        9 	       24 	       35 	       23 	        8
 7320000.000 	    3.940 	        0 	        1 	        9 	       24 	       35 	       23 	        8
 7340000.000 	    3.940 	        0 	        1 	        9 	       24 	       35 	       23 	        8
 7360000.000 	    3.940 	        0 	        1 	        9 	       24 	       35 	       23 	        8
 7380000.000 	    3.940 	        0 	        1 	        9 	       24 	       35 	       23 	        8
 7400000.000 	    3.940 	        0 	        1 	        9 	       24 	       35 	       23 	        8
 7420000.000 	    3.940 	        0 	        1 	        9 	       24 	       35 	       23 	        8
 7440000.000 	    3.940 	        0 	        1 	        9 	       24 	       35 	       23 	        8
 7460000.000 	    3.940 	        0 	        1 	        9 	       24 	       35 	       23 	        8
 7480000.000 	    3.920 	        1 	        0 	        9 	       25 	       34 	       23 	        8
 7500000.000 	    3.940 	        0 	        1 	        9 	       24 	       35 	       23 	        8
 7520000.000 	    3.940 	        0 	        1 	        9 	       24 	       35 	       23 	        8
 7540000.000 	    3.940 	        0 	        1 	        9 	       24 	       35 	       23 	        8
 7560000.000 	    3.940 	        0 	        1 	        9 	       24 	       35 	       23 	        8
 7580000.000 	    3.940 	        0 	        1 	        9 	       24 	       35 	       23 	        8
 7600000.000 	    3.960 	        0 	        0 	        9 	       25 	       35 	       23 	        8
 7620000.000 	    3.960 	        0 	        0 	        9 	       25 	       35 	       23 	        8
 7640000.000 	    3.960 	        0 	        0 	        9 	       25 	       35 	       23 	        8
 7660000.000 	    3.960 	        0 	        0 	        9 	       25 	       35 	       23 	        8
 7680000.000 	    3.960 	        0 	        0 	        9 	       25 	       35 	       23 	        8
 7700000.000 	    3.960 	        0 	        0 	        9 	       25 	       35 	       23 	        8
 7720000.000 	    3.960 	        0 	        0 	        9 	       25 	       35 	       23 	        8
 7740000.000 	    3.960 	        0 	        0 	        9 	       25 	       35 	       23 	        8
 7760000.000 	    3.960 	        0 	        0 	        9 	       25 	       35 	       23 	        8
 7780000.000 	    3.960 	        0 	        0 	        9 	       25 	       35 	       23 	        8
 7800000.000 	    3.960 	        0 	        0 	        9 	       25 	       35 	       23 	        8
 7820000.000 	    3.960 	        0 	        0 	        9 	       25 	       35 	       23 	        8
 7840000.000 	    3.960 	        0 	        0 	        9 	       25 	       35 	       23 	        8
 7860000.000 	    3.960 	        0 	        0 	        9 	       25 	       35 	       23 	        8
 7880000.000 	    3.960 	        0 	        0 	        9 	       25 	       35 	       23 	        8
 7900000.000 	    3.960 	        0 	        0 	        9 	       25 	       35 	       23 	        8
 7920000.000 	    3.960 	        0 	        0 	        9 	       25 	       35 	       23 	        8
 7940000.000 	    3.960 	        0 	        0 	        9 	       25 	       35 	       23 	        8
 7960000.000 	    3.960 	        0 	        0 	        9 	       25 	       35 	       23 	        8
 7980000.000 	    3.960 	        0 	        0 	        9 	       25 	       35 	       23 	        8
 8000000.000 	    3.960 	        0 	        0 	        9 	       25 	       35 	       23 	        8
 8020000.000 	    3.960 	        0 	        0 	        9 	       25 	       35 	       23 	        8
 8040000.000 	    3.960 	        0 	        0 	        9 	       25 	       35 	       23 	        8
 8060000.000 	    3.960 	        0 	        0 	        9 	       25 	       35 	       23 	        8
 8080000.000 	    3.960 	        0 	        0 	        9 	       25 	       35 	       23 	        8
 8100000.000 	    3.960 	        0 	        0 	        9 	       25 	       35 	       23 	        8
 8120000.000 	    3.960 	        0 	        0 	        9 	       25 	       35 	       23 	        8
 8140000.000 	    3.960 	        0 	        0 	        9 	       25 	       35 	       23 	        8
 8160000.000 	    3.960 	        0 	        0 	        9 	       25 	       35 	       23 	        8
 8180000.000 	    3.960 	        0 	        0 	        9 	       25 	       35 	       23 	        8
 8200000.000 	    3.960 	        0 	        0 	        9 	       25 	       35 	       23 	        8
 8220000.000 	    3.960 	        0 	        0 	        9 	       25 	       35 	       23 	        8
 8240000.000 	    3.960 	        0 	        0 	        9 	       25 	       35 	       23 	        8
 8260000.000 	    3.960 	        0 	        0 	        9 	       25 	       35 	       23 	        8
 8280000.000 	    3.960 	        0 	        0 	        9 	       25 	       35 	       23 	        8
 8300000.000 	    3.960 	        0 	        0 	        9 	       25 	       35 	       23 	        8
 8320000.000 	    3.960 	        0 	        0 	        9 	       25 	       35 	       23 	        8
 8340000.000 	    3.960 	        0 	        0 	        9 	       25 	       35 	       23 	        8
 8360000.000 	    3.960 	        0 	        0 	        9 	       25 	       35 	       23 	        8
 8380000.000 	    3.960 	        0 	        0 	        9 	       25 	       35 	       23 	        8
 8400000.000 	    3.960 	        0 	        0 	        9 	       25 	       35 	       23 	        8
 8420000.000 	    3.960 	        0 	        0 	        9 	       25 	       35 	       23 	        8
 8440000.000 	    3.960 	        0 	        0 	        9 	       25 	       35 	       23 	        8
 8460000.000 	    3.960 	        0 	        0 	        9 	       25 	       35 	       23 	        8
 8480000.000 	    3.960 	        0 	        0 	        9 	       25 	       35 	       23 	        8
 8500000.000 	    3.960 	        0 	        0 	        9 	       25 	       35 	       23 	        8
 8520000.000 	    3.960 	        0 	        0 	        9 	       25 	       35 	       23 	        8
 8540000.000 	    3.960 	        0 	        0 	        9 	       25 	       35 	       23 	        8
 8560000.000 	    3.960 	        0 	        0 	        9 	       25 	       35 	       23 	        8
 8580000.000 	    3.960 	        0 	        0 	        9 	       25 	       35 	       23 	        8
 8600000.000 	    3.960 	        0 	        0 	        9 	       25 	       35 	       23 	        8
 8620000.000 	    3.960 	        0 	        0 	        9 	       25 	       35 	       23 	        8
 8640000.000 	    3.960 	        0 	        0 	        9 	       25 	       35 	       23 	        8
 8660000.000 	    3.940 	        0 	        1 	        8 	       26 	       34 	       23 	        8
 8680000.000 	    3.960 	        0 	        0 	        9 	       25 	       35 	       23 	        8
 8700000.000 	    3.960 	        0 	        0 	        9 	       25 	       35 	       23 	        8
 8720000.000 	    3.960 	        0 	        0 	        9 	       25 	       35 	       23 	        8
 8740000.000 	    3.960 	        0 	        0 	        9 	       25 	       35 	       23 	        8
 8760000.000 	    3.960 	        0 	        0 	        9 	       25 	       35 	       23 	        8
 8780000.000 	    3.960 	        0 	        0 	        9 	       25 	       35 	       23 	        8
 8800000.000 	    3.960 	        0 	        0 	        9 	       25 	       35 	       23 	        8
 8820000.000 	    3.960 	        0 	        0 	        9 	       25 	       35 	       23 	        8
 8840000.000 	    3.960 	        0 	        0 	        9 	       25 	       35 	       23 	        8
 8860000.000 	    3.960 	        0 	        0 	        9 	       25 	       35 	       23 	        8
 8880000.000 	    3.960 	        0 	        0 	        9 	       25 	       35 	       23 	        8
 8900000.000 	    3.960 	        0 	        0 	        9 	       25 	       35 	       23 	        8
 8920000.000 	    3.960 	        0 	        0 	        9 	       25 	       35 	       23 	        8
 8940000.000 	    3.960 	        0 	        0 	        9 	       25 	       35 	       23 	        8
 8960000.000 	    3.940 	        0 	        1 	        8 	       26 	       34 	       23 	        8
 8980000.000 	    3.940 	        0 	        1 	        8 	       26 	       34 	       23 	        8
 9000000.000 	    3.940 	        0 	        1 	        8 	       26 	       34 	       23 	        8
 9020000.000 	    3.960 	        0 	        0 	        9 	       25 	       35 	       23 	        8
 9040000.000 	    3.960 	        0 	        0 	        9 	       25 	       35 	       23 	        8
 9060000.000 	    3.960 	        0 	        0 	        9 	       25 	       35 	       23 	        8
 9080000.000 	    3.960 	        0 	        0 	        9 	       25 	       35 	       23 	        8
 9100000.000 	    3.960 	        0 	        0 	        9 	       25 	       35 	       23 	        8
 9120000.000 	    3.960 	        0 	        0 	        9 	       25 	       35 	       23 	        8
 9140000.000 	    3.960 	        0 	        0 	        9 	       25 	       35 	       23 	        8
 9160000.000 	    3.960 	        0 	        0 	        9 	       25 	       35 	       23 	        8
 9180000.000 	    3.960 	        0 	        0 	        9 	       25 	       35 	       23 	        8
 9200000.000 	    3.960 	        0 	        0 	        9 	       25 	       35 	       23 	        8
 9220000.000 	    3.960 	        0 	        0 	        9 	       25 	       35 	       23 	        8
 9240000.000 	    3.960 	        0 	        0 	        9 	       25 	       35 	       23 	        8
 9260000.000 	    3.960 	        0 	        0 	        9 	       25 	       35 	       23 	        8
 9280000.000 	    3.960 	        0 	        0 	        9 	       25 	       35 	       23 	        8
 9300000.000 	    3.940 	        0 	        0 	       10 	       24 	       36 	       22 	        8
 9320000.000 	    3.960 	        0 	        0 	        9 	       25 	       35 	       23 	        8
 9340000.000 	    3.960 	        0 	        0 	        9 	       25 	       35 	       23 	        8
 9360000.000 	    3.960 	        0 	        0 	        9 	       25 	       35 	       23 	        8
 9380000.000 	    3.960 	        0 	        0 	        9 	       25 	       35 	       23 	        8
 9400000.000 	    3.960 	        0 	        0 	        9 	       25 	       35 	       23 	        8
 9420000.000 	    3.960 	        0 	        0 	        9 	       25 	       35 	       23 	        8
 9440000.000 	    3.960 	        0 	        0 	        9 	       25 	       35 	       23 	        8
 9460000.000 	    3.960 	        0 	        0 	        9 	       25 	       35 	       23 	        8
 9480000.000 	    3.960 	        0 	        0 	        9 	       25 	       35 	       23 	        8
 9500000.000 	    3.960 	        0 	        0 	        9 	       25 	       35 	       23 	        8
 9520000.000 	    3.960 	        0 	        0 	        9 	       25 	       35 	       23 	        8
 9540000.000 	    3.960 	        0 	        0 	        9 	       25 	       35 	       23 	        8
 9560000.000 	    3.960 	        0 	        0 	        9 	       25 	       35 	       23 	        8
 9580000.000 	    3.960 	        0 	        0 	        9 	       25 	       35 	       23 	        8
 9600000.000 	    3.960 	        0 	        0 	        9 	       25 	       35 	       23 	        8
 9620000.000 	    3.960 	        0 	        0 	        9 	       25 	       35 	       23 	        8
 9640000.000 	    3.960 	        0 	        0 	        9 	       25 	       35 	       23 	        8
 9660000.000 	    3.960 	        0 	        0 	        9 	       25 	       35 	       23 	        8
 9680000.000 	    3.960 	        0 	        0 	        9 	       25 	       35 	       23 	        8
 9700000.000 	    3.960 	        0 	        0 	        9 	       25 	       35 	       23 	        8
 9720000.000 	    3.960 	        0 	        0 	        9 	       25 	       35 	       23 	        8
 9740000.000 	    3.960 	        0 	        0 	        9 	       25 	       35 	       23 	        8
 9760000.000 	    3.960 	        0 	        0 	        9 	       25 	       35 	       23 	        8
 9780000.000 	    3.960 	        0 	        0 	        9 	       25 	       35 	       23 	        8
 9800000.000 	    3.960 	        0 	        0 	        9 	       25 	       35 	       23 	        8
 9820000.000 	    3.960 	        0 	        0 	        9 	       25 	       35 	       23 	        8
 9840000.000 	    3.960 	        0 	        0 	        9 	       25 	       35 	       23 	        8
 9860000.000 	    3.960 	        0 	        0 	        9 	       25 	       35 	       23 	        8
 9880000.000 	    3.960 	        0 	        0 	        9 	       25 	       35 	       23 	        8
 9900000.000 	    3.960 	        0 	        0 	        9 	       25 	       35 	       23 	        8
 9920000.000 	    3.960 	        0 	        0 	        9 	       25 	       35 	       23 	        8
 9940000.000 	    3.960 	        0 	        0 	        9 	       25 	       35 	       23 	        8
 9960000.000 	    3.960 	        0 	        0 	        9 	       25 	       35 	       23 	        8
 9980000.000 	    3.960 	        0 	        0 	        9 	       25 	       35 	       23 	        8
10000000.000 	    3.960 	        0 	        0 	        9 	       25 	       35 	       23 	        8
