       0.000 	      100 	        1
   20000.000 	       98 	        2
   40000.000 	       96 	        2
   60000.000 	       88 	        2
   80000.000 	       84 	        3
  100000.000 	       72 	        4
  120000.000 	       69 	        4
  140000.000 	       63 	        4
  160000.000 	       57 	        4
  180000.000 	       51 	        6
  200000.000 	       47 	        6
  220000.000 	       39 	        7
  240000.000 	       39 	        7
  260000.000 	       37 	        7
  280000.000 	       33 	        7
  300000.000 	       30 	        8
  320000.000 	       31 	        8
  340000.000 	       33 	        8
  360000.000 	       30 	        8
  380000.000 	       26 	        9
  400000.000 	       29 	        9
  420000.000 	       25 	       10
  440000.000 	       26 	       10
  460000.000 	       25 	       10
  480000.000 	       24 	       10
  500000.000 	       23 	       10
  520000.000 	       25 	       10
  540000.000 	       27 	       10
  560000.000 	       25 	       10
  580000.000 	       23 	       10
  600000.000 	       23 	       10
  620000.000 	       19 	       11
  640000.000 	       22 	       10
  660000.000 	       18 	       11
  680000.000 	       19 	       12
  700000.000 	       20 	       13
  720000.000 	       20 	       11
  740000.000 	       19 	       13
  760000.000 	       21 	       12
  780000.000 	       16 	       13
  800000.000 	       17 	       13
  820000.000 	       19 	       13
  840000.000 	       18 	       13
  860000.000 	       17 	       13
  880000.000 	       15 	       13
  900000.000 	       16 	       13
  920000.000 	       17 	       13
  940000.000 	       17 	       13
  960000.000 	       17 	       13
  980000.000 	       17 	       13
 1000000.000 	       17 	       13
 1020000.000 	       14 	       20
 1040000.000 	       15 	       18
 1060000.000 	       12 	       20
 1080000.000 	       12 	       20
 1100000.000 	       11 	       20
 1120000.000 	       11 	       20
 1140000.000 	       14 	       20
 1160000.000 	       12 	       20
 1180000.000 	       12 	       20
 1200000.000 	       10 	       20
 1220000.000 	       13 	       20
 1240000.000 	       15 	       16
 1260000.000 	       11 	       20
 1280000.000 	       13 	       20
 1300000.000 	       12 	       20
 1320000.000 	       12 	       20
 1340000.000 	       15 	       17
 1360000.000 	       12 	       20
 1380000.000 	       11 	       20
 1400000.000 	       11 	       20
 1420000.000 	       11 	       20
 1440000.000 	       12 	       20
 1460000.000 	       13 	       20
 1480000.000 	       12 	       20
 1500000.000 	       12 	       20
 1520000.000 	       11 	       20
 1540000.000 	       11 	       20
 1560000.000 	       13 	       16
 1580000.000 	        9 	       20
 1600000.000 	       13 	       16
 1620000.000 	        9 	       20
 1640000.000 	       11 	       16
 1660000.000 	       13 	       16
 1680000.000 	       11 	       20
 1700000.000 	        9 	       20
 1720000.000 	       12 	       16
 1740000.000 	       12 	       20
 1760000.000 	       11 	       20
 1780000.000 	       13 	       20
 1800000.000 	       10 	       20
 1820000.000 	       10 	       20
 1840000.000 	       10 	       16
 1860000.000 	       12 	       20
 1880000.000 	        9 	       20
 1900000.000 	       10 	       20
 1920000.000 	        9 	       20
 1940000.000 	       10 	       20
 1960000.000 	       10 	       20
 1980000.000 	        9 	       20
 2000000.000 	        9 	       20
 2020000.000 	       10 	       20
 2040000.000 	       10 	       20
 2060000.000 	       10 	       20
 2080000.000 	       10 	       20
 2100000.000 	       10 	       20
 2120000.000 	       10 	       20
 2140000.000 	       10 	       20
 2160000.000 	       10 	       20
 2180000.000 	       12 	       20
 2200000.000 	       11 	       20
 2220000.000 	       10 	       20
 2240000.000 	       10 	       20
 2260000.000 	        9 	       20
 2280000.000 	       10 	       20
 2300000.000 	       10 	       20
 2320000.000 	       10 	       20
 2340000.000 	       10 	       20
 2360000.000 	        9 	       20
 2380000.000 	       11 	       20
 2400000.000 	        9 	       20
 2420000.000 	       10 	       20
 2440000.000 	        9 	       20
 2460000.000 	        8 	       36
 2480000.000 	        9 	       34
 2500000.000 	        9 	       26
 2520000.000 	        9 	       36
 2540000.000 	        9 	       36
 2560000.000 	        8 	       36
 2580000.000 	        8 	       36
 2600000.000 	        8 	       36
 2620000.000 	       11 	       22
 2640000.000 	        8 	       36
 2660000.000 	        8 	       36
 2680000.000 	        9 	       36
 2700000.000 	        9 	       36
 2720000.000 	        8 	       36
 2740000.000 	        8 	       36
 2760000.000 	        8 	       36
 2780000.000 	       10 	       36
 2800000.000 	        8 	       36
 2820000.000 	        8 	       36
 2840000.000 	        8 	       36
 2860000.000 	        8 	       36
 2880000.000 	        8 	       36
 2900000.000 	       10 	       36
 2920000.000 	        9 	       36
 2940000.000 	       10 	       36
 2960000.000 	        8 	       36
 2980000.000 	        9 	       19
 3000000.000 	       10 	       33
 3020000.000 	       10 	       23
 3040000.000 	        8 	       36
 3060000.000 	        8 	       36
 3080000.000 	        8 	       36
 3100000.000 	        8 	       36
 3120000.000 	        9 	       30
 3140000.000 	        8 	       36
 3160000.000 	       10 	       36
 3180000.000 	        9 	       19
 3200000.000 	       10 	       36
 3220000.000 	        8 	       36
 3240000.000 	       10 	       22
 3260000.000 	        9 	       36
 3280000.000 	        8 	       36
 3300000.000 	        7 	       36
 3320000.000 	        8 	       36
 3340000.000 	        9 	       36
 3360000.000 	        7 	       36
 3380000.000 	        8 	       36
 3400000.000 	        7 	       33
 3420000.000 	        7 	       47
 3440000.000 	        7 	       27
 3460000.000 	        7 	       29
 3480000.000 	        7 	       41
 3500000.000 	        7 	       46
 3520000.000 	        5 	       47
 3540000.000 	        9 	       26
 3560000.000 	        6 	       25
 3580000.000 	        6 	       47
 3600000.000 	        6 	       47
 3620000.000 	        5 	       47
 3640000.000 	        5 	       47
 3660000.000 	        8 	       43
 3680000.000 	        8 	       25
 3700000.000 	        6 	       29
 3720000.000 	        9 	       46
 3740000.000 	        6 	       47
 3760000.000 	        7 	       47
 3780000.000 	        6 	       29
 3800000.000 	        6 	       47
 3820000.000 	        6 	       47
 3840000.000 	        7 	       38
 3860000.000 	        5 	       47
 3880000.000 	        5 	       47
 3900000.000 	        6 	       46
 3920000.000 	        5 	       47
 3940000.000 	        6 	       44
 3960000.000 	        5 	       47
 3980000.000 	        7 	       33
 4000000.000 	        7 	       26
 4020000.000 	        5 	       47
 4040000.000 	        5 	       47
 4060000.000 	        5 	       47
 4080000.000 	        5 	       47
 4100000.000 	        5 	       47
 4120000.000 	        7 	       25
 4140000.000 	        7 	       25
 4160000.000 	        5 	       47
 4180000.000 	        6 	       47
 4200000.000 	        7 	       47
 4220000.000 	        6 	       47
 4240000.000 	        7 	       26
 4260000.000 	        7 	       38
 4280000.000 	        5 	       47
 4300000.000 	        6 	       46
 4320000.000 	        6 	       47
 4340000.000 	        7 	       46
 4360000.000 	        6 	       25
 4380000.000 	        5 	       47
 4400000.000 	        5 	       47
 4420000.000 	        8 	       25
 4440000.000 	        7 	       26
 4460000.000 	        5 	       47
 4480000.000 	        7 	       25
 4500000.000 	        6 	       25
 4520000.000 	        5 	       47
 4540000.000 	        5 	       47
 4560000.000 	        5 	       47
 4580000.000 	        5 	       47
 4600000.000 	        6 	       45
 4620000.000 	        6 	       25
 4640000.000 	        6 	       34
 4660000.000 	        6 	       47
 4680000.000 	        6 	       26
 4700000.000 	        5 	       47
 4720000.000 	        5 	       47
 4740000.000 	        5 	       47
 4760000.000 	        7 	       26
 4780000.000 	        7 	       26
 4800000.000 	        7 	       46
 4820000.000 	        5 	       47
 4840000.000 	        7 	       41
 4860000.000 	        7 	       25
 4880000.000 	        6 	       46
 4900000.000 	        7 	       39
 4920000.000 	        5 	       47
 4940000.000 	        5 	       47
 4960000.000 	        6 	       46
 4980000.000 	        7 	       25
 5000000.000 	        5 	       47
 5020000.000 	        5 	       47
 5040000.000 	        6 	       47
 5060000.000 	        5 	       47
 5080000.000 	        5 	       47
 5100000.000 	        5 	       47
 5120000.000 	        6 	       47
 5140000.000 	        5 	       47
 5160000.000 	        5 	       47
 5180000.000 	        5 	       47
 5200000.000 	        6 	       47
 5220000.000 	        8 	       46
 5240000.000 	        6 	       47
 5260000.000 	        5 	       47
 5280000.000 	        6 	       47
 5300000.000 	        6 	       26
 5320000.000 	        7 	       25
 5340000.000 	        6 	       47
 5360000.000 	        5 	       47
 5380000.000 	        5 	       47
 5400000.000 	        5 	       47
 5420000.000 	        7 	       41
 5440000.000 	        5 	       47
 5460000.000 	        6 	       25
 5480000.000 	        8 	       25
 5500000.000 	        7 	       25
 5520000.000 	        5 	       47
 5540000.000 	        5 	       47
 5560000.000 	        9 	       23
 5580000.000 	        6 	       47
 5600000.000 	        8 	       46
 5620000.000 	        6 	       46
 5640000.000 	        6 	       33
 5660000.000 	        5 	       47
 5680000.000 	        6 	       46
 5700000.000 	        5 	       47
 5720000.000 	        9 	       28
 5740000.000 	        5 	       47
 5760000.000 	        5 	       47
 5780000.000 	        7 	       25
 5800000.000 	        6 	       46
 5820000.000 	        5 	       47
 5840000.000 	        5 	       47
 5860000.000 	        6 	       25
 5880000.000 	        6 	       51
 5900000.000 	        6 	       25
 5920000.000 	        6 	       25
 5940000.000 	        6 	       28
 5960000.000 	        4 	       53
 5980000.000 	        4 	       53
 6000000.000 	        4 	       53
 6020000.000 	        5 	       28
 6040000.000 	        4 	       53
 6060000.000 	        6 	       29
 6080000.000 	        4 	       53
 6100000.000 	        5 	       46
 6120000.000 	        6 	       53
 6140000.000 	        4 	       53
 6160000.000 	        5 	       52
 6180000.000 	        4 	       53
 6200000.000 	        4 	       53
 6220000.000 	        6 	       26
 6240000.000 	        4 	       53
 6260000.000 	        4 	       53
 6280000.000 	        4 	       53
 6300000.000 	        4 	       53
 6320000.000 	        4 	       53
 6340000.000 	        5 	       52
 6360000.000 	        4 	       53
 6380000.000 	        5 	       39
 6400000.000 	        4 	       53
 6420000.000 	        4 	       53
 6440000.000 	        5 	       53
 6460000.000 	        5 	       33
 6480000.000 	        5 	       53
 6500000.000 	        4 	       53
 6520000.000 	        4 	       53
 6540000.000 	        5 	       53
 6560000.000 	        4 	       53
 6580000.000 	        4 	       53
 6600000.000 	        4 	       53
 6620000.000 	        5 	       53
 6640000.000 	        6 	       37
 6660000.000 	        6 	       46
 6680000.000 	        6 	       46
 6700000.000 	        5 	       53
 6720000.000 	        5 	       52
 6740000.000 	        4 	       53
 6760000.000 	        4 	       53
 6780000.000 	        4 	       53
 6800000.000 	        5 	       38
 6820000.000 	        5 	       49
 6840000.000 	        5 	       40
 6860000.000 	        5 	       47
 6880000.000 	        5 	       33
 6900000.000 	        5 	       52
 6920000.000 	        7 	       29
 6940000.000 	        4 	       53
 6960000.000 	        4 	       53
 6980000.000 	        6 	       48
 7000000.000 	        4 	       53
 7020000.000 	        5 	       39
 7040000.000 	        5 	       47
 7060000.000 	        4 	       53
 7080000.000 	        5 	       33
 7100000.000 	        5 	       53
 7120000.000 	        4 	       53
 7140000.000 	        5 	       53
 7160000.000 	        5 	       39
 7180000.000 	        5 	       39
 7200000.000 	        4 	       53
 7220000.000 	        6 	       33
 7240000.000 	        5 	       52
 7260000.000 	        4 	       53
 7280000.000 	        5 	       48
 7300000.000 	        4 	       53
 7320000.000 	        5 	       53
 7340000.000 	        4 	       53
 7360000.000 	        5 	       47
 7380000.000 	        4 	       53
 7400000.000 	        4 	       53
 7420000.000 	        4 	       53
 7440000.000 	        4 	       53
 7460000.000 	        4 	       53
 7480000.000 	        4 	       53
 7500000.000 	        5 	       53
 7520000.000 	        3 	       60
 7540000.000 	        6 	       25
 7560000.000 	        3 	       60
 7580000.000 	        3 	       60
 7600000.000 	        4 	       60
 7620000.000 	        3 	       60
 7640000.000 	        3 	       60
 7660000.000 	        4 	       60
 7680000.000 	        4 	       36
 7700000.000 	        3 	       60
 7720000.000 	        4 	       60
 7740000.000 	        3 	       60
 7760000.000 	        3 	       60
 7780000.000 	        4 	       60
 7800000.000 	        4 	       60
 7820000.000 	        3 	       60
 7840000.000 	        5 	       59
 7860000.000 	        4 	       59
 7880000.000 	        4 	       74
 7900000.000 	        2 	       75
 7920000.000 	        2 	       75
 7940000.000 	        2 	       75
 7960000.000 	        2 	       75
 7980000.000 	        2 	       75
 8000000.000 	        4 	       75
 8020000.000 	        4 	       46
 8040000.000 	        2 	       75
 8060000.000 	        2 	       75
 8080000.000 	        3 	       48
 8100000.000 	        2 	       75
 8120000.000 	        3 	       75
 8140000.000 	        2 	       75
 8160000.000 	        3 	       75
 8180000.000 	        4 	       73
 8200000.000 	        2 	       75
 8220000.000 	        2 	       75
 8240000.000 	        2 	       75
 8260000.000 	        2 	       75
 8280000.000 	        4 	       72
 8300000.000 	        4 	       53
 8320000.000 	        2 	       75
 8340000.000 	        4 	       69
 8360000.000 	        2 	       75
 8380000.000 	        4 	       46
 8400000.000 	        2 	       75
 8420000.000 	        2 	       75
 8440000.000 	        2 	       75
 8460000.000 	        5 	       68
 8480000.000 	        2 	       75
 8500000.000 	        2 	       75
 8520000.000 	        2 	       75
 8540000.000 	        2 	       75
 8560000.000 	        2 	       75
 8580000.000 	        3 	       75
 8600000.000 	        3 	       42
 8620000.000 	        4 	       73
 8640000.000 	        2 	       75
 8660000.000 	        3 	       75
 8680000.000 	        2 	       75
 8700000.000 	        3 	       75
 8720000.000 	        4 	       74
 8740000.000 	        3 	       75
 8760000.000 	        5 	       55
 8780000.000 	        4 	       40
 8800000.000 	        5 	       59
 8820000.000 	        5 	       74
 8840000.000 	        2 	       75
 8860000.000 	        3 	       59
 8880000.000 	        2 	       75
 8900000.000 	        3 	       74
 8920000.000 	        2 	       75
 8940000.000 	        3 	       69
 8960000.000 	        2 	       75
 8980000.000 	        2 	       75
 9000000.000 	        2 	       75
 9020000.000 	        2 	       75
 9040000.000 	        2 	       75
 9060000.000 	        2 	       75
 9080000.000 	        2 	       75
 9100000.000 	        4 	       66
 9120000.000 	        2 	       75
 9140000.000 	        2 	       75
 9160000.000 	        2 	       75
 9180000.000 	        2 	       75
 9200000.000 	        2 	       75
 9220000.000 	        4 	       40
 9240000.000 	        3 	       69
 9260000.000 	        2 	       75
 9280000.000 	        2 	       75
 9300000.000 	        3 	       49
 9320000.000 	        3 	       75
 9340000.000 	        2 	       75
 9360000.000 	        2 	       75
 9380000.000 	        2 	       75
 9400000.000 	        2 	       75
 9420000.000 	        2 	       75
 9440000.000 	        3 	       72
 9460000.000 	        2 	       75
 9480000.000 	        2 	       75
 9500000.000 	        3 	       45
 9520000.000 	        3 	       49
 9540000.000 	        2 	       75
 9560000.000 	        2 	       75
 9580000.000 	        2 	       75
 9600000.000 	        2 	       75
 9620000.000 	        2 	       75
 9640000.000 	        3 	       75
 9660000.000 	        2 	       75
 9680000.000 	        2 	       75
 9700000.000 	        3 	       55
 9720000.000 	        2 	       75
 9740000.000 	        2 	       75
 9760000.000 	        2 	       75
 9780000.000 	        4 	       69
 9800000.000 	        4 	       58
 9820000.000 	        2 	       75
 9840000.000 	        3 	       75
 9860000.000 	        2 	       75
 9880000.000 	        2 	       75
 9900000.000 	        3 	       75
 9920000.000 	        4 	       75
 9940000.000 	        3 	       69
 9960000.000 	        4 	       52
 9980000.000 	        5 	       48
10000000.000 	        4 	       66
10020000.000 	        2 	       75
10040000.000 	        3 	       40
10060000.000 	        4 	       46
10080000.000 	        2 	       75
10100000.000 	        3 	       39
10120000.000 	        2 	       75
10140000.000 	        5 	       68
10160000.000 	        3 	       48
10180000.000 	        2 	       75
10200000.000 	        3 	       75
10220000.000 	        2 	       75
10240000.000 	        3 	       39
10260000.000 	        2 	       75
10280000.000 	        3 	       75
10300000.000 	        3 	       75
10320000.000 	        3 	       75
10340000.000 	        2 	       75
10360000.000 	        4 	       75
10380000.000 	        2 	       75
10400000.000 	        3 	       75
10420000.000 	        3 	       75
10440000.000 	        2 	       75
10460000.000 	        2 	       75
10480000.000 	        3 	       69
10500000.000 	        2 	       75
10520000.000 	        3 	       53
10540000.000 	        2 	       75
10560000.000 	        3 	       72
10580000.000 	        2 	       75
10600000.000 	        4 	       50
10620000.000 	        2 	       75
10640000.000 	        2 	       75
10660000.000 	        3 	       75
10680000.000 	        3 	       75
10700000.000 	        2 	       75
10720000.000 	        3 	       75
10740000.000 	        3 	       74
10760000.000 	        5 	       74
10780000.000 	        3 	       75
10800000.000 	        3 	       40
10820000.000 	        2 	       75
10840000.000 	        2 	       75
10860000.000 	        3 	       75
10880000.000 	        3 	       75
10900000.000 	        5 	       72
10920000.000 	        2 	       75
10940000.000 	        4 	       73
10960000.000 	        2 	       75
10980000.000 	        4 	       46
11000000.000 	        3 	       75
11020000.000 	        3 	       75
11040000.000 	        2 	       75
11060000.000 	        3 	       75
11080000.000 	        3 	       69
11100000.000 	        3 	       69
11120000.000 	        2 	       75
11140000.000 	        2 	       75
11160000.000 	        3 	       75
11180000.000 	        2 	       75
11200000.000 	        2 	       75
11220000.000 	        2 	       75
11240000.000 	        2 	       75
11260000.000 	        2 	       75
11280000.000 	        3 	       74
11300000.000 	        3 	       74
11320000.000 	        4 	       75
11340000.000 	        3 	       75
11360000.000 	        2 	       75
11380000.000 	        2 	       75
11400000.000 	        2 	       75
11420000.000 	        2 	       75
11440000.000 	        3 	       69
11460000.000 	        3 	       55
11480000.000 	        2 	       75
11500000.000 	        2 	       75
11520000.000 	        2 	       75
11540000.000 	        3 	       75
11560000.000 	        3 	       69
11580000.000 	        2 	       75
11600000.000 	        2 	       75
11620000.000 	        2 	       75
11640000.000 	        3 	       75
11660000.000 	        3 	       75
11680000.000 	        2 	       75
11700000.000 	        3 	       74
11720000.000 	        3 	       75
11740000.000 	        2 	       75
11760000.000 	        3 	       74
11780000.000 	        4 	       48
11800000.000 	        2 	       75
11820000.000 	        2 	       75
11840000.000 	        3 	       48
11860000.000 	        2 	       75
11880000.000 	        4 	       48
11900000.000 	        3 	       74
11920000.000 	        4 	       73
11940000.000 	        3 	       75
11960000.000 	        4 	       48
11980000.000 	        2 	       75
12000000.000 	        2 	       75
12020000.000 	        4 	       74
12040000.000 	        2 	       75
12060000.000 	        3 	       75
12080000.000 	        3 	       75
12100000.000 	        4 	       75
12120000.000 	        2 	       75
12140000.000 	        2 	       75
12160000.000 	        2 	       75
12180000.000 	        2 	       75
12200000.000 	        2 	       75
12220000.000 	        2 	       75
12240000.000 	        2 	       75
12260000.000 	        2 	       75
12280000.000 	        2 	       75
12300000.000 	        2 	       75
12320000.000 	        2 	       75
12340000.000 	        2 	       75
12360000.000 	        3 	       48
12380000.000 	        3 	       39
12400000.000 	        3 	       74
12420000.000 	        2 	       75
12440000.000 	        2 	       75
12460000.000 	        2 	       75
12480000.000 	        2 	       75
12500000.000 	        2 	       75
12520000.000 	        2 	       75
12540000.000 	        3 	       48
12560000.000 	        2 	       75
12580000.000 	        3 	       69
12600000.000 	        2 	       75
12620000.000 	        2 	       75
12640000.000 	        4 	       74
12660000.000 	        3 	       74
12680000.000 	        2 	       75
12700000.000 	        4 	       75
12720000.000 	        2 	       75
12740000.000 	        3 	       74
12760000.000 	        4 	       75
12780000.000 	        4 	       75
12800000.000 	        3 	       74
12820000.000 	        4 	       69
12840000.000 	        3 	       72
12860000.000 	        2 	       75
12880000.000 	        2 	       75
12900000.000 	        3 	       75
12920000.000 	        2 	       75
12940000.000 	        3 	       75
12960000.000 	        5 	       69
12980000.000 	        3 	       75
13000000.000 	        4 	       69
13020000.000 	        4 	       75
13040000.000 	        2 	       75
13060000.000 	        4 	       75
13080000.000 	        2 	       75
13100000.000 	        4 	       75
13120000.000 	        2 	       75
13140000.000 	        3 	       69
13160000.000 	        3 	       75
13180000.000 	        4 	       39
13200000.000 	        3 	       75
13220000.000 	        3 	       39
13240000.000 	        3 	       74
13260000.000 	        5 	       40
13280000.000 	        2 	       75
13300000.000 	        2 	       75
13320000.000 	        2 	       75
13340000.000 	        2 	       75
13360000.000 	        5 	       40
13380000.000 	        2 	       75
13400000.000 	        4 	       75
13420000.000 	        2 	       75
13440000.000 	        3 	       75
13460000.000 	        3 	       75
13480000.000 	        4 	       69
13500000.000 	        2 	       75
13520000.000 	        3 	       75
13540000.000 	        2 	       75
13560000.000 	        2 	       75
13580000.000 	        2 	       75
13600000.000 	        2 	       75
13620000.000 	        2 	       75
13640000.000 	        2 	       75
13660000.000 	        2 	       75
13680000.000 	        3 	       75
13700000.000 	        3 	       75
13720000.000 	        2 	       75
13740000.000 	        2 	       75
13760000.000 	        3 	       74
13780000.000 	        3 	       75
13800000.000 	        3 	       69
13820000.000 	        2 	       75
13840000.000 	        3 	       75
13860000.000 	        2 	       75
13880000.000 	        3 	       75
13900000.000 	        3 	       75
13920000.000 	        2 	       75
13940000.000 	        3 	       75
13960000.000 	        2 	       75
13980000.000 	        5 	       40
14000000.000 	        1 	      100
14020000.000 	        3 	       76
14040000.000 	        1 	      100
14060000.000 	        2 	       97
14080000.000 	        2 	       90
14100000.000 	        3 	       83
14120000.000 	        1 	      100
14140000.000 	        2 	       97
14160000.000 	        2 	       83
14180000.000 	        1 	      100
14200000.000 	        1 	      100
14220000.000 	        2 	       97
14240000.000 	        1 	      100
14260000.000 	        1 	      100
14280000.000 	        1 	      100
14300000.000 	        3 	       96
14320000.000 	        2 	       99
14340000.000 	        2 	       64
14360000.000 	        3 	       76
14380000.000 	        1 	      100
14400000.000 	        1 	      100
14420000.000 	        1 	      100
14440000.000 	        2 	       93
14460000.000 	        1 	      100
14480000.000 	        1 	      100
14500000.000 	        2 	       65
14520000.000 	        1 	      100
14540000.000 	        3 	       56
14560000.000 	        2 	       64
14580000.000 	        1 	      100
14600000.000 	        2 	       54
14620000.000 	        2 	       99
14640000.000 	        1 	      100
14660000.000 	        1 	      100
14680000.000 	        3 	       55
14700000.000 	        1 	      100
14720000.000 	        2 	       73
14740000.000 	        4 	       92
14760000.000 	        3 	       85
14780000.000 	        2 	       97
14800000.000 	        2 	       97
14820000.000 	        2 	       64
14840000.000 	        1 	      100
14860000.000 	        1 	      100
14880000.000 	        3 	       76
14900000.000 	        3 	       55
14920000.000 	        2 	       64
14940000.000 	        2 	       90
14960000.000 	        2 	       97
14980000.000 	        3 	       41
15000000.000 	        3 	       83
15020000.000 	        1 	      100
15040000.000 	        1 	      100
15060000.000 	        2 	       90
15080000.000 	        2 	       95
15100000.000 	        1 	      100
15120000.000 	        1 	      100
15140000.000 	        2 	       84
15160000.000 	        1 	      100
15180000.000 	        2 	       94
15200000.000 	        4 	       42
15220000.000 	        1 	      100
15240000.000 	        3 	       60
15260000.000 	        3 	       89
15280000.000 	        2 	       83
15300000.000 	        2 	       99
15320000.000 	        2 	       99
15340000.000 	        3 	       96
15360000.000 	        1 	      100
15380000.000 	        3 	       76
15400000.000 	        5 	       38
15420000.000 	        1 	      100
15440000.000 	        1 	      100
15460000.000 	        2 	       97
15480000.000 	        3 	       54
15500000.000 	        3 	       76
15520000.000 	        1 	      100
15540000.000 	        1 	      100
15560000.000 	        2 	       90
15580000.000 	        1 	      100
15600000.000 	        1 	      100
15620000.000 	        1 	      100
15640000.000 	        3 	       76
15660000.000 	        2 	       64
15680000.000 	        3 	       64
15700000.000 	        2 	       77
15720000.000 	        2 	       94
15740000.000 	        1 	      100
15760000.000 	        2 	       94
15780000.000 	        3 	       83
15800000.000 	        1 	      100
15820000.000 	        1 	      100
15840000.000 	        5 	       54
15860000.000 	        1 	      100
15880000.000 	        1 	      100
15900000.000 	        1 	      100
15920000.000 	        2 	       76
15940000.000 	        1 	      100
15960000.000 	        1 	      100
15980000.000 	        2 	       93
16000000.000 	        2 	       97
16020000.000 	        2 	       99
16040000.000 	        4 	       80
16060000.000 	        1 	      100
16080000.000 	        1 	      100
16100000.000 	        2 	       76
16120000.000 	        2 	       90
16140000.000 	        3 	       61
16160000.000 	        2 	       93
16180000.000 	        3 	       82
16200000.000 	        2 	       90
16220000.000 	        3 	       76
16240000.000 	        1 	      100
16260000.000 	        2 	       93
16280000.000 	        5 	       69
16300000.000 	        2 	       90
16320000.000 	        2 	       65
16340000.000 	        1 	      100
16360000.000 	        1 	      100
16380000.000 	        2 	       97
16400000.000 	        1 	      100
16420000.000 	        2 	       90
16440000.000 	        2 	       90
16460000.000 	        1 	      100
16480000.000 	        3 	       69
16500000.000 	        2 	       90
16520000.000 	        4 	       76
16540000.000 	        1 	      100
16560000.000 	        2 	       54
16580000.000 	        1 	      100
16600000.000 	        2 	       97
16620000.000 	        1 	      100
16640000.000 	        1 	      100
16660000.000 	        1 	      100
16680000.000 	        2 	       80
16700000.000 	        3 	       76
16720000.000 	        1 	      100
16740000.000 	        1 	      100
16760000.000 	        1 	      100
16780000.000 	        3 	       77
16800000.000 	        2 	       92
16820000.000 	        2 	       94
16840000.000 	        1 	      100
16860000.000 	        2 	       76
16880000.000 	        4 	       55
16900000.000 	        2 	       97
16920000.000 	        3 	       55
16940000.000 	        2 	       55
16960000.000 	        1 	      100
16980000.000 	        1 	      100
17000000.000 	        3 	       74
17020000.000 	        1 	      100
17040000.000 	        1 	      100
17060000.000 	        1 	      100
17080000.000 	        1 	      100
17100000.000 	        2 	       90
17120000.000 	        2 	       55
17140000.000 	        1 	      100
17160000.000 	        3 	       48
17180000.000 	        1 	      100
17200000.000 	        3 	       41
17220000.000 	        2 	       77
17240000.000 	        1 	      100
17260000.000 	        2 	       83
17280000.000 	        3 	       93
17300000.000 	        2 	       99
17320000.000 	        1 	      100
17340000.000 	        1 	      100
17360000.000 	        2 	       92
17380000.000 	        1 	      100
17400000.000 	        2 	       93
17420000.000 	        3 	       48
17440000.000 	        1 	      100
17460000.000 	        1 	      100
17480000.000 	        1 	      100
17500000.000 	        1 	      100
17520000.000 	        1 	      100
17540000.000 	        1 	      100
17560000.000 	        1 	      100
17580000.000 	        2 	       77
17600000.000 	        1 	      100
17620000.000 	        2 	       96
17640000.000 	        1 	      100
17660000.000 	        1 	      100
17680000.000 	        2 	       96
17700000.000 	        1 	      100
17720000.000 	        2 	       99
17740000.000 	        3 	       75
17760000.000 	        1 	      100
17780000.000 	        2 	       99
17800000.000 	        2 	       93
17820000.000 	        2 	       96
17840000.000 	        3 	       76
17860000.000 	        1 	      100
17880000.000 	        2 	       71
17900000.000 	        2 	       93
17920000.000 	        1 	      100
17940000.000 	        1 	      100
17960000.000 	        2 	       93
17980000.000 	        2 	       99
18000000.000 	        3 	       69
18020000.000 	        1 	      100
18040000.000 	        2 	       77
18060000.000 	        1 	      100
18080000.000 	        2 	       83
18100000.000 	        1 	      100
18120000.000 	        3 	       98
18140000.000 	        1 	      100
18160000.000 	        1 	      100
18180000.000 	        2 	       99
18200000.000 	        1 	      100
18220000.000 	        2 	       99
18240000.000 	        3 	       76
18260000.000 	        1 	      100
18280000.000 	        1 	      100
18300000.000 	        2 	       75
18320000.000 	        1 	      100
18340000.000 	        2 	       83
18360000.000 	        1 	      100
18380000.000 	        1 	      100
18400000.000 	        3 	       83
18420000.000 	        3 	       73
18440000.000 	        1 	      100
18460000.000 	        1 	      100
18480000.000 	        3 	       80
18500000.000 	        2 	       96
18520000.000 	        2 	       93
18540000.000 	        2 	       80
18560000.000 	        1 	      100
18580000.000 	        2 	       76
18600000.000 	        2 	       97
18620000.000 	        2 	       93
18640000.000 	        2 	       97
18660000.000 	        1 	      100
18680000.000 	        2 	       99
18700000.000 	        1 	      100
18720000.000 	        1 	      100
18740000.000 	        2 	       93
18760000.000 	        2 	       99
18780000.000 	        1 	      100
18800000.000 	        1 	      100
18820000.000 	        1 	      100
18840000.000 	        2 	       99
18860000.000 	        1 	      100
18880000.000 	        1 	      100
18900000.000 	        1 	      100
18920000.000 	        1 	      100
18940000.000 	        2 	       52
18960000.000 	        1 	      100
18980000.000 	        1 	      100
19000000.000 	        1 	      100
19020000.000 	        1 	      100
19040000.000 	        1 	      100
19060000.000 	        1 	      100
19080000.000 	        1 	      100
19100000.000 	        1 	      100
19120000.000 	        1 	      100
19140000.000 	        1 	      100
19160000.000 	        2 	       99
19180000.000 	        1 	      100
19200000.000 	        4 	       69
19220000.000 	        1 	      100
19240000.000 	        1 	      100
19260000.000 	        1 	      100
19280000.000 	        1 	      100
19300000.000 	        1 	      100
19320000.000 	        1 	      100
19340000.000 	        2 	       97
19360000.000 	        1 	      100
19380000.000 	        1 	      100
19400000.000 	        1 	      100
19420000.000 	        2 	       97
19440000.000 	        2 	       99
19460000.000 	        2 	       90
19480000.000 	        2 	       97
19500000.000 	        1 	      100
19520000.000 	        1 	      100
19540000.000 	        1 	      100
19560000.000 	        2 	       73
19580000.000 	        1 	      100
19600000.000 	        1 	      100
19620000.000 	        2 	       99
19640000.000 	        2 	       99
19660000.000 	        2 	       97
19680000.000 	        1 	      100
19700000.000 	        1 	      100
19720000.000 	        1 	      100
19740000.000 	        1 	      100
19760000.000 	        1 	      100
19780000.000 	        2 	       90
19800000.000 	        1 	      100
19820000.000 	        1 	      100
19840000.000 	        2 	       55
19860000.000 	        1 	      100
19880000.000 	        1 	      100
19900000.000 	        1 	      100
19920000.000 	        1 	      100
19940000.000 	        1 	      100
19960000.000 	        1 	      100
19980000.000 	        1 	      100
20000000.000 	        1 	      100
20020000.000 	        2 	       97
20040000.000 	        1 	      100
20060000.000 	        1 	      100
20080000.000 	        1 	      100
20100000.000 	        1 	      100
20120000.000 	        2 	       81
20140000.000 	        1 	      100
20160000.000 	        1 	      100
20180000.000 	        1 	      100
20200000.000 	        2 	       97
20220000.000 	        1 	      100
20240000.000 	        1 	      100
20260000.000 	        2 	       68
20280000.000 	        1 	      100
20300000.000 	        2 	       74
20320000.000 	        1 	      100
20340000.000 	        2 	       83
20360000.000 	        1 	      100
20380000.000 	        3 	       55
20400000.000 	        2 	       69
20420000.000 	        3 	       56
20440000.000 	        1 	      100
20460000.000 	        2 	       83
20480000.000 	        1 	      100
20500000.000 	        1 	      100
20520000.000 	        1 	      100
20540000.000 	        4 	       90
20560000.000 	        2 	       94
20580000.000 	        2 	       96
20600000.000 	        2 	       83
20620000.000 	        1 	      100
20640000.000 	        1 	      100
20660000.000 	        6 	       39
20680000.000 	        1 	      100
20700000.000 	        3 	       93
20720000.000 	        3 	       98
20740000.000 	        2 	       99
20760000.000 	        2 	       80
20780000.000 	        2 	       83
20800000.000 	        2 	       80
20820000.000 	        1 	      100
20840000.000 	        2 	       97
20860000.000 	        2 	       99
20880000.000 	        1 	      100
20900000.000 	        4 	       78
20920000.000 	        1 	      100
20940000.000 	        1 	      100
20960000.000 	        1 	      100
20980000.000 	        2 	       73
21000000.000 	        1 	      100
21020000.000 	        2 	       99
21040000.000 	        1 	      100
21060000.000 	        1 	      100
21080000.000 	        1 	      100
21100000.000 	        1 	      100
21120000.000 	        1 	      100
21140000.000 	        1 	      100
21160000.000 	        1 	      100
21180000.000 	        4 	       40
21200000.000 	        2 	       96
21220000.000 	        1 	      100
21240000.000 	        1 	      100
21260000.000 	        2 	       97
21280000.000 	        1 	      100
21300000.000 	        1 	      100
21320000.000 	        3 	       87
21340000.000 	        1 	      100
21360000.000 	        2 	       99
21380000.000 	        1 	      100
21400000.000 	        3 	       53
21420000.000 	        2 	       92
21440000.000 	        1 	      100
21460000.000 	        1 	      100
21480000.000 	        1 	      100
21500000.000 	        1 	      100
21520000.000 	        2 	       97
21540000.000 	        1 	      100
21560000.000 	        1 	      100
21580000.000 	        2 	       97
21600000.000 	        2 	       71
21620000.000 	        3 	       80
21640000.000 	        1 	      100
21660000.000 	        1 	      100
21680000.000 	        2 	       72
21700000.000 	        2 	       99
21720000.000 	        3 	       98
21740000.000 	        1 	      100
21760000.000 	        2 	       99
21780000.000 	        1 	      100
21800000.000 	        1 	      100
21820000.000 	        1 	      100
21840000.000 	        2 	       80
21860000.000 	        3 	       48
21880000.000 	        4 	       51
21900000.000 	        1 	      100
21920000.000 	        1 	      100
21940000.000 	        2 	       92
21960000.000 	        3 	       82
21980000.000 	        1 	      100
22000000.000 	        3 	       55
22020000.000 	        2 	       55
22040000.000 	        1 	      100
22060000.000 	        1 	      100
22080000.000 	        3 	       54
22100000.000 	        1 	      100
22120000.000 	        1 	      100
22140000.000 	        3 	       80
22160000.000 	        1 	      100
22180000.000 	        1 	      100
22200000.000 	        1 	      100
22220000.000 	        2 	       83
22240000.000 	        2 	       87
22260000.000 	        1 	      100
22280000.000 	        2 	       93
22300000.000 	        1 	      100
22320000.000 	        3 	       92
22340000.000 	        3 	       45
22360000.000 	        1 	      100
22380000.000 	        1 	      100
22400000.000 	        1 	      100
22420000.000 	        1 	      100
22440000.000 	        1 	      100
22460000.000 	        1 	      100
22480000.000 	        1 	      100
22500000.000 	        1 	      100
22520000.000 	        1 	      100
22540000.000 	        1 	      100
22560000.000 	        1 	      100
22580000.000 	        2 	       83
22600000.000 	        1 	      100
22620000.000 	        3 	       54
22640000.000 	        3 	       80
22660000.000 	        1 	      100
22680000.000 	        1 	      100
22700000.000 	        1 	      100
22720000.000 	        1 	      100
22740000.000 	        1 	      100
22760000.000 	        1 	      100
22780000.000 	        2 	       83
22800000.000 	        3 	       80
22820000.000 	        2 	       69
22840000.000 	        1 	      100
22860000.000 	        2 	       80
22880000.000 	        4 	       79
22900000.000 	        2 	       97
22920000.000 	        2 	       99
22940000.000 	        1 	      100
22960000.000 	        2 	       99
22980000.000 	        1 	      100
23000000.000 	        2 	       99
23020000.000 	        1 	      100
23040000.000 	        3 	       80
23060000.000 	        1 	      100
23080000.000 	        1 	      100
23100000.000 	        2 	       91
23120000.000 	        3 	       80
23140000.000 	        1 	      100
23160000.000 	        2 	       83
23180000.000 	        3 	       54
23200000.000 	        1 	      100
23220000.000 	        1 	      100
23240000.000 	        2 	       69
23260000.000 	        2 	       73
23280000.000 	        2 	       83
23300000.000 	        1 	      100
23320000.000 	        1 	      100
23340000.000 	        1 	      100
23360000.000 	        4 	       79
23380000.000 	        2 	       99
23400000.000 	        1 	      100
23420000.000 	        1 	      100
23440000.000 	        1 	      100
23460000.000 	        1 	      100
23480000.000 	        1 	      100
23500000.000 	        1 	      100
23520000.000 	        3 	       69
23540000.000 	        2 	       80
23560000.000 	        1 	      100
23580000.000 	        2 	       99
23600000.000 	        1 	      100
23620000.000 	        1 	      100
23640000.000 	        2 	       89
23660000.000 	        1 	      100
23680000.000 	        2 	       99
23700000.000 	        2 	       99
23720000.000 	        3 	       90
23740000.000 	        1 	      100
23760000.000 	        3 	       97
23780000.000 	        1 	      100
23800000.000 	        2 	       99
23820000.000 	        1 	      100
23840000.000 	        1 	      100
23860000.000 	        1 	      100
23880000.000 	        1 	      100
23900000.000 	        2 	       69
23920000.000 	        1 	      100
23940000.000 	        1 	      100
23960000.000 	        1 	      100
23980000.000 	        3 	       82
24000000.000 	        3 	       68
24020000.000 	        1 	      100
24040000.000 	        1 	      100
24060000.000 	        1 	      100
24080000.000 	        1 	      100
24100000.000 	        1 	      100
24120000.000 	        2 	       82
24140000.000 	        3 	       55
24160000.000 	        1 	      100
24180000.000 	        2 	       83
24200000.000 	        2 	       55
24220000.000 	        2 	       80
24240000.000 	        1 	      100
24260000.000 	        1 	      100
24280000.000 	        2 	       54
24300000.000 	        2 	       83
24320000.000 	        1 	      100
24340000.000 	        1 	      100
24360000.000 	        2 	       99
24380000.000 	        2 	       55
24400000.000 	        1 	      100
24420000.000 	        1 	      100
24440000.000 	        1 	      100
24460000.000 	        2 	       73
24480000.000 	        1 	      100
24500000.000 	        2 	       52
24520000.000 	        2 	       55
24540000.000 	        3 	       84
24560000.000 	        1 	      100
24580000.000 	        2 	       68
24600000.000 	        2 	       83
24620000.000 	        1 	      100
24640000.000 	        1 	      100
24660000.000 	        1 	      100
24680000.000 	        1 	      100
24700000.000 	        2 	       97
24720000.000 	        1 	      100
24740000.000 	        1 	      100
24760000.000 	        1 	      100
24780000.000 	        2 	       87
24800000.000 	        2 	       97
24820000.000 	        3 	       83
24840000.000 	        1 	      100
24860000.000 	        1 	      100
24880000.000 	        1 	      100
24900000.000 	        1 	      100
24920000.000 	        1 	      100
24940000.000 	        2 	       99
24960000.000 	        1 	      100
24980000.000 	        1 	      100
25000000.000 	        1 	      100
25020000.000 	        2 	       80
25040000.000 	        2 	       99
25060000.000 	        1 	      100
25080000.000 	        2 	       83
25100000.000 	        2 	       99
25120000.000 	        3 	       70
25140000.000 	        2 	       83
25160000.000 	        1 	      100
25180000.000 	        2 	       83
25200000.000 	        1 	      100
25220000.000 	        1 	      100
25240000.000 	        1 	      100
25260000.000 	        2 	       80
25280000.000 	        2 	       55
25300000.000 	        1 	      100
25320000.000 	        1 	      100
25340000.000 	        2 	       73
25360000.000 	        3 	       56
25380000.000 	        1 	      100
25400000.000 	        3 	       93
25420000.000 	        1 	      100
25440000.000 	        3 	       74
25460000.000 	        3 	       77
25480000.000 	        1 	      100
25500000.000 	        1 	      100
25520000.000 	        1 	      100
25540000.000 	        2 	       84
25560000.000 	        4 	       56
25580000.000 	        1 	      100
25600000.000 	        3 	       93
25620000.000 	        2 	       83
25640000.000 	        1 	      100
25660000.000 	        1 	      100
25680000.000 	        1 	      100
25700000.000 	        1 	      100
25720000.000 	        1 	      100
25740000.000 	        2 	       93
25760000.000 	        1 	      100
25780000.000 	        2 	       99
25800000.000 	        3 	       83
25820000.000 	        2 	       80
25840000.000 	        2 	       80
25860000.000 	        1 	      100
25880000.000 	        2 	       99
25900000.000 	        1 	      100
25920000.000 	        2 	       80
25940000.000 	        2 	       72
25960000.000 	        2 	       80
25980000.000 	        1 	      100
26000000.000 	        2 	       80
26020000.000 	        2 	       97
26040000.000 	        2 	       83
26060000.000 	        2 	       90
26080000.000 	        1 	      100
26100000.000 	        2 	       57
26120000.000 	        2 	       99
26140000.000 	        1 	      100
26160000.000 	        3 	       68
26180000.000 	        4 	       83
26200000.000 	        1 	      100
26220000.000 	        3 	       69
26240000.000 	        1 	      100
26260000.000 	        1 	      100
26280000.000 	        1 	      100
26300000.000 	        1 	      100
26320000.000 	        1 	      100
26340000.000 	        1 	      100
26360000.000 	        4 	       79
26380000.000 	        2 	       98
26400000.000 	        1 	      100
26420000.000 	        1 	      100
26440000.000 	        1 	      100
26460000.000 	        1 	      100
26480000.000 	        2 	       80
26500000.000 	        1 	      100
26520000.000 	        3 	       80
26540000.000 	        1 	      100
26560000.000 	        1 	      100
26580000.000 	        2 	       69
26600000.000 	        2 	       99
26620000.000 	        4 	       68
26640000.000 	        1 	      100
26660000.000 	        1 	      100
26680000.000 	        1 	      100
26700000.000 	        2 	       99
26720000.000 	        1 	      100
26740000.000 	        2 	       84
26760000.000 	        1 	      100
26780000.000 	        2 	       83
26800000.000 	        1 	      100
26820000.000 	        1 	      100
26840000.000 	        1 	      100
26860000.000 	        1 	      100
26880000.000 	        1 	      100
26900000.000 	        1 	      100
26920000.000 	        2 	       99
26940000.000 	        2 	       83
26960000.000 	        1 	      100
26980000.000 	        1 	      100
27000000.000 	        1 	      100
27020000.000 	        3 	       83
27040000.000 	        3 	       83
27060000.000 	        1 	      100
27080000.000 	        2 	       81
27100000.000 	        1 	      100
27120000.000 	        2 	       99
27140000.000 	        1 	      100
27160000.000 	        1 	      100
27180000.000 	        1 	      100
27200000.000 	        2 	       94
27220000.000 	        1 	      100
27240000.000 	        3 	       55
27260000.000 	        2 	       83
27280000.000 	        1 	      100
27300000.000 	        1 	      100
27320000.000 	        3 	       84
27340000.000 	        2 	       70
27360000.000 	        2 	       99
27380000.000 	        2 	       83
27400000.000 	        1 	      100
27420000.000 	        1 	      100
27440000.000 	        1 	      100
27460000.000 	        2 	       84
27480000.000 	        1 	      100
27500000.000 	        2 	       83
27520000.000 	        1 	      100
27540000.000 	        1 	      100
27560000.000 	        2 	       83
27580000.000 	        1 	      100
27600000.000 	        1 	      100
27620000.000 	        1 	      100
27640000.000 	        3 	       80
27660000.000 	        1 	      100
27680000.000 	        1 	      100
27700000.000 	        1 	      100
27720000.000 	        2 	       83
27740000.000 	        1 	      100
27760000.000 	        3 	       80
27780000.000 	        2 	       99
27800000.000 	        3 	       78
27820000.000 	        1 	      100
27840000.000 	        2 	       99
27860000.000 	        3 	       93
27880000.000 	        3 	       76
27900000.000 	        1 	      100
27920000.000 	        2 	       73
27940000.000 	        2 	       99
27960000.000 	        2 	       52
27980000.000 	        1 	      100
28000000.000 	        3 	       80
28020000.000 	        2 	       83
28040000.000 	        1 	      100
28060000.000 	        2 	       96
28080000.000 	        1 	      100
28100000.000 	        1 	      100
28120000.000 	        1 	      100
28140000.000 	        1 	      100
28160000.000 	        1 	      100
28180000.000 	        1 	      100
28200000.000 	        2 	       83
28220000.000 	        1 	      100
28240000.000 	        2 	       80
28260000.000 	        1 	      100
28280000.000 	        1 	      100
28300000.000 	        1 	      100
28320000.000 	        2 	       93
28340000.000 	        1 	      100
28360000.000 	        2 	       83
28380000.000 	        1 	      100
28400000.000 	        1 	      100
28420000.000 	        2 	       80
28440000.000 	        1 	      100
28460000.000 	        1 	      100
28480000.000 	        2 	       83
28500000.000 	        1 	      100
28520000.000 	        1 	      100
28540000.000 	        2 	       83
28560000.000 	        1 	      100
28580000.000 	        1 	      100
28600000.000 	        3 	       98
28620000.000 	        1 	      100
28640000.000 	        3 	       76
28660000.000 	        1 	      100
28680000.000 	        1 	      100
28700000.000 	        3 	       77
28720000.000 	        3 	       80
28740000.000 	        2 	       80
28760000.000 	        2 	       83
28780000.000 	        1 	      100
28800000.000 	        1 	      100
28820000.000 	        2 	       83
28840000.000 	        2 	       93
28860000.000 	        2 	       84
28880000.000 	        1 	      100
28900000.000 	        1 	      100
28920000.000 	        1 	      100
28940000.000 	        1 	      100
28960000.000 	        2 	       83
28980000.000 	        1 	      100
29000000.000 	        1 	      100
29020000.000 	        2 	       99
29040000.000 	        1 	      100
29060000.000 	        2 	       99
29080000.000 	        2 	       99
29100000.000 	        2 	       83
29120000.000 	        2 	       83
29140000.000 	        3 	       80
29160000.000 	        1 	      100
29180000.000 	        1 	      100
29200000.000 	        1 	      100
29220000.000 	        1 	      100
29240000.000 	        2 	       99
29260000.000 	        1 	      100
29280000.000 	        2 	       80
29300000.000 	        2 	       80
29320000.000 	        2 	       99
29340000.000 	        1 	      100
29360000.000 	        1 	      100
29380000.000 	        1 	      100
29400000.000 	        2 	       94
29420000.000 	        2 	       83
29440000.000 	        1 	      100
29460000.000 	        2 	       80
29480000.000 	        2 	       83
29500000.000 	        1 	      100
29520000.000 	        1 	      100
29540000.000 	        2 	       99
29560000.000 	        3 	       96
29580000.000 	        3 	       98
29600000.000 	        2 	       80
29620000.000 	        1 	      100
29640000.000 	        3 	       97
29660000.000 	        2 	       97
29680000.000 	        3 	       80
29700000.000 	        3 	       54
29720000.000 	        1 	      100
29740000.000 	        2 	       83
29760000.000 	        1 	      100
29780000.000 	        2 	       80
29800000.000 	        3 	       80
29820000.000 	        2 	       80
29840000.000 	        1 	      100
29860000.000 	        1 	      100
29880000.000 	        1 	      100
29900000.000 	        2 	       97
29920000.000 	        1 	      100
29940000.000 	        1 	      100
29960000.000 	        2 	       99
29980000.000 	        1 	      100
30000000.000 	        2 	       80
30020000.000 	        3 	       67
30040000.000 	        1 	      100
30060000.000 	        2 	       83
30080000.000 	        2 	       99
30100000.000 	        1 	      100
30120000.000 	        1 	      100
30140000.000 	        1 	      100
30160000.000 	        1 	      100
30180000.000 	        2 	       80
30200000.000 	        1 	      100
30220000.000 	        2 	       73
30240000.000 	        2 	       83
30260000.000 	        1 	      100
30280000.000 	        3 	       80
30300000.000 	        2 	       81
30320000.000 	        1 	      100
30340000.000 	        1 	      100
30360000.000 	        4 	       35
30380000.000 	        2 	       69
30400000.000 	        1 	      100
30420000.000 	        1 	      100
30440000.000 	        1 	      100
30460000.000 	        2 	       69
30480000.000 	        2 	       83
30500000.000 	        1 	      100
30520000.000 	        1 	      100
30540000.000 	        1 	      100
30560000.000 	        1 	      100
30580000.000 	        1 	      100
30600000.000 	        1 	      100
30620000.000 	        1 	      100
30640000.000 	        2 	       83
30660000.000 	        1 	      100
30680000.000 	        3 	       80
30700000.000 	        1 	      100
30720000.000 	        2 	       94
30740000.000 	        3 	       80
30760000.000 	        2 	       65
30780000.000 	        1 	      100
30800000.000 	        1 	      100
30820000.000 	        2 	       52
30840000.000 	        2 	       52
30860000.000 	        3 	       72
30880000.000 	        1 	      100
30900000.000 	        1 	      100
30920000.000 	        1 	      100
30940000.000 	        1 	      100
30960000.000 	        2 	       52
30980000.000 	        2 	       80
31000000.000 	        3 	       45
31020000.000 	        2 	       82
31040000.000 	        2 	       82
31060000.000 	        3 	       80
31080000.000 	        1 	      100
31100000.000 	        1 	      100
31120000.000 	        3 	       48
31140000.000 	        3 	       52
31160000.000 	        1 	      100
31180000.000 	        1 	      100
31200000.000 	        2 	       97
31220000.000 	        1 	      100
31240000.000 	        2 	       52
31260000.000 	        3 	       80
31280000.000 	        2 	       99
31300000.000 	        3 	       69
31320000.000 	        1 	      100
31340000.000 	        2 	       99
31360000.000 	        1 	      100
31380000.000 	        4 	       80
31400000.000 	        2 	       83
31420000.000 	        2 	       69
31440000.000 	        2 	       52
31460000.000 	        2 	       80
31480000.000 	        2 	       87
31500000.000 	        3 	       96
31520000.000 	        2 	       83
31540000.000 	        1 	      100
31560000.000 	        1 	      100
31580000.000 	        1 	      100
31600000.000 	        1 	      100
31620000.000 	        1 	      100
31640000.000 	        1 	      100
31660000.000 	        2 	       83
31680000.000 	        2 	       80
31700000.000 	        1 	      100
31720000.000 	        1 	      100
31740000.000 	        2 	       99
31760000.000 	        1 	      100
31780000.000 	        2 	       85
31800000.000 	        2 	       83
31820000.000 	        1 	      100
31840000.000 	        1 	      100
31860000.000 	        4 	       78
31880000.000 	        3 	       80
31900000.000 	        1 	      100
31920000.000 	        4 	       80
31940000.000 	        2 	       80
31960000.000 	        1 	      100
31980000.000 	        2 	       69
32000000.000 	        2 	       83
32020000.000 	        1 	      100
32040000.000 	        1 	      100
32060000.000 	        2 	       83
32080000.000 	        2 	       83
32100000.000 	        2 	       83
32120000.000 	        2 	       99
32140000.000 	        1 	      100
32160000.000 	        3 	       79
32180000.000 	        2 	       99
32200000.000 	        2 	       97
32220000.000 	        3 	       56
32240000.000 	        1 	      100
32260000.000 	        1 	      100
32280000.000 	        1 	      100
32300000.000 	        1 	      100
32320000.000 	        2 	       65
32340000.000 	        1 	      100
32360000.000 	        3 	       69
32380000.000 	        1 	      100
32400000.000 	        1 	      100
32420000.000 	        1 	      100
32440000.000 	        2 	       96
32460000.000 	        1 	      100
32480000.000 	        1 	      100
32500000.000 	        1 	      100
32520000.000 	        3 	       81
32540000.000 	        1 	      100
32560000.000 	        1 	      100
32580000.000 	        1 	      100
32600000.000 	        2 	       97
32620000.000 	        3 	       81
32640000.000 	        1 	      100
32660000.000 	        1 	      100
32680000.000 	        1 	      100
32700000.000 	        1 	      100
32720000.000 	        2 	       83
32740000.000 	        1 	      100
32760000.000 	        2 	       54
32780000.000 	        1 	      100
32800000.000 	        2 	       99
32820000.000 	        2 	       80
32840000.000 	        1 	      100
32860000.000 	        1 	      100
32880000.000 	        1 	      100
32900000.000 	        1 	      100
32920000.000 	        1 	      100
32940000.000 	        2 	       83
32960000.000 	        3 	       69
32980000.000 	        1 	      100
33000000.000 	        3 	       80
33020000.000 	        2 	       80
33040000.000 	        1 	      100
33060000.000 	        4 	       45
33080000.000 	        2 	       65
33100000.000 	        1 	      100
33120000.000 	        1 	      100
33140000.000 	        2 	       83
33160000.000 	        1 	      100
33180000.000 	        3 	       84
33200000.000 	        2 	       93
33220000.000 	        1 	      100
33240000.000 	        2 	       83
33260000.000 	        1 	      100
33280000.000 	        2 	       55
33300000.000 	        1 	      100
33320000.000 	        2 	       99
33340000.000 	        2 	       99
33360000.000 	        1 	      100
33380000.000 	        1 	      100
33400000.000 	        2 	       82
33420000.000 	        2 	       80
33440000.000 	        1 	      100
33460000.000 	        3 	       80
33480000.000 	        1 	      100
33500000.000 	        3 	       87
33520000.000 	        2 	       69
33540000.000 	        1 	      100
33560000.000 	        3 	       93
33580000.000 	        1 	      100
33600000.000 	        2 	       97
33620000.000 	        2 	       83
33640000.000 	        1 	      100
33660000.000 	        3 	       81
33680000.000 	        1 	      100
33700000.000 	        1 	      100
33720000.000 	        2 	       83
33740000.000 	        1 	      100
33760000.000 	        2 	       65
33780000.000 	        1 	      100
33800000.000 	        1 	      100
33820000.000 	        4 	       38
33840000.000 	        1 	      100
33860000.000 	        1 	      100
33880000.000 	        3 	       94
33900000.000 	        1 	      100
33920000.000 	        1 	      100
33940000.000 	        1 	      100
33960000.000 	        2 	       96
33980000.000 	        1 	      100
34000000.000 	        2 	       97
34020000.000 	        1 	      100
34040000.000 	        1 	      100
34060000.000 	        1 	      100
34080000.000 	        2 	       94
34100000.000 	        2 	       97
34120000.000 	        1 	      100
34140000.000 	        1 	      100
34160000.000 	        2 	       93
34180000.000 	        1 	      100
34200000.000 	        1 	      100
34220000.000 	        3 	       71
34240000.000 	        1 	      100
34260000.000 	        1 	      100
34280000.000 	        1 	      100
34300000.000 	        1 	      100
34320000.000 	        1 	      100
34340000.000 	        2 	       97
34360000.000 	        1 	      100
34380000.000 	        1 	      100
34400000.000 	        1 	      100
34420000.000 	        1 	      100
34440000.000 	        1 	      100
34460000.000 	        2 	       55
34480000.000 	        1 	      100
34500000.000 	        1 	      100
34520000.000 	        1 	      100
34540000.000 	        1 	      100
34560000.000 	        2 	       55
34580000.000 	        1 	      100
34600000.000 	        1 	      100
34620000.000 	        1 	      100
34640000.000 	        1 	      100
34660000.000 	        1 	      100
34680000.000 	        1 	      100
34700000.000 	        2 	       97
34720000.000 	        1 	      100
34740000.000 	        1 	      100
34760000.000 	        1 	      100
34780000.000 	        2 	       97
34800000.000 	        1 	      100
34820000.000 	        1 	      100
34840000.000 	        1 	      100
34860000.000 	        1 	      100
34880000.000 	        1 	      100
34900000.000 	        1 	      100
34920000.000 	        1 	      100
34940000.000 	        1 	      100
34960000.000 	        1 	      100
34980000.000 	        1 	      100
35000000.000 	        1 	      100
35020000.000 	        1 	      100
35040000.000 	        1 	      100
35060000.000 	        3 	       37
35080000.000 	        1 	      100
35100000.000 	        1 	      100
35120000.000 	        1 	      100
35140000.000 	        1 	      100
35160000.000 	        2 	       73
35180000.000 	        2 	       73
35200000.000 	        2 	       94
35220000.000 	        2 	       97
35240000.000 	        1 	      100
35260000.000 	        1 	      100
35280000.000 	        1 	      100
35300000.000 	        1 	      100
35320000.000 	        1 	      100
35340000.000 	        1 	      100
35360000.000 	        1 	      100
35380000.000 	        2 	       99
35400000.000 	        1 	      100
35420000.000 	        2 	       74
35440000.000 	        2 	       99
35460000.000 	        2 	       97
35480000.000 	        1 	      100
35500000.000 	        1 	      100
35520000.000 	        1 	      100
35540000.000 	        1 	      100
35560000.000 	        2 	       89
35580000.000 	        1 	      100
35600000.000 	        1 	      100
35620000.000 	        1 	      100
35640000.000 	        1 	      100
35660000.000 	        1 	      100
35680000.000 	        1 	      100
35700000.000 	        1 	      100
35720000.000 	        1 	      100
35740000.000 	        1 	      100
35760000.000 	        4 	       57
35780000.000 	        2 	       96
35800000.000 	        2 	       99
35820000.000 	        1 	      100
35840000.000 	        1 	      100
35860000.000 	        2 	       99
35880000.000 	        1 	      100
35900000.000 	        1 	      100
35920000.000 	        1 	      100
35940000.000 	        1 	      100
35960000.000 	        1 	      100
35980000.000 	        3 	       49
36000000.000 	        1 	      100
36020000.000 	        1 	      100
36040000.000 	        2 	       90
36060000.000 	        1 	      100
36080000.000 	        1 	      100
36100000.000 	        1 	      100
36120000.000 	        1 	      100
36140000.000 	        1 	      100
36160000.000 	        2 	       87
36180000.000 	        1 	      100
36200000.000 	        1 	      100
36220000.000 	        1 	      100
36240000.000 	        2 	       87
36260000.000 	        1 	      100
36280000.000 	        2 	       90
36300000.000 	        2 	       99
36320000.000 	        1 	      100
36340000.000 	        1 	      100
36360000.000 	        3 	       48
36380000.000 	        2 	       95
36400000.000 	        1 	      100
36420000.000 	        1 	      100
36440000.000 	        1 	      100
36460000.000 	        3 	       89
36480000.000 	        2 	       90
36500000.000 	        1 	      100
36520000.000 	        1 	      100
36540000.000 	        1 	      100
36560000.000 	        1 	      100
36580000.000 	        1 	      100
36600000.000 	        2 	       90
36620000.000 	        1 	      100
36640000.000 	        1 	      100
36660000.000 	        1 	      100
36680000.000 	        3 	       89
36700000.000 	        1 	      100
36720000.000 	        1 	      100
36740000.000 	        2 	       73
36760000.000 	        1 	      100
36780000.000 	        1 	      100
36800000.000 	        1 	      100
36820000.000 	        1 	      100
36840000.000 	        4 	       65
36860000.000 	        2 	       86
36880000.000 	        1 	      100
36900000.000 	        1 	      100
36920000.000 	        2 	       97
36940000.000 	        2 	       73
36960000.000 	        2 	       97
36980000.000 	        2 	       73
37000000.000 	        1 	      100
37020000.000 	        2 	       99
37040000.000 	        1 	      100
37060000.000 	        1 	      100
37080000.000 	        1 	      100
37100000.000 	        1 	      100
37120000.000 	        2 	       73
37140000.000 	        1 	      100
37160000.000 	        1 	      100
37180000.000 	        2 	       95
37200000.000 	        2 	       99
37220000.000 	        1 	      100
37240000.000 	        1 	      100
37260000.000 	        1 	      100
37280000.000 	        1 	      100
37300000.000 	        2 	       90
37320000.000 	        3 	       87
37340000.000 	        1 	      100
37360000.000 	        1 	      100
37380000.000 	        1 	      100
37400000.000 	        1 	      100
37420000.000 	        1 	      100
37440000.000 	        1 	      100
37460000.000 	        1 	      100
37480000.000 	        2 	       97
37500000.000 	        1 	      100
37520000.000 	        1 	      100
37540000.000 	        1 	      100
37560000.000 	        1 	      100
37580000.000 	        1 	      100
37600000.000 	        1 	      100
37620000.000 	        1 	      100
37640000.000 	        1 	      100
37660000.000 	        1 	      100
37680000.000 	        1 	      100
37700000.000 	        1 	      100
37720000.000 	        1 	      100
37740000.000 	        1 	      100
37760000.000 	        1 	      100
37780000.000 	        1 	      100
37800000.000 	        2 	       97
37820000.000 	        2 	       52
37840000.000 	        1 	      100
37860000.000 	        1 	      100
37880000.000 	        1 	      100
37900000.000 	        2 	       52
37920000.000 	        1 	      100
37940000.000 	        2 	       90
37960000.000 	        1 	      100
37980000.000 	        1 	      100
38000000.000 	        1 	      100
