       0.000 	       98 	        2
   20000.000 	       89 	        2
   40000.000 	       76 	        3
   60000.000 	       62 	        4
   80000.000 	       56 	        5
  100000.000 	       48 	        6
  120000.000 	       38 	        7
  140000.000 	       35 	        7
  160000.000 	       36 	        7
  180000.000 	       29 	        7
  200000.000 	       25 	        7
  220000.000 	       25 	        9
  240000.000 	       23 	       10
  260000.000 	       22 	       10
  280000.000 	       20 	       11
  300000.000 	       19 	       13
  320000.000 	       19 	       13
  340000.000 	       18 	       13
  360000.000 	       18 	       13
  380000.000 	       18 	       13
  400000.000 	       18 	       13
  420000.000 	       16 	       13
  440000.000 	       16 	       13
  460000.000 	       16 	       13
  480000.000 	       16 	       13
  500000.000 	       15 	       13
  520000.000 	       14 	       13
  540000.000 	       15 	       13
  560000.000 	       15 	       10
  580000.000 	       12 	       13
  600000.000 	       11 	       13
  620000.000 	       11 	       13
  640000.000 	       11 	       13
  660000.000 	       11 	       13
  680000.000 	       11 	       13
  700000.000 	       11 	       13
  720000.000 	       10 	       16
  740000.000 	       10 	       16
  760000.000 	       10 	       16
  780000.000 	       10 	       16
  800000.000 	       10 	       16
  820000.000 	       10 	       16
  840000.000 	       10 	       16
  860000.000 	       10 	       16
  880000.000 	       10 	       16
  900000.000 	       10 	       16
  920000.000 	       10 	       16
  940000.000 	       10 	       16
  960000.000 	       10 	       16
  980000.000 	       10 	       16
 1000000.000 	       10 	       16
 1020000.000 	       11 	       16
 1040000.000 	       11 	       16
 1060000.000 	       10 	       16
 1080000.000 	       10 	       16
 1100000.000 	       10 	       16
 1120000.000 	       10 	       16
 1140000.000 	       10 	       16
 1160000.000 	       10 	       16
 1180000.000 	       10 	       16
 1200000.000 	       10 	       16
 1220000.000 	       10 	       16
 1240000.000 	       10 	       16
 1260000.000 	       10 	       16
 1280000.000 	       10 	       16
 1300000.000 	       10 	       16
 1320000.000 	       10 	       16
 1340000.000 	       10 	       16
 1360000.000 	       10 	       16
 1380000.000 	       10 	       16
 1400000.000 	       10 	       16
 1420000.000 	       10 	       16
 1440000.000 	       10 	       16
 1460000.000 	       10 	       16
 1480000.000 	       10 	       16
 1500000.000 	       10 	       16
 1520000.000 	        9 	       25
 1540000.000 	        9 	       25
 1560000.000 	        9 	       25
 1580000.000 	        9 	       25
 1600000.000 	        9 	       25
 1620000.000 	        9 	       25
 1640000.000 	        9 	       25
 1660000.000 	        9 	       25
 1680000.000 	        9 	       25
 1700000.000 	        9 	       25
 1720000.000 	        9 	       25
 1740000.000 	        9 	       25
 1760000.000 	        9 	       25
 1780000.000 	        9 	       25
 1800000.000 	        9 	       25
 1820000.000 	        9 	       25
 1840000.000 	        9 	       25
 1860000.000 	        9 	       25
 1880000.000 	       10 	       25
 1900000.000 	        9 	       25
 1920000.000 	        9 	       25
 1940000.000 	        9 	       25
 1960000.000 	        9 	       25
 1980000.000 	        8 	       25
 2000000.000 	        9 	       25
 2020000.000 	        8 	       25
 2040000.000 	        8 	       25
 2060000.000 	        8 	       25
 2080000.000 	        8 	       25
 2100000.000 	        8 	       25
 2120000.000 	        8 	       25
 2140000.000 	        8 	       25
 2160000.000 	        8 	       25
 2180000.000 	        8 	       25
 2200000.000 	        8 	       25
 2220000.000 	        8 	       25
 2240000.000 	        9 	       25
 2260000.000 	        9 	       25
 2280000.000 	        8 	       25
 2300000.000 	        8 	       25
 2320000.000 	        8 	       25
 2340000.000 	        8 	       25
 2360000.000 	        8 	       25
 2380000.000 	        8 	       25
 2400000.000 	        8 	       25
 2420000.000 	        7 	       32
 2440000.000 	        7 	       32
 2460000.000 	        7 	       32
 2480000.000 	        7 	       32
 2500000.000 	        7 	       32
 2520000.000 	        6 	       42
 2540000.000 	        6 	       42
 2560000.000 	        7 	       25
 2580000.000 	        7 	       41
 2600000.000 	        6 	       42
 2620000.000 	        6 	       42
 2640000.000 	        6 	       42
 2660000.000 	        6 	       42
 2680000.000 	        6 	       42
 2700000.000 	        5 	       55
 2720000.000 	        5 	       55
 2740000.000 	        6 	       54
 2760000.000 	        5 	       55
 2780000.000 	        5 	       55
 2800000.000 	        5 	       55
 2820000.000 	        6 	       42
 2840000.000 	        5 	       55
 2860000.000 	        5 	       55
 2880000.000 	        5 	       55
 2900000.000 	        5 	       55
 2920000.000 	        5 	       55
 2940000.000 	        5 	       55
 2960000.000 	        5 	       55
 2980000.000 	        5 	       55
 3000000.000 	        5 	       55
 3020000.000 	        5 	       55
 3040000.000 	        5 	       55
 3060000.000 	        5 	       55
 3080000.000 	        5 	       55
 3100000.000 	        5 	       55
 3120000.000 	        5 	       55
 3140000.000 	        5 	       55
 3160000.000 	        5 	       55
 3180000.000 	        5 	       55
 3200000.000 	        5 	       55
 3220000.000 	        5 	       55
 3240000.000 	        5 	       55
 3260000.000 	        5 	       55
 3280000.000 	        5 	       55
 3300000.000 	        5 	       55
 3320000.000 	        5 	       55
 3340000.000 	        5 	       55
 3360000.000 	        5 	       55
 3380000.000 	        5 	       55
 3400000.000 	        5 	       55
 3420000.000 	        5 	       55
 3440000.000 	        5 	       55
 3460000.000 	        5 	       55
 3480000.000 	        5 	       55
 3500000.000 	        6 	       42
 3520000.000 	        5 	       55
 3540000.000 	        5 	       55
 3560000.000 	        5 	       55
 3580000.000 	        5 	       55
 3600000.000 	        5 	       55
 3620000.000 	        5 	       55
 3640000.000 	        5 	       55
 3660000.000 	        5 	       55
 3680000.000 	        5 	       55
 3700000.000 	        5 	       55
 3720000.000 	        5 	       55
 3740000.000 	        5 	       55
 3760000.000 	        5 	       55
 3780000.000 	        5 	       55
 3800000.000 	        5 	       55
 3820000.000 	        5 	       55
 3840000.000 	        5 	       55
 3860000.000 	        5 	       55
 3880000.000 	        5 	       55
 3900000.000 	        5 	       55
 3920000.000 	        5 	       55
 3940000.000 	        5 	       55
 3960000.000 	        5 	       55
 3980000.000 	        5 	       55
 4000000.000 	        5 	       55
 4020000.000 	        5 	       55
 4040000.000 	        5 	       55
 4060000.000 	        5 	       55
 4080000.000 	        5 	       55
 4100000.000 	        5 	       55
 4120000.000 	        5 	       55
 4140000.000 	        5 	       55
 4160000.000 	        5 	       55
 4180000.000 	        5 	       55
 4200000.000 	        5 	       55
 4220000.000 	        5 	       55
 4240000.000 	        5 	       55
 4260000.000 	        5 	       55
 4280000.000 	        5 	       55
 4300000.000 	        5 	       55
 4320000.000 	        5 	       55
 4340000.000 	        5 	       55
 4360000.000 	        5 	       55
 4380000.000 	        5 	       55
 4400000.000 	        5 	       55
 4420000.000 	        5 	       55
 4440000.000 	        5 	       55
 4460000.000 	        5 	       55
 4480000.000 	        5 	       55
 4500000.000 	        5 	       55
 4520000.000 	        5 	       55
 4540000.000 	        5 	       55
 4560000.000 	        5 	       55
 4580000.000 	        5 	       55
 4600000.000 	        5 	       55
 4620000.000 	        5 	       55
 4640000.000 	        5 	       55
 4660000.000 	        5 	       55
 4680000.000 	        5 	       55
 4700000.000 	        5 	       55
 4720000.000 	        5 	       55
 4740000.000 	        5 	       55
 4760000.000 	        5 	       55
 4780000.000 	        5 	       55
 4800000.000 	        5 	       55
 4820000.000 	        5 	       55
 4840000.000 	        5 	       55
 4860000.000 	        5 	       55
 4880000.000 	        5 	       55
 4900000.000 	        5 	       55
 4920000.000 	        5 	       55
 4940000.000 	        6 	       54
 4960000.000 	        5 	       55
 4980000.000 	        5 	       55
 5000000.000 	        5 	       55
 5020000.000 	        5 	       55
 5040000.000 	        5 	       55
 5060000.000 	        5 	       55
 5080000.000 	        5 	       55
 5100000.000 	        5 	       55
 5120000.000 	        5 	       55
 5140000.000 	        5 	       55
 5160000.000 	        5 	       55
 5180000.000 	        5 	       55
 5200000.000 	        5 	       55
 5220000.000 	        5 	       55
 5240000.000 	        5 	       55
 5260000.000 	        5 	       55
 5280000.000 	        5 	       55
 5300000.000 	        5 	       55
 5320000.000 	        5 	       55
 5340000.000 	        5 	       55
 5360000.000 	        5 	       55
 5380000.000 	        5 	       55
 5400000.000 	        5 	       55
 5420000.000 	        5 	       55
 5440000.000 	        5 	       55
 5460000.000 	        5 	       55
 5480000.000 	        5 	       55
 5500000.000 	        5 	       55
 5520000.000 	        5 	       55
 5540000.000 	        5 	       55
 5560000.000 	        5 	       55
 5580000.000 	        5 	       55
 5600000.000 	        5 	       55
 5620000.000 	        5 	       55
 5640000.000 	        5 	       55
 5660000.000 	        5 	       55
 5680000.000 	        5 	       55
 5700000.000 	        5 	       55
 5720000.000 	        6 	       54
 5740000.000 	        5 	       55
 5760000.000 	        5 	       55
 5780000.000 	        5 	       55
 5800000.000 	        5 	       55
 5820000.000 	        5 	       55
 5840000.000 	        5 	       55
 5860000.000 	        5 	       55
 5880000.000 	        5 	       55
 5900000.000 	        5 	       55
 5920000.000 	        5 	       55
 5940000.000 	        5 	       55
 5960000.000 	        5 	       55
 5980000.000 	        5 	       55
 6000000.000 	        5 	       55
 6020000.000 	        5 	       55
 6040000.000 	        5 	       55
 6060000.000 	        5 	       55
 6080000.000 	        5 	       55
 6100000.000 	        5 	       55
 6120000.000 	        5 	       55
 6140000.000 	        5 	       55
 6160000.000 	        5 	       55
 6180000.000 	        5 	       55
 6200000.000 	        5 	       55
 6220000.000 	        5 	       55
 6240000.000 	        5 	       55
 6260000.000 	        5 	       55
 6280000.000 	        5 	       55
 6300000.000 	        5 	       55
 6320000.000 	        5 	       55
 6340000.000 	        5 	       55
 6360000.000 	        5 	       55
 6380000.000 	        5 	       55
 6400000.000 	        5 	       55
 6420000.000 	        5 	       55
 6440000.000 	        5 	       55
 6460000.000 	        5 	       55
 6480000.000 	        5 	       55
 6500000.000 	        5 	       55
 6520000.000 	        5 	       55
 6540000.000 	        5 	       55
 6560000.000 	        5 	       55
 6580000.000 	        5 	       55
 6600000.000 	        5 	       55
 6620000.000 	        5 	       55
 6640000.000 	        5 	       55
 6660000.000 	        5 	       55
 6680000.000 	        5 	       55
 6700000.000 	        5 	       55
 6720000.000 	        5 	       55
 6740000.000 	        5 	       55
 6760000.000 	        7 	       53
 6780000.000 	        5 	       55
 6800000.000 	        5 	       55
 6820000.000 	        5 	       55
 6840000.000 	        5 	       55
 6860000.000 	        5 	       55
 6880000.000 	        5 	       55
 6900000.000 	        5 	       55
 6920000.000 	        5 	       55
 6940000.000 	        5 	       55
 6960000.000 	        5 	       55
 6980000.000 	        5 	       55
 7000000.000 	        5 	       55
 7020000.000 	        5 	       55
 7040000.000 	        5 	       55
 7060000.000 	        5 	       55
 7080000.000 	        5 	       55
 7100000.000 	        5 	       55
 7120000.000 	        5 	       55
 7140000.000 	        5 	       55
 7160000.000 	        5 	       55
 7180000.000 	        5 	       55
 7200000.000 	        5 	       55
 7220000.000 	        5 	       55
 7240000.000 	        5 	       55
 7260000.000 	        5 	       55
 7280000.000 	        6 	       55
 7300000.000 	        5 	       55
 7320000.000 	        5 	       55
 7340000.000 	        5 	       55
 7360000.000 	        5 	       55
 7380000.000 	        5 	       55
 7400000.000 	        5 	       55
 7420000.000 	        5 	       55
 7440000.000 	        5 	       55
 7460000.000 	        5 	       55
 7480000.000 	        5 	       55
 7500000.000 	        5 	       55
 7520000.000 	        5 	       55
 7540000.000 	        5 	       55
 7560000.000 	        5 	       55
 7580000.000 	        5 	       55
 7600000.000 	        5 	       55
 7620000.000 	        5 	       55
 7640000.000 	        5 	       55
 7660000.000 	        5 	       55
 7680000.000 	        6 	       55
 7700000.000 	        5 	       55
 7720000.000 	        5 	       55
 7740000.000 	        5 	       55
 7760000.000 	        5 	       55
 7780000.000 	        5 	       55
 7800000.000 	        5 	       55
 7820000.000 	        4 	       61
 7840000.000 	        4 	       61
 7860000.000 	        4 	       61
 7880000.000 	        4 	       61
 7900000.000 	        4 	       61
 7920000.000 	        4 	       61
 7940000.000 	        4 	       61
 7960000.000 	        4 	       61
 7980000.000 	        4 	       61
 8000000.000 	        4 	       61
 8020000.000 	        4 	       61
 8040000.000 	        4 	       61
 8060000.000 	        5 	       60
 8080000.000 	        4 	       61
 8100000.000 	        4 	       61
 8120000.000 	        4 	       61
 8140000.000 	        4 	       61
 8160000.000 	        4 	       61
 8180000.000 	        4 	       61
 8200000.000 	        4 	       61
 8220000.000 	        4 	       61
 8240000.000 	        4 	       61
 8260000.000 	        4 	       61
 8280000.000 	        4 	       61
 8300000.000 	        4 	       61
 8320000.000 	        4 	       61
 8340000.000 	        4 	       61
 8360000.000 	        4 	       61
 8380000.000 	        4 	       61
 8400000.000 	        4 	       61
 8420000.000 	        4 	       61
 8440000.000 	        4 	       61
 8460000.000 	        4 	       61
 8480000.000 	        4 	       61
 8500000.000 	        4 	       61
 8520000.000 	        4 	       61
 8540000.000 	        4 	       61
 8560000.000 	        5 	       52
 8580000.000 	        4 	       61
 8600000.000 	        4 	       61
 8620000.000 	        4 	       61
 8640000.000 	        4 	       61
 8660000.000 	        4 	       61
 8680000.000 	        4 	       61
 8700000.000 	        4 	       61
 8720000.000 	        4 	       61
 8740000.000 	        4 	       61
 8760000.000 	        4 	       61
 8780000.000 	        4 	       61
 8800000.000 	        4 	       61
 8820000.000 	        4 	       61
 8840000.000 	        4 	       61
 8860000.000 	        4 	       61
 8880000.000 	        4 	       61
 8900000.000 	        4 	       61
 8920000.000 	        4 	       61
 8940000.000 	        4 	       61
 8960000.000 	        4 	       61
 8980000.000 	        4 	       61
 9000000.000 	        4 	       61
 9020000.000 	        4 	       61
 9040000.000 	        4 	       61
 9060000.000 	        4 	       61
 9080000.000 	        4 	       61
 9100000.000 	        4 	       61
 9120000.000 	        5 	       58
 9140000.000 	        4 	       61
 9160000.000 	        4 	       61
 9180000.000 	        4 	       61
 9200000.000 	        4 	       61
 9220000.000 	        4 	       61
 9240000.000 	        4 	       61
 9260000.000 	        4 	       61
 9280000.000 	        4 	       61
 9300000.000 	        4 	       61
 9320000.000 	        4 	       61
 9340000.000 	        4 	       61
 9360000.000 	        4 	       61
 9380000.000 	        4 	       61
 9400000.000 	        4 	       61
 9420000.000 	        4 	       61
 9440000.000 	        4 	       61
 9460000.000 	        4 	       61
 9480000.000 	        4 	       61
 9500000.000 	        4 	       61
 9520000.000 	        4 	       61
 9540000.000 	        4 	       61
 9560000.000 	        4 	       61
 9580000.000 	        4 	       61
 9600000.000 	        4 	       61
 9620000.000 	        4 	       61
 9640000.000 	        4 	       61
 9660000.000 	        4 	       61
 9680000.000 	        4 	       61
 9700000.000 	        4 	       61
 9720000.000 	        4 	       61
 9740000.000 	        4 	       61
 9760000.000 	        4 	       61
 9780000.000 	        4 	       61
 9800000.000 	        4 	       61
 9820000.000 	        4 	       61
 9840000.000 	        4 	       61
 9860000.000 	        4 	       61
 9880000.000 	        4 	       61
 9900000.000 	        4 	       61
 9920000.000 	        4 	       61
 9940000.000 	        4 	       61
 9960000.000 	        4 	       61
 9980000.000 	        4 	       61
10000000.000 	        4 	       61
10020000.000 	        4 	       61
10040000.000 	        4 	       61
10060000.000 	        4 	       61
10080000.000 	        4 	       61
10100000.000 	        4 	       61
10120000.000 	        4 	       61
10140000.000 	        4 	       61
10160000.000 	        4 	       61
10180000.000 	        4 	       61
10200000.000 	        4 	       61
10220000.000 	        4 	       61
10240000.000 	        4 	       61
10260000.000 	        4 	       61
10280000.000 	        4 	       61
10300000.000 	        4 	       61
10320000.000 	        4 	       61
10340000.000 	        3 	       61
10360000.000 	        3 	       61
10380000.000 	        3 	       61
10400000.000 	        3 	       61
10420000.000 	        3 	       61
10440000.000 	        3 	       61
10460000.000 	        3 	       61
10480000.000 	        3 	       61
10500000.000 	        3 	       61
10520000.000 	        3 	       61
10540000.000 	        3 	       61
10560000.000 	        3 	       61
10580000.000 	        3 	       61
10600000.000 	        3 	       61
10620000.000 	        3 	       61
10640000.000 	        3 	       61
10660000.000 	        3 	       61
10680000.000 	        3 	       61
10700000.000 	        3 	       61
10720000.000 	        3 	       61
10740000.000 	        3 	       61
10760000.000 	        3 	       61
10780000.000 	        3 	       61
10800000.000 	        3 	       61
10820000.000 	        4 	       60
10840000.000 	        3 	       61
10860000.000 	        3 	       61
10880000.000 	        3 	       61
10900000.000 	        3 	       61
10920000.000 	        3 	       61
10940000.000 	        3 	       61
10960000.000 	        3 	       61
10980000.000 	        2 	       61
11000000.000 	        2 	       61
11020000.000 	        2 	       61
11040000.000 	        3 	       61
11060000.000 	        2 	       61
11080000.000 	        2 	       61
11100000.000 	        2 	       61
11120000.000 	        2 	       61
11140000.000 	        2 	       61
11160000.000 	        2 	       61
11180000.000 	        2 	       61
11200000.000 	        2 	       61
11220000.000 	        2 	       61
11240000.000 	        2 	       61
11260000.000 	        2 	       61
11280000.000 	        2 	       61
11300000.000 	        2 	       61
11320000.000 	        2 	       61
11340000.000 	        2 	       61
11360000.000 	        2 	       61
11380000.000 	        2 	       61
11400000.000 	        2 	       61
11420000.000 	        2 	       61
11440000.000 	        2 	       61
11460000.000 	        2 	       61
11480000.000 	        2 	       61
11500000.000 	        2 	       61
11520000.000 	        2 	       61
11540000.000 	        2 	       61
11560000.000 	        2 	       61
11580000.000 	        2 	       61
11600000.000 	        2 	       61
11620000.000 	        2 	       61
11640000.000 	        2 	       61
11660000.000 	        2 	       61
11680000.000 	        2 	       61
11700000.000 	        2 	       61
11720000.000 	        2 	       61
11740000.000 	        2 	       61
11760000.000 	        2 	       61
11780000.000 	        2 	       61
11800000.000 	        2 	       61
11820000.000 	        2 	       61
11840000.000 	        2 	       61
11860000.000 	        2 	       61
11880000.000 	        2 	       61
11900000.000 	        2 	       61
11920000.000 	        2 	       61
11940000.000 	        2 	       61
11960000.000 	        2 	       61
11980000.000 	        2 	       61
12000000.000 	        2 	       61
12020000.000 	        2 	       61
12040000.000 	        2 	       61
12060000.000 	        2 	       61
12080000.000 	        2 	       61
12100000.000 	        2 	       61
12120000.000 	        2 	       61
12140000.000 	        2 	       61
12160000.000 	        2 	       61
12180000.000 	        2 	       61
12200000.000 	        2 	       61
12220000.000 	        2 	       61
12240000.000 	        2 	       61
12260000.000 	        2 	       61
12280000.000 	        2 	       61
12300000.000 	        2 	       61
12320000.000 	        2 	       61
12340000.000 	        2 	       61
12360000.000 	        2 	       61
12380000.000 	        2 	       61
12400000.000 	        2 	       61
12420000.000 	        2 	       61
12440000.000 	        2 	       61
12460000.000 	        2 	       61
12480000.000 	        2 	       61
12500000.000 	        2 	       61
12520000.000 	        2 	       61
12540000.000 	        2 	       61
12560000.000 	        2 	       61
12580000.000 	        2 	       61
12600000.000 	        2 	       61
12620000.000 	        2 	       61
12640000.000 	        2 	       61
12660000.000 	        2 	       61
12680000.000 	        2 	       61
12700000.000 	        2 	       61
12720000.000 	        2 	       61
12740000.000 	        2 	       61
12760000.000 	        2 	       61
12780000.000 	        2 	       61
12800000.000 	        2 	       61
12820000.000 	        2 	       61
12840000.000 	        2 	       61
12860000.000 	        2 	       61
12880000.000 	        2 	       61
12900000.000 	        2 	       61
12920000.000 	        2 	       61
12940000.000 	        2 	       61
12960000.000 	        2 	       61
12980000.000 	        2 	       61
13000000.000 	        2 	       61
13020000.000 	        2 	       61
13040000.000 	        2 	       61
13060000.000 	        2 	       61
13080000.000 	        2 	       61
13100000.000 	        2 	       61
13120000.000 	        2 	       61
13140000.000 	        2 	       61
13160000.000 	        2 	       61
13180000.000 	        2 	       61
13200000.000 	        2 	       61
13220000.000 	        2 	       61
13240000.000 	        2 	       61
13260000.000 	        2 	       61
13280000.000 	        2 	       61
13300000.000 	        2 	       61
13320000.000 	        2 	       61
13340000.000 	        2 	       61
13360000.000 	        3 	       60
13380000.000 	        2 	       61
13400000.000 	        2 	       61
13420000.000 	        2 	       61
13440000.000 	        2 	       61
13460000.000 	        2 	       61
13480000.000 	        2 	       61
13500000.000 	        2 	       61
13520000.000 	        2 	       61
13540000.000 	        2 	       61
13560000.000 	        2 	       61
13580000.000 	        2 	       61
13600000.000 	        2 	       61
13620000.000 	        2 	       61
13640000.000 	        2 	       61
13660000.000 	        2 	       61
13680000.000 	        2 	       61
13700000.000 	        2 	       61
13720000.000 	        2 	       61
13740000.000 	        2 	       61
13760000.000 	        2 	       61
13780000.000 	        2 	       61
13800000.000 	        2 	       61
13820000.000 	        2 	       61
13840000.000 	        2 	       61
13860000.000 	        2 	       61
13880000.000 	        2 	       61
13900000.000 	        2 	       61
13920000.000 	        2 	       61
13940000.000 	        2 	       61
13960000.000 	        2 	       61
13980000.000 	        2 	       61
14000000.000 	        3 	       57
14020000.000 	        2 	       61
14040000.000 	        2 	       61
14060000.000 	        2 	       61
14080000.000 	        2 	       61
14100000.000 	        2 	       61
14120000.000 	        2 	       61
14140000.000 	        2 	       61
14160000.000 	        2 	       61
14180000.000 	        2 	       61
14200000.000 	        2 	       61
14220000.000 	        2 	       61
14240000.000 	        2 	       61
14260000.000 	        2 	       61
14280000.000 	        2 	       61
14300000.000 	        2 	       61
14320000.000 	        2 	       61
14340000.000 	        2 	       61
14360000.000 	        2 	       61
14380000.000 	        2 	       61
14400000.000 	        2 	       61
14420000.000 	        2 	       61
14440000.000 	        2 	       61
14460000.000 	        2 	       61
14480000.000 	        2 	       61
14500000.000 	        2 	       61
14520000.000 	        2 	       61
14540000.000 	        2 	       61
14560000.000 	        2 	       61
14580000.000 	        2 	       61
14600000.000 	        2 	       61
14620000.000 	        2 	       61
14640000.000 	        2 	       61
14660000.000 	        3 	       60
14680000.000 	        2 	       61
14700000.000 	        2 	       61
14720000.000 	        2 	       61
14740000.000 	        2 	       61
14760000.000 	        2 	       61
14780000.000 	        2 	       61
14800000.000 	        2 	       61
14820000.000 	        2 	       61
14840000.000 	        2 	       61
14860000.000 	        2 	       61
14880000.000 	        3 	       60
14900000.000 	        2 	       61
14920000.000 	        2 	       61
14940000.000 	        2 	       61
14960000.000 	        2 	       61
14980000.000 	        2 	       61
15000000.000 	        2 	       61
15020000.000 	        2 	       61
15040000.000 	        2 	       61
15060000.000 	        2 	       61
15080000.000 	        2 	       61
15100000.000 	        2 	       61
15120000.000 	        2 	       61
15140000.000 	        2 	       61
15160000.000 	        2 	       61
15180000.000 	        2 	       61
15200000.000 	        2 	       61
15220000.000 	        2 	       61
15240000.000 	        2 	       61
15260000.000 	        2 	       61
15280000.000 	        2 	       61
15300000.000 	        2 	       61
15320000.000 	        2 	       61
15340000.000 	        2 	       61
15360000.000 	        2 	       61
15380000.000 	        2 	       61
15400000.000 	        2 	       61
15420000.000 	        2 	       61
15440000.000 	        2 	       61
15460000.000 	        2 	       61
15480000.000 	        2 	       61
15500000.000 	        2 	       61
15520000.000 	        2 	       61
15540000.000 	        2 	       61
15560000.000 	        2 	       61
15580000.000 	        2 	       61
15600000.000 	        2 	       61
15620000.000 	        2 	       61
15640000.000 	        2 	       61
15660000.000 	        2 	       61
15680000.000 	        2 	       61
15700000.000 	        2 	       61
15720000.000 	        2 	       61
15740000.000 	        2 	       61
15760000.000 	        2 	       61
15780000.000 	        2 	       61
15800000.000 	        2 	       61
15820000.000 	        2 	       61
15840000.000 	        2 	       61
15860000.000 	        2 	       61
15880000.000 	        2 	       61
15900000.000 	        2 	       61
15920000.000 	        2 	       61
15940000.000 	        2 	       61
15960000.000 	        2 	       61
15980000.000 	        2 	       61
16000000.000 	        2 	       61
16020000.000 	        2 	       61
16040000.000 	        2 	       61
16060000.000 	        2 	       61
16080000.000 	        2 	       61
16100000.000 	        2 	       61
16120000.000 	        2 	       61
16140000.000 	        2 	       61
16160000.000 	        2 	       61
16180000.000 	        2 	       61
16200000.000 	        2 	       61
16220000.000 	        2 	       61
16240000.000 	        2 	       61
16260000.000 	        2 	       61
16280000.000 	        2 	       61
16300000.000 	        2 	       61
16320000.000 	        2 	       61
16340000.000 	        2 	       61
16360000.000 	        2 	       61
16380000.000 	        2 	       61
16400000.000 	        2 	       61
16420000.000 	        2 	       61
16440000.000 	        2 	       61
16460000.000 	        2 	       61
16480000.000 	        2 	       61
16500000.000 	        2 	       61
16520000.000 	        2 	       61
16540000.000 	        2 	       61
16560000.000 	        2 	       61
16580000.000 	        2 	       61
16600000.000 	        2 	       61
16620000.000 	        2 	       61
16640000.000 	        2 	       61
16660000.000 	        2 	       61
16680000.000 	        2 	       61
16700000.000 	        2 	       61
16720000.000 	        2 	       61
16740000.000 	        2 	       61
16760000.000 	        2 	       61
16780000.000 	        3 	       61
16800000.000 	        2 	       61
16820000.000 	        2 	       61
16840000.000 	        2 	       61
16860000.000 	        2 	       61
16880000.000 	        2 	       61
16900000.000 	        2 	       61
16920000.000 	        2 	       61
16940000.000 	        2 	       61
16960000.000 	        2 	       61
16980000.000 	        2 	       61
17000000.000 	        2 	       61
17020000.000 	        2 	       61
17040000.000 	        2 	       61
17060000.000 	        2 	       61
17080000.000 	        2 	       61
17100000.000 	        2 	       61
17120000.000 	        2 	       61
17140000.000 	        2 	       61
17160000.000 	        2 	       61
17180000.000 	        2 	       61
17200000.000 	        2 	       61
17220000.000 	        2 	       61
17240000.000 	        2 	       61
17260000.000 	        2 	       61
17280000.000 	        2 	       61
17300000.000 	        2 	       61
17320000.000 	        2 	       61
17340000.000 	        2 	       61
17360000.000 	        2 	       61
17380000.000 	        2 	       61
17400000.000 	        2 	       61
17420000.000 	        2 	       61
17440000.000 	        2 	       61
17460000.000 	        2 	       61
17480000.000 	        2 	       61
17500000.000 	        2 	       61
17520000.000 	        2 	       61
17540000.000 	        2 	       61
17560000.000 	        2 	       61
17580000.000 	        2 	       61
17600000.000 	        2 	       61
17620000.000 	        2 	       61
17640000.000 	        2 	       61
17660000.000 	        2 	       61
17680000.000 	        2 	       61
17700000.000 	        2 	       61
17720000.000 	        2 	       61
17740000.000 	        2 	       61
17760000.000 	        2 	       61
17780000.000 	        2 	       61
17800000.000 	        2 	       61
17820000.000 	        2 	       61
17840000.000 	        2 	       61
17860000.000 	        2 	       61
17880000.000 	        2 	       61
17900000.000 	        2 	       61
17920000.000 	        2 	       61
17940000.000 	        2 	       61
17960000.000 	        2 	       61
17980000.000 	        2 	       61
18000000.000 	        2 	       61
18020000.000 	        2 	       61
18040000.000 	        2 	       61
18060000.000 	        2 	       61
18080000.000 	        2 	       61
18100000.000 	        2 	       61
18120000.000 	        2 	       61
18140000.000 	        2 	       61
18160000.000 	        2 	       61
18180000.000 	        2 	       61
18200000.000 	        2 	       61
18220000.000 	        2 	       61
18240000.000 	        2 	       61
18260000.000 	        2 	       61
18280000.000 	        3 	       60
18300000.000 	        2 	       61
18320000.000 	        2 	       61
18340000.000 	        2 	       61
18360000.000 	        2 	       61
18380000.000 	        2 	       61
18400000.000 	        2 	       61
18420000.000 	        2 	       61
18440000.000 	        2 	       61
18460000.000 	        2 	       61
18480000.000 	        2 	       61
18500000.000 	        2 	       61
18520000.000 	        2 	       61
18540000.000 	        2 	       61
18560000.000 	        2 	       61
18580000.000 	        2 	       61
18600000.000 	        2 	       61
18620000.000 	        2 	       61
18640000.000 	        2 	       61
18660000.000 	        2 	       61
18680000.000 	        2 	       61
18700000.000 	        2 	       61
18720000.000 	        2 	       61
18740000.000 	        2 	       61
18760000.000 	        2 	       61
18780000.000 	        4 	       60
18800000.000 	        2 	       61
18820000.000 	        2 	       61
18840000.000 	        2 	       61
18860000.000 	        2 	       61
18880000.000 	        2 	       61
18900000.000 	        2 	       61
18920000.000 	        2 	       61
18940000.000 	        2 	       61
18960000.000 	        2 	       61
18980000.000 	        2 	       61
19000000.000 	        2 	       61
19020000.000 	        2 	       61
19040000.000 	        2 	       61
19060000.000 	        2 	       61
19080000.000 	        2 	       61
19100000.000 	        2 	       61
19120000.000 	        2 	       61
19140000.000 	        2 	       61
19160000.000 	        2 	       61
19180000.000 	        2 	       61
19200000.000 	        2 	       61
19220000.000 	        2 	       61
19240000.000 	        2 	       61
19260000.000 	        2 	       61
19280000.000 	        2 	       61
19300000.000 	        2 	       61
19320000.000 	        2 	       61
19340000.000 	        2 	       61
19360000.000 	        2 	       61
19380000.000 	        2 	       61
19400000.000 	        2 	       61
19420000.000 	        2 	       61
19440000.000 	        2 	       61
19460000.000 	        2 	       61
19480000.000 	        2 	       61
19500000.000 	        2 	       61
19520000.000 	        2 	       61
19540000.000 	        2 	       61
19560000.000 	        2 	       61
19580000.000 	        2 	       61
19600000.000 	        2 	       61
19620000.000 	        2 	       61
19640000.000 	        2 	       61
19660000.000 	        2 	       61
19680000.000 	        2 	       61
19700000.000 	        2 	       61
19720000.000 	        2 	       61
19740000.000 	        2 	       61
19760000.000 	        2 	       61
19780000.000 	        2 	       61
19800000.000 	        2 	       61
19820000.000 	        2 	       61
19840000.000 	        2 	       61
19860000.000 	        2 	       61
19880000.000 	        2 	       61
19900000.000 	        2 	       61
19920000.000 	        2 	       61
19940000.000 	        2 	       61
19960000.000 	        2 	       61
19980000.000 	        2 	       61
20000000.000 	        2 	       61
20020000.000 	        2 	       61
20040000.000 	        2 	       61
20060000.000 	        2 	       61
20080000.000 	        2 	       61
20100000.000 	        2 	       61
20120000.000 	        2 	       61
20140000.000 	        2 	       61
20160000.000 	        2 	       61
20180000.000 	        2 	       61
20200000.000 	        2 	       61
20220000.000 	        2 	       61
20240000.000 	        2 	       61
20260000.000 	        2 	       61
20280000.000 	        2 	       61
20300000.000 	        2 	       61
20320000.000 	        2 	       61
20340000.000 	        2 	       61
20360000.000 	        2 	       61
20380000.000 	        2 	       61
20400000.000 	        2 	       61
20420000.000 	        2 	       61
20440000.000 	        2 	       61
20460000.000 	        2 	       61
20480000.000 	        2 	       61
20500000.000 	        2 	       61
20520000.000 	        2 	       61
20540000.000 	        2 	       61
20560000.000 	        2 	       61
20580000.000 	        2 	       61
20600000.000 	        2 	       61
20620000.000 	        2 	       61
20640000.000 	        2 	       61
20660000.000 	        2 	       61
20680000.000 	        2 	       61
20700000.000 	        2 	       61
20720000.000 	        2 	       61
20740000.000 	        2 	       61
20760000.000 	        2 	       61
20780000.000 	        2 	       61
20800000.000 	        2 	       61
20820000.000 	        2 	       61
20840000.000 	        2 	       61
20860000.000 	        2 	       61
20880000.000 	        2 	       61
20900000.000 	        2 	       61
20920000.000 	        2 	       61
20940000.000 	        2 	       61
20960000.000 	        2 	       61
20980000.000 	        2 	       61
21000000.000 	        2 	       61
21020000.000 	        2 	       61
21040000.000 	        2 	       61
21060000.000 	        2 	       61
21080000.000 	        2 	       61
21100000.000 	        2 	       61
21120000.000 	        2 	       61
21140000.000 	        2 	       61
21160000.000 	        2 	       61
21180000.000 	        2 	       61
21200000.000 	        2 	       61
21220000.000 	        2 	       61
21240000.000 	        2 	       61
21260000.000 	        2 	       61
21280000.000 	        2 	       61
21300000.000 	        2 	       61
21320000.000 	        2 	       61
21340000.000 	        2 	       61
21360000.000 	        2 	       61
21380000.000 	        2 	       61
21400000.000 	        2 	       61
21420000.000 	        2 	       61
21440000.000 	        2 	       61
21460000.000 	        2 	       61
21480000.000 	        2 	       61
21500000.000 	        2 	       61
21520000.000 	        2 	       61
21540000.000 	        2 	       61
21560000.000 	        2 	       61
21580000.000 	        2 	       61
21600000.000 	        2 	       61
21620000.000 	        2 	       61
21640000.000 	        2 	       61
21660000.000 	        2 	       61
21680000.000 	        2 	       61
21700000.000 	        2 	       61
21720000.000 	        2 	       61
21740000.000 	        2 	       61
21760000.000 	        2 	       61
21780000.000 	        2 	       61
21800000.000 	        2 	       61
21820000.000 	        3 	       60
21840000.000 	        2 	       61
21860000.000 	        2 	       61
21880000.000 	        2 	       61
21900000.000 	        2 	       61
21920000.000 	        2 	       61
21940000.000 	        2 	       61
21960000.000 	        2 	       61
21980000.000 	        2 	       61
22000000.000 	        2 	       61
22020000.000 	        2 	       61
22040000.000 	        2 	       61
22060000.000 	        2 	       61
22080000.000 	        2 	       61
22100000.000 	        2 	       61
22120000.000 	        2 	       61
22140000.000 	        2 	       61
22160000.000 	        2 	       61
22180000.000 	        2 	       61
22200000.000 	        2 	       61
22220000.000 	        2 	       61
22240000.000 	        2 	       61
22260000.000 	        2 	       61
22280000.000 	        2 	       61
22300000.000 	        2 	       61
22320000.000 	        2 	       61
22340000.000 	        2 	       61
22360000.000 	        2 	       61
22380000.000 	        2 	       61
22400000.000 	        2 	       61
22420000.000 	        2 	       61
22440000.000 	        3 	       60
22460000.000 	        2 	       61
22480000.000 	        2 	       61
22500000.000 	        2 	       61
22520000.000 	        2 	       61
22540000.000 	        2 	       61
22560000.000 	        2 	       61
22580000.000 	        2 	       61
22600000.000 	        2 	       61
22620000.000 	        2 	       61
22640000.000 	        2 	       61
22660000.000 	        2 	       61
22680000.000 	        2 	       61
22700000.000 	        2 	       61
22720000.000 	        2 	       61
22740000.000 	        2 	       61
22760000.000 	        2 	       61
22780000.000 	        2 	       61
22800000.000 	        2 	       61
22820000.000 	        2 	       61
22840000.000 	        2 	       61
22860000.000 	        2 	       61
22880000.000 	        2 	       61
22900000.000 	        2 	       61
22920000.000 	        2 	       61
22940000.000 	        2 	       61
22960000.000 	        2 	       61
22980000.000 	        2 	       61
23000000.000 	        2 	       61
23020000.000 	        2 	       61
23040000.000 	        2 	       61
23060000.000 	        2 	       61
23080000.000 	        2 	       61
23100000.000 	        2 	       61
23120000.000 	        2 	       61
23140000.000 	        2 	       61
23160000.000 	        2 	       61
23180000.000 	        2 	       61
23200000.000 	        2 	       61
23220000.000 	        2 	       61
23240000.000 	        2 	       61
23260000.000 	        2 	       61
23280000.000 	        2 	       61
23300000.000 	        2 	       61
23320000.000 	        2 	       61
23340000.000 	        2 	       61
23360000.000 	        2 	       61
23380000.000 	        2 	       61
23400000.000 	        2 	       61
23420000.000 	        2 	       61
23440000.000 	        2 	       61
23460000.000 	        2 	       61
23480000.000 	        2 	       61
23500000.000 	        2 	       61
23520000.000 	        2 	       61
23540000.000 	        2 	       61
23560000.000 	        2 	       61
23580000.000 	        2 	       61
23600000.000 	        2 	       61
23620000.000 	        2 	       61
23640000.000 	        2 	       61
23660000.000 	        2 	       61
23680000.000 	        2 	       61
23700000.000 	        2 	       61
23720000.000 	        2 	       61
23740000.000 	        2 	       61
23760000.000 	        2 	       61
23780000.000 	        2 	       61
23800000.000 	        2 	       61
23820000.000 	        2 	       61
23840000.000 	        2 	       61
23860000.000 	        2 	       61
23880000.000 	        2 	       61
23900000.000 	        2 	       61
23920000.000 	        2 	       61
23940000.000 	        2 	       61
23960000.000 	        2 	       61
23980000.000 	        2 	       61
24000000.000 	        2 	       61
24020000.000 	        2 	       61
24040000.000 	        2 	       61
24060000.000 	        2 	       61
24080000.000 	        2 	       61
24100000.000 	        2 	       61
24120000.000 	        2 	       61
24140000.000 	        2 	       61
24160000.000 	        2 	       61
24180000.000 	        2 	       61
24200000.000 	        2 	       61
24220000.000 	        2 	       61
24240000.000 	        2 	       61
24260000.000 	        2 	       61
24280000.000 	        2 	       61
24300000.000 	        2 	       61
24320000.000 	        2 	       61
24340000.000 	        2 	       61
24360000.000 	        2 	       61
24380000.000 	        2 	       61
24400000.000 	        2 	       61
24420000.000 	        2 	       61
24440000.000 	        2 	       61
24460000.000 	        2 	       61
24480000.000 	        2 	       61
24500000.000 	        2 	       61
24520000.000 	        2 	       61
24540000.000 	        2 	       61
24560000.000 	        2 	       61
24580000.000 	        2 	       61
24600000.000 	        2 	       61
24620000.000 	        2 	       61
24640000.000 	        2 	       61
24660000.000 	        2 	       61
24680000.000 	        2 	       61
24700000.000 	        2 	       61
24720000.000 	        2 	       61
24740000.000 	        2 	       61
24760000.000 	        2 	       61
24780000.000 	        2 	       61
24800000.000 	        2 	       61
24820000.000 	        2 	       61
24840000.000 	        2 	       61
24860000.000 	        2 	       61
24880000.000 	        2 	       61
24900000.000 	        2 	       61
24920000.000 	        2 	       61
24940000.000 	        2 	       61
24960000.000 	        2 	       61
24980000.000 	        2 	       61
25000000.000 	        2 	       61
25020000.000 	        2 	       61
25040000.000 	        2 	       61
25060000.000 	        2 	       61
25080000.000 	        2 	       61
25100000.000 	        2 	       61
25120000.000 	        2 	       61
25140000.000 	        2 	       61
25160000.000 	        2 	       61
25180000.000 	        2 	       61
25200000.000 	        2 	       61
25220000.000 	        2 	       61
25240000.000 	        2 	       61
25260000.000 	        2 	       61
25280000.000 	        2 	       61
25300000.000 	        2 	       61
25320000.000 	        2 	       61
25340000.000 	        2 	       61
25360000.000 	        2 	       61
25380000.000 	        2 	       61
25400000.000 	        2 	       61
25420000.000 	        2 	       61
25440000.000 	        2 	       61
25460000.000 	        2 	       61
25480000.000 	        2 	       61
25500000.000 	        2 	       61
25520000.000 	        2 	       61
25540000.000 	        2 	       61
25560000.000 	        2 	       61
25580000.000 	        2 	       61
25600000.000 	        2 	       61
25620000.000 	        2 	       61
25640000.000 	        2 	       61
25660000.000 	        2 	       61
25680000.000 	        2 	       61
25700000.000 	        2 	       61
25720000.000 	        2 	       61
25740000.000 	        2 	       61
25760000.000 	        2 	       61
25780000.000 	        2 	       61
25800000.000 	        2 	       61
25820000.000 	        2 	       61
25840000.000 	        2 	       61
25860000.000 	        2 	       61
25880000.000 	        2 	       61
25900000.000 	        2 	       61
25920000.000 	        2 	       61
25940000.000 	        2 	       61
25960000.000 	        2 	       61
25980000.000 	        2 	       61
26000000.000 	        2 	       61
26020000.000 	        2 	       61
26040000.000 	        2 	       61
26060000.000 	        2 	       61
26080000.000 	        2 	       61
26100000.000 	        2 	       61
26120000.000 	        2 	       61
26140000.000 	        2 	       61
26160000.000 	        2 	       61
26180000.000 	        2 	       61
26200000.000 	        2 	       61
26220000.000 	        2 	       61
26240000.000 	        2 	       61
26260000.000 	        2 	       61
26280000.000 	        2 	       61
26300000.000 	        2 	       61
26320000.000 	        2 	       61
26340000.000 	        2 	       61
26360000.000 	        2 	       61
26380000.000 	        2 	       61
26400000.000 	        2 	       61
26420000.000 	        2 	       61
26440000.000 	        2 	       61
26460000.000 	        2 	       61
26480000.000 	        2 	       61
26500000.000 	        2 	       61
26520000.000 	        2 	       61
26540000.000 	        2 	       61
26560000.000 	        2 	       61
26580000.000 	        2 	       61
26600000.000 	        2 	       61
26620000.000 	        2 	       61
26640000.000 	        2 	       61
26660000.000 	        2 	       61
26680000.000 	        2 	       61
26700000.000 	        2 	       61
26720000.000 	        2 	       61
26740000.000 	        2 	       61
26760000.000 	        2 	       61
26780000.000 	        2 	       61
26800000.000 	        2 	       61
26820000.000 	        2 	       61
26840000.000 	        2 	       61
26860000.000 	        2 	       61
26880000.000 	        2 	       61
26900000.000 	        2 	       61
26920000.000 	        2 	       61
26940000.000 	        2 	       61
26960000.000 	        2 	       61
26980000.000 	        2 	       61
27000000.000 	        2 	       61
27020000.000 	        2 	       61
27040000.000 	        2 	       61
27060000.000 	        2 	       61
27080000.000 	        2 	       61
27100000.000 	        2 	       61
27120000.000 	        2 	       61
27140000.000 	        2 	       61
27160000.000 	        2 	       61
27180000.000 	        2 	       61
27200000.000 	        2 	       61
27220000.000 	        2 	       61
27240000.000 	        2 	       61
27260000.000 	        2 	       61
27280000.000 	        2 	       61
27300000.000 	        2 	       61
27320000.000 	        2 	       61
27340000.000 	        2 	       61
27360000.000 	        2 	       61
27380000.000 	        2 	       61
27400000.000 	        2 	       61
27420000.000 	        2 	       61
27440000.000 	        2 	       61
27460000.000 	        2 	       61
27480000.000 	        2 	       61
27500000.000 	        2 	       61
27520000.000 	        2 	       61
27540000.000 	        2 	       61
27560000.000 	        2 	       61
27580000.000 	        2 	       61
27600000.000 	        2 	       61
27620000.000 	        2 	       61
27640000.000 	        2 	       61
27660000.000 	        2 	       61
27680000.000 	        2 	       61
27700000.000 	        2 	       61
27720000.000 	        2 	       61
27740000.000 	        2 	       61
27760000.000 	        2 	       61
27780000.000 	        2 	       61
27800000.000 	        2 	       61
27820000.000 	        2 	       61
27840000.000 	        2 	       61
27860000.000 	        2 	       61
27880000.000 	        2 	       61
27900000.000 	        2 	       61
27920000.000 	        2 	       61
27940000.000 	        2 	       61
27960000.000 	        2 	       61
27980000.000 	        2 	       61
28000000.000 	        2 	       61
28020000.000 	        2 	       61
28040000.000 	        2 	       61
28060000.000 	        2 	       61
28080000.000 	        2 	       61
28100000.000 	        2 	       61
28120000.000 	        2 	       61
28140000.000 	        2 	       61
28160000.000 	        2 	       61
28180000.000 	        2 	       61
28200000.000 	        2 	       61
28220000.000 	        2 	       61
28240000.000 	        2 	       61
28260000.000 	        2 	       61
28280000.000 	        2 	       61
28300000.000 	        2 	       61
28320000.000 	        2 	       61
28340000.000 	        2 	       61
28360000.000 	        2 	       61
28380000.000 	        2 	       61
28400000.000 	        2 	       61
28420000.000 	        2 	       61
28440000.000 	        2 	       61
28460000.000 	        2 	       61
28480000.000 	        2 	       61
28500000.000 	        2 	       61
28520000.000 	        2 	       61
28540000.000 	        2 	       61
28560000.000 	        2 	       61
28580000.000 	        2 	       61
28600000.000 	        2 	       61
28620000.000 	        2 	       61
28640000.000 	        2 	       61
28660000.000 	        2 	       61
28680000.000 	        2 	       61
28700000.000 	        2 	       61
28720000.000 	        2 	       61
28740000.000 	        2 	       61
28760000.000 	        2 	       61
28780000.000 	        2 	       61
28800000.000 	        2 	       61
28820000.000 	        2 	       61
28840000.000 	        2 	       61
28860000.000 	        2 	       61
28880000.000 	        2 	       61
28900000.000 	        2 	       61
28920000.000 	        2 	       61
28940000.000 	        2 	       61
28960000.000 	        2 	       61
28980000.000 	        2 	       61
29000000.000 	        2 	       61
29020000.000 	        2 	       61
29040000.000 	        2 	       61
29060000.000 	        2 	       61
29080000.000 	        2 	       61
29100000.000 	        2 	       61
29120000.000 	        2 	       61
29140000.000 	        2 	       61
29160000.000 	        2 	       61
29180000.000 	        2 	       61
29200000.000 	        2 	       61
29220000.000 	        2 	       61
29240000.000 	        2 	       61
29260000.000 	        2 	       61
29280000.000 	        2 	       61
29300000.000 	        2 	       61
29320000.000 	        2 	       61
29340000.000 	        2 	       61
29360000.000 	        2 	       61
29380000.000 	        2 	       61
29400000.000 	        2 	       61
29420000.000 	        2 	       61
29440000.000 	        2 	       61
29460000.000 	        2 	       61
29480000.000 	        2 	       61
29500000.000 	        2 	       61
29520000.000 	        2 	       61
29540000.000 	        2 	       61
29560000.000 	        2 	       61
29580000.000 	        2 	       61
29600000.000 	        2 	       61
29620000.000 	        2 	       61
29640000.000 	        2 	       61
29660000.000 	        2 	       61
29680000.000 	        2 	       61
29700000.000 	        2 	       61
29720000.000 	        2 	       61
29740000.000 	        2 	       61
29760000.000 	        2 	       61
29780000.000 	        2 	       61
29800000.000 	        2 	       61
29820000.000 	        2 	       61
29840000.000 	        2 	       61
29860000.000 	        2 	       61
29880000.000 	        2 	       61
29900000.000 	        2 	       61
29920000.000 	        2 	       61
29940000.000 	        2 	       61
29960000.000 	        2 	       61
29980000.000 	        2 	       61
30000000.000 	        2 	       61
30020000.000 	        2 	       61
30040000.000 	        2 	       61
30060000.000 	        2 	       61
30080000.000 	        2 	       61
30100000.000 	        2 	       61
30120000.000 	        2 	       61
30140000.000 	        2 	       61
30160000.000 	        2 	       61
30180000.000 	        2 	       61
30200000.000 	        2 	       61
30220000.000 	        2 	       61
30240000.000 	        2 	       61
30260000.000 	        2 	       61
30280000.000 	        2 	       61
30300000.000 	        2 	       61
30320000.000 	        2 	       61
30340000.000 	        2 	       61
30360000.000 	        2 	       61
30380000.000 	        2 	       61
30400000.000 	        2 	       61
30420000.000 	        2 	       61
30440000.000 	        2 	       61
30460000.000 	        2 	       61
30480000.000 	        2 	       61
30500000.000 	        2 	       61
30520000.000 	        2 	       61
30540000.000 	        2 	       61
30560000.000 	        2 	       61
30580000.000 	        2 	       61
30600000.000 	        2 	       61
30620000.000 	        2 	       61
30640000.000 	        3 	       60
30660000.000 	        2 	       61
30680000.000 	        2 	       61
30700000.000 	        2 	       61
30720000.000 	        2 	       61
30740000.000 	        2 	       61
30760000.000 	        2 	       61
30780000.000 	        2 	       61
30800000.000 	        2 	       61
30820000.000 	        2 	       61
30840000.000 	        2 	       61
30860000.000 	        2 	       61
30880000.000 	        2 	       61
30900000.000 	        2 	       61
30920000.000 	        2 	       61
30940000.000 	        2 	       61
30960000.000 	        2 	       61
30980000.000 	        2 	       61
31000000.000 	        3 	       60
31020000.000 	        2 	       61
31040000.000 	        3 	       60
31060000.000 	        2 	       61
31080000.000 	        2 	       61
31100000.000 	        2 	       61
31120000.000 	        2 	       61
31140000.000 	        2 	       61
31160000.000 	        2 	       61
31180000.000 	        3 	       60
31200000.000 	        2 	       61
31220000.000 	        2 	       61
31240000.000 	        2 	       61
31260000.000 	        3 	       60
31280000.000 	        2 	       61
31300000.000 	        3 	       60
31320000.000 	        2 	       61
31340000.000 	        2 	       61
31360000.000 	        2 	       61
31380000.000 	        2 	       61
31400000.000 	        2 	       61
31420000.000 	        2 	       61
31440000.000 	        2 	       61
31460000.000 	        2 	       61
31480000.000 	        2 	       61
31500000.000 	        2 	       61
31520000.000 	        2 	       61
31540000.000 	        2 	       61
31560000.000 	        2 	       61
31580000.000 	        2 	       61
31600000.000 	        2 	       61
31620000.000 	        2 	       61
31640000.000 	        2 	       61
31660000.000 	        2 	       61
31680000.000 	        2 	       61
31700000.000 	        2 	       61
31720000.000 	        2 	       61
31740000.000 	        2 	       61
31760000.000 	        2 	       61
31780000.000 	        2 	       61
31800000.000 	        2 	       61
31820000.000 	        2 	       61
31840000.000 	        2 	       61
31860000.000 	        2 	       61
31880000.000 	        2 	       61
31900000.000 	        2 	       61
31920000.000 	        2 	       61
31940000.000 	        2 	       61
31960000.000 	        2 	       61
31980000.000 	        2 	       61
32000000.000 	        2 	       61
32020000.000 	        2 	       61
32040000.000 	        2 	       61
32060000.000 	        2 	       61
32080000.000 	        2 	       61
32100000.000 	        2 	       61
32120000.000 	        2 	       61
32140000.000 	        2 	       61
32160000.000 	        2 	       61
32180000.000 	        2 	       61
32200000.000 	        2 	       61
32220000.000 	        2 	       61
32240000.000 	        2 	       61
32260000.000 	        2 	       61
32280000.000 	        2 	       61
32300000.000 	        2 	       61
32320000.000 	        2 	       61
32340000.000 	        2 	       61
32360000.000 	        2 	       61
32380000.000 	        2 	       61
32400000.000 	        2 	       61
32420000.000 	        2 	       61
32440000.000 	        2 	       61
32460000.000 	        2 	       61
32480000.000 	        2 	       61
32500000.000 	        2 	       61
32520000.000 	        2 	       61
32540000.000 	        2 	       61
32560000.000 	        2 	       61
32580000.000 	        2 	       61
32600000.000 	        2 	       61
32620000.000 	        2 	       61
32640000.000 	        2 	       61
32660000.000 	        2 	       61
32680000.000 	        2 	       61
32700000.000 	        2 	       61
32720000.000 	        2 	       61
32740000.000 	        2 	       61
32760000.000 	        2 	       61
32780000.000 	        2 	       61
32800000.000 	        2 	       61
32820000.000 	        2 	       61
32840000.000 	        2 	       61
32860000.000 	        2 	       61
32880000.000 	        2 	       61
32900000.000 	        2 	       61
32920000.000 	        2 	       61
32940000.000 	        2 	       61
32960000.000 	        2 	       61
32980000.000 	        2 	       61
33000000.000 	        2 	       61
33020000.000 	        2 	       61
33040000.000 	        2 	       61
33060000.000 	        2 	       61
33080000.000 	        2 	       61
33100000.000 	        2 	       61
33120000.000 	        2 	       61
33140000.000 	        2 	       61
33160000.000 	        2 	       61
33180000.000 	        2 	       61
33200000.000 	        2 	       61
33220000.000 	        2 	       61
33240000.000 	        2 	       61
33260000.000 	        2 	       61
33280000.000 	        2 	       61
33300000.000 	        2 	       61
33320000.000 	        2 	       61
33340000.000 	        2 	       61
33360000.000 	        2 	       61
33380000.000 	        2 	       61
33400000.000 	        3 	       60
33420000.000 	        2 	       61
33440000.000 	        2 	       61
33460000.000 	        2 	       61
33480000.000 	        2 	       61
33500000.000 	        2 	       61
33520000.000 	        2 	       61
33540000.000 	        2 	       61
33560000.000 	        2 	       61
33580000.000 	        2 	       61
33600000.000 	        2 	       61
33620000.000 	        2 	       61
33640000.000 	        2 	       61
33660000.000 	        2 	       61
33680000.000 	        2 	       61
33700000.000 	        2 	       61
33720000.000 	        2 	       61
33740000.000 	        2 	       61
33760000.000 	        2 	       61
33780000.000 	        2 	       61
33800000.000 	        2 	       61
33820000.000 	        2 	       61
33840000.000 	        2 	       61
33860000.000 	        2 	       61
33880000.000 	        2 	       61
33900000.000 	        2 	       61
33920000.000 	        2 	       61
33940000.000 	        2 	       61
33960000.000 	        2 	       61
33980000.000 	        3 	       61
34000000.000 	        2 	       61
34020000.000 	        2 	       61
34040000.000 	        3 	       61
34060000.000 	        2 	       61
34080000.000 	        2 	       61
34100000.000 	        2 	       61
34120000.000 	        2 	       61
34140000.000 	        2 	       61
34160000.000 	        2 	       61
34180000.000 	        2 	       61
34200000.000 	        2 	       61
34220000.000 	        2 	       61
34240000.000 	        2 	       61
34260000.000 	        2 	       61
34280000.000 	        2 	       61
34300000.000 	        2 	       61
34320000.000 	        2 	       61
34340000.000 	        2 	       61
34360000.000 	        2 	       61
34380000.000 	        2 	       61
34400000.000 	        2 	       61
34420000.000 	        2 	       61
34440000.000 	        2 	       61
34460000.000 	        2 	       61
34480000.000 	        2 	       61
34500000.000 	        2 	       61
34520000.000 	        2 	       61
34540000.000 	        2 	       61
34560000.000 	        2 	       61
34580000.000 	        2 	       61
34600000.000 	        2 	       61
34620000.000 	        2 	       61
34640000.000 	        2 	       61
34660000.000 	        2 	       61
34680000.000 	        2 	       61
34700000.000 	        2 	       61
34720000.000 	        2 	       61
34740000.000 	        2 	       61
34760000.000 	        2 	       61
34780000.000 	        2 	       61
34800000.000 	        2 	       61
34820000.000 	        2 	       61
34840000.000 	        2 	       61
34860000.000 	        2 	       61
34880000.000 	        2 	       61
34900000.000 	        2 	       61
34920000.000 	        2 	       61
34940000.000 	        2 	       61
34960000.000 	        2 	       61
34980000.000 	        2 	       61
35000000.000 	        2 	       61
35020000.000 	        2 	       61
35040000.000 	        2 	       61
35060000.000 	        2 	       61
35080000.000 	        2 	       61
35100000.000 	        2 	       61
35120000.000 	        2 	       61
35140000.000 	        2 	       61
35160000.000 	        2 	       61
35180000.000 	        2 	       61
35200000.000 	        2 	       61
35220000.000 	        2 	       61
35240000.000 	        2 	       61
35260000.000 	        2 	       61
35280000.000 	        2 	       61
35300000.000 	        3 	       60
35320000.000 	        2 	       61
35340000.000 	        2 	       61
35360000.000 	        2 	       61
35380000.000 	        2 	       61
35400000.000 	        2 	       61
35420000.000 	        2 	       61
35440000.000 	        2 	       61
35460000.000 	        2 	       61
35480000.000 	        2 	       61
35500000.000 	        2 	       61
35520000.000 	        2 	       61
35540000.000 	        2 	       61
35560000.000 	        2 	       61
35580000.000 	        2 	       61
35600000.000 	        2 	       61
35620000.000 	        2 	       61
35640000.000 	        3 	       39
35660000.000 	        2 	       61
35680000.000 	        2 	       61
35700000.000 	        2 	       61
35720000.000 	        2 	       61
35740000.000 	        3 	       61
35760000.000 	        2 	       61
35780000.000 	        2 	       61
35800000.000 	        2 	       61
35820000.000 	        2 	       61
35840000.000 	        2 	       61
35860000.000 	        2 	       61
35880000.000 	        2 	       61
35900000.000 	        2 	       61
35920000.000 	        2 	       61
35940000.000 	        2 	       61
35960000.000 	        2 	       61
35980000.000 	        2 	       61
36000000.000 	        2 	       61
36020000.000 	        2 	       61
36040000.000 	        2 	       61
36060000.000 	        2 	       61
36080000.000 	        2 	       61
36100000.000 	        2 	       61
36120000.000 	        2 	       61
36140000.000 	        2 	       61
36160000.000 	        2 	       61
36180000.000 	        2 	       61
36200000.000 	        2 	       61
36220000.000 	        2 	       61
36240000.000 	        2 	       61
36260000.000 	        3 	       60
36280000.000 	        2 	       61
36300000.000 	        2 	       61
36320000.000 	        2 	       61
36340000.000 	        2 	       61
36360000.000 	        2 	       61
36380000.000 	        2 	       61
36400000.000 	        2 	       61
36420000.000 	        2 	       61
36440000.000 	        2 	       61
36460000.000 	        2 	       61
36480000.000 	        2 	       61
36500000.000 	        2 	       61
36520000.000 	        2 	       61
36540000.000 	        2 	       61
36560000.000 	        2 	       61
36580000.000 	        2 	       61
36600000.000 	        2 	       61
36620000.000 	        2 	       61
36640000.000 	        2 	       61
36660000.000 	        2 	       61
36680000.000 	        2 	       61
36700000.000 	        2 	       61
36720000.000 	        2 	       61
36740000.000 	        2 	       61
36760000.000 	        2 	       61
36780000.000 	        2 	       61
36800000.000 	        2 	       61
36820000.000 	        2 	       61
36840000.000 	        2 	       61
36860000.000 	        3 	       61
36880000.000 	        2 	       61
36900000.000 	        3 	       61
36920000.000 	        2 	       61
36940000.000 	        2 	       61
36960000.000 	        2 	       61
36980000.000 	        2 	       61
37000000.000 	        2 	       61
37020000.000 	        2 	       61
37040000.000 	        2 	       61
37060000.000 	        2 	       61
37080000.000 	        2 	       61
37100000.000 	        2 	       61
37120000.000 	        2 	       61
37140000.000 	        2 	       61
37160000.000 	        2 	       61
37180000.000 	        3 	       61
37200000.000 	        2 	       61
37220000.000 	        2 	       61
37240000.000 	        2 	       61
37260000.000 	        2 	       61
37280000.000 	        2 	       61
37300000.000 	        2 	       61
37320000.000 	        2 	       61
37340000.000 	        2 	       61
37360000.000 	        2 	       61
37380000.000 	        2 	       61
37400000.000 	        2 	       61
37420000.000 	        2 	       61
37440000.000 	        2 	       61
37460000.000 	        2 	       61
37480000.000 	        2 	       61
37500000.000 	        2 	       61
37520000.000 	        2 	       61
37540000.000 	        2 	       61
37560000.000 	        2 	       61
37580000.000 	        2 	       61
37600000.000 	        2 	       61
37620000.000 	        2 	       61
37640000.000 	        2 	       61
37660000.000 	        2 	       61
37680000.000 	        2 	       61
37700000.000 	        2 	       61
37720000.000 	        2 	       61
37740000.000 	        2 	       61
37760000.000 	        2 	       61
37780000.000 	        2 	       61
37800000.000 	        2 	       61
37820000.000 	        3 	       39
37840000.000 	        2 	       61
37860000.000 	        2 	       61
37880000.000 	        2 	       61
37900000.000 	        2 	       61
37920000.000 	        2 	       61
37940000.000 	        2 	       61
37960000.000 	        2 	       61
37980000.000 	        2 	       61
38000000.000 	        2 	       61
38020000.000 	        2 	       61
38040000.000 	        2 	       61
38060000.000 	        2 	       61
38080000.000 	        2 	       61
38100000.000 	        2 	       61
38120000.000 	        2 	       61
38140000.000 	        2 	       61
38160000.000 	        2 	       61
38180000.000 	        2 	       61
38200000.000 	        2 	       61
38220000.000 	        3 	       61
38240000.000 	        2 	       61
38260000.000 	        2 	       61
38280000.000 	        2 	       61
38300000.000 	        2 	       61
38320000.000 	        2 	       61
38340000.000 	        2 	       61
38360000.000 	        2 	       61
38380000.000 	        2 	       61
38400000.000 	        2 	       61
38420000.000 	        2 	       61
38440000.000 	        2 	       61
38460000.000 	        2 	       61
38480000.000 	        2 	       61
38500000.000 	        2 	       61
38520000.000 	        2 	       61
38540000.000 	        2 	       61
38560000.000 	        2 	       61
38580000.000 	        2 	       61
38600000.000 	        2 	       61
38620000.000 	        2 	       61
38640000.000 	        2 	       61
38660000.000 	        2 	       61
38680000.000 	        2 	       61
38700000.000 	        2 	       61
38720000.000 	        2 	       61
38740000.000 	        2 	       61
38760000.000 	        2 	       61
38780000.000 	        2 	       61
38800000.000 	        2 	       61
38820000.000 	        2 	       61
38840000.000 	        2 	       61
38860000.000 	        2 	       61
38880000.000 	        2 	       61
38900000.000 	        2 	       61
38920000.000 	        2 	       61
38940000.000 	        2 	       61
38960000.000 	        2 	       61
38980000.000 	        2 	       61
39000000.000 	        2 	       61
39020000.000 	        2 	       61
39040000.000 	        2 	       61
39060000.000 	        2 	       61
39080000.000 	        2 	       61
39100000.000 	        2 	       61
39120000.000 	        2 	       61
39140000.000 	        2 	       61
39160000.000 	        2 	       61
39180000.000 	        2 	       61
39200000.000 	        2 	       61
39220000.000 	        2 	       61
39240000.000 	        2 	       61
39260000.000 	        2 	       61
39280000.000 	        2 	       61
39300000.000 	        2 	       61
39320000.000 	        2 	       61
39340000.000 	        2 	       61
39360000.000 	        2 	       61
39380000.000 	        2 	       61
39400000.000 	        2 	       61
39420000.000 	        2 	       61
39440000.000 	        2 	       61
39460000.000 	        2 	       61
39480000.000 	        2 	       61
39500000.000 	        2 	       61
39520000.000 	        2 	       61
39540000.000 	        2 	       61
39560000.000 	        2 	       61
39580000.000 	        2 	       61
39600000.000 	        2 	       61
39620000.000 	        2 	       61
39640000.000 	        2 	       61
39660000.000 	        2 	       61
