       0.000 	      100 	        1
   20000.000 	      100 	        1
   40000.000 	      100 	        1
   60000.000 	      100 	        1
   80000.000 	      100 	        1
  100000.000 	      100 	        1
  120000.000 	      100 	        1
  140000.000 	      100 	        1
  160000.000 	      100 	        1
  180000.000 	      100 	        1
  200000.000 	      100 	        1
  220000.000 	      100 	        1
  240000.000 	      100 	        1
  260000.000 	      100 	        1
  280000.000 	      100 	        1
  300000.000 	      100 	        1
  320000.000 	      100 	        1
  340000.000 	      100 	        1
  360000.000 	      100 	        1
  380000.000 	      100 	        1
  400000.000 	      100 	        1
  420000.000 	      100 	        1
  440000.000 	      100 	        1
  460000.000 	      100 	        1
  480000.000 	      100 	        1
  500000.000 	      100 	        1
  520000.000 	      100 	        1
  540000.000 	      100 	        1
  560000.000 	      100 	        1
  580000.000 	      100 	        1
  600000.000 	      100 	        1
  620000.000 	      100 	        1
  640000.000 	      100 	        1
  660000.000 	      100 	        1
  680000.000 	      100 	        1
  700000.000 	      100 	        1
  720000.000 	      100 	        1
  740000.000 	      100 	        1
  760000.000 	      100 	        1
  780000.000 	      100 	        1
  800000.000 	      100 	        1
  820000.000 	      100 	        1
  840000.000 	      100 	        1
  860000.000 	      100 	        1
  880000.000 	      100 	        1
  900000.000 	      100 	        1
  920000.000 	      100 	        1
  940000.000 	      100 	        1
  960000.000 	      100 	        1
  980000.000 	      100 	        1
 1000000.000 	      100 	        1
 1020000.000 	      100 	        1
 1040000.000 	      100 	        1
 1060000.000 	      100 	        1
 1080000.000 	      100 	        1
 1100000.000 	      100 	        1
 1120000.000 	      100 	        1
 1140000.000 	      100 	        1
 1160000.000 	      100 	        1
 1180000.000 	      100 	        1
 1200000.000 	      100 	        1
 1220000.000 	      100 	        1
 1240000.000 	      100 	        1
 1260000.000 	      100 	        1
 1280000.000 	      100 	        1
 1300000.000 	      100 	        1
 1320000.000 	      100 	        1
 1340000.000 	      100 	        1
 1360000.000 	      100 	        1
 1380000.000 	      100 	        1
 1400000.000 	      100 	        1
 1420000.000 	      100 	        1
 1440000.000 	      100 	        1
 1460000.000 	      100 	        1
 1480000.000 	      100 	        1
 1500000.000 	      100 	        1
 1520000.000 	      100 	        1
 1540000.000 	      100 	        1
 1560000.000 	      100 	        1
 1580000.000 	      100 	        1
 1600000.000 	      100 	        1
 1620000.000 	      100 	        1
 1640000.000 	      100 	        1
 1660000.000 	      100 	        1
 1680000.000 	      100 	        1
 1700000.000 	      100 	        1
 1720000.000 	      100 	        1
 1740000.000 	      100 	        1
 1760000.000 	      100 	        1
 1780000.000 	      100 	        1
 1800000.000 	      100 	        1
 1820000.000 	      100 	        1
 1840000.000 	      100 	        1
 1860000.000 	      100 	        1
 1880000.000 	      100 	        1
 1900000.000 	      100 	        1
 1920000.000 	      100 	        1
 1940000.000 	      100 	        1
 1960000.000 	      100 	        1
 1980000.000 	      100 	        1
 2000000.000 	      100 	        1
 2020000.000 	      100 	        1
 2040000.000 	      100 	        1
 2060000.000 	      100 	        1
 2080000.000 	      100 	        1
 2100000.000 	      100 	        1
 2120000.000 	      100 	        1
 2140000.000 	      100 	        1
 2160000.000 	      100 	        1
 2180000.000 	      100 	        1
 2200000.000 	      100 	        1
 2220000.000 	      100 	        1
 2240000.000 	      100 	        1
 2260000.000 	      100 	        1
 2280000.000 	      100 	        1
 2300000.000 	      100 	        1
 2320000.000 	      100 	        1
 2340000.000 	      100 	        1
 2360000.000 	      100 	        1
 2380000.000 	      100 	        1
 2400000.000 	      100 	        1
 2420000.000 	      100 	        1
 2440000.000 	      100 	        1
 2460000.000 	      100 	        1
 2480000.000 	      100 	        1
 2500000.000 	      100 	        1
 2520000.000 	      100 	        1
 2540000.000 	      100 	        1
 2560000.000 	      100 	        1
 2580000.000 	      100 	        1
 2600000.000 	      100 	        1
 2620000.000 	      100 	        1
 2640000.000 	      100 	        1
 2660000.000 	      100 	        1
 2680000.000 	      100 	        1
 2700000.000 	      100 	        1
 2720000.000 	      100 	        1
 2740000.000 	      100 	        1
 2760000.000 	      100 	        1
 2780000.000 	      100 	        1
 2800000.000 	      100 	        1
 2820000.000 	      100 	        1
 2840000.000 	      100 	        1
 2860000.000 	      100 	        1
 2880000.000 	      100 	        1
 2900000.000 	      100 	        1
 2920000.000 	      100 	        1
 2940000.000 	      100 	        1
 2960000.000 	      100 	        1
 2980000.000 	      100 	        1
 3000000.000 	      100 	        1
 3020000.000 	      100 	        1
 3040000.000 	      100 	        1
 3060000.000 	      100 	        1
 3080000.000 	      100 	        1
 3100000.000 	      100 	        1
 3120000.000 	      100 	        1
 3140000.000 	      100 	        1
 3160000.000 	      100 	        1
 3180000.000 	      100 	        1
 3200000.000 	      100 	        1
 3220000.000 	      100 	        1
 3240000.000 	      100 	        1
 3260000.000 	      100 	        1
 3280000.000 	      100 	        1
 3300000.000 	      100 	        1
 3320000.000 	      100 	        1
 3340000.000 	      100 	        1
 3360000.000 	      100 	        1
 3380000.000 	      100 	        1
 3400000.000 	      100 	        1
 3420000.000 	      100 	        1
 3440000.000 	      100 	        1
 3460000.000 	      100 	        1
 3480000.000 	      100 	        1
 3500000.000 	      100 	        1
 3520000.000 	      100 	        1
 3540000.000 	      100 	        1
 3560000.000 	      100 	        1
 3580000.000 	      100 	        1
 3600000.000 	      100 	        1
 3620000.000 	      100 	        1
 3640000.000 	      100 	        1
 3660000.000 	      100 	        1
 3680000.000 	      100 	        1
 3700000.000 	      100 	        1
 3720000.000 	      100 	        1
 3740000.000 	      100 	        1
 3760000.000 	      100 	        1
 3780000.000 	      100 	        1
 3800000.000 	      100 	        1
 3820000.000 	      100 	        1
 3840000.000 	      100 	        1
 3860000.000 	      100 	        1
 3880000.000 	      100 	        1
 3900000.000 	      100 	        1
 3920000.000 	      100 	        1
 3940000.000 	      100 	        1
 3960000.000 	      100 	        1
 3980000.000 	      100 	        1
 4000000.000 	      100 	        1
 4020000.000 	      100 	        1
 4040000.000 	      100 	        1
 4060000.000 	      100 	        1
 4080000.000 	      100 	        1
 4100000.000 	      100 	        1
 4120000.000 	      100 	        1
 4140000.000 	      100 	        1
 4160000.000 	      100 	        1
 4180000.000 	      100 	        1
 4200000.000 	      100 	        1
 4220000.000 	      100 	        1
 4240000.000 	      100 	        1
 4260000.000 	      100 	        1
 4280000.000 	      100 	        1
 4300000.000 	      100 	        1
 4320000.000 	      100 	        1
 4340000.000 	      100 	        1
 4360000.000 	      100 	        1
 4380000.000 	      100 	        1
 4400000.000 	      100 	        1
 4420000.000 	      100 	        1
 4440000.000 	      100 	        1
 4460000.000 	      100 	        1
 4480000.000 	      100 	        1
 4500000.000 	      100 	        1
 4520000.000 	      100 	        1
 4540000.000 	      100 	        1
 4560000.000 	      100 	        1
 4580000.000 	      100 	        1
 4600000.000 	      100 	        1
 4620000.000 	      100 	        1
 4640000.000 	      100 	        1
 4660000.000 	      100 	        1
 4680000.000 	      100 	        1
 4700000.000 	      100 	        1
 4720000.000 	      100 	        1
 4740000.000 	      100 	        1
 4760000.000 	      100 	        1
 4780000.000 	      100 	        1
 4800000.000 	      100 	        1
 4820000.000 	      100 	        1
 4840000.000 	      100 	        1
 4860000.000 	      100 	        1
 4880000.000 	      100 	        1
 4900000.000 	      100 	        1
 4920000.000 	      100 	        1
 4940000.000 	      100 	        1
 4960000.000 	      100 	        1
 4980000.000 	      100 	        1
 5000000.000 	      100 	        1
 5020000.000 	      100 	        1
 5040000.000 	      100 	        1
 5060000.000 	      100 	        1
 5080000.000 	      100 	        1
 5100000.000 	      100 	        1
 5120000.000 	      100 	        1
 5140000.000 	      100 	        1
 5160000.000 	      100 	        1
 5180000.000 	      100 	        1
 5200000.000 	      100 	        1
 5220000.000 	      100 	        1
 5240000.000 	      100 	        1
 5260000.000 	      100 	        1
 5280000.000 	      100 	        1
 5300000.000 	      100 	        1
 5320000.000 	      100 	        1
 5340000.000 	      100 	        1
 5360000.000 	      100 	        1
 5380000.000 	      100 	        1
 5400000.000 	      100 	        1
 5420000.000 	      100 	        1
 5440000.000 	      100 	        1
 5460000.000 	      100 	        1
 5480000.000 	      100 	        1
 5500000.000 	      100 	        1
 5520000.000 	      100 	        1
 5540000.000 	      100 	        1
 5560000.000 	      100 	        1
 5580000.000 	      100 	        1
 5600000.000 	      100 	        1
 5620000.000 	      100 	        1
 5640000.000 	      100 	        1
 5660000.000 	      100 	        1
 5680000.000 	      100 	        1
 5700000.000 	      100 	        1
 5720000.000 	      100 	        1
 5740000.000 	      100 	        1
 5760000.000 	      100 	        1
 5780000.000 	      100 	        1
 5800000.000 	      100 	        1
 5820000.000 	      100 	        1
 5840000.000 	      100 	        1
 5860000.000 	      100 	        1
 5880000.000 	      100 	        1
 5900000.000 	      100 	        1
 5920000.000 	      100 	        1
 5940000.000 	      100 	        1
 5960000.000 	      100 	        1
 5980000.000 	      100 	        1
 6000000.000 	      100 	        1
 6020000.000 	      100 	        1
 6040000.000 	      100 	        1
 6060000.000 	      100 	        1
 6080000.000 	      100 	        1
 6100000.000 	      100 	        1
 6120000.000 	      100 	        1
 6140000.000 	      100 	        1
 6160000.000 	      100 	        1
 6180000.000 	      100 	        1
 6200000.000 	      100 	        1
 6220000.000 	      100 	        1
 6240000.000 	      100 	        1
 6260000.000 	      100 	        1
 6280000.000 	      100 	        1
 6300000.000 	      100 	        1
 6320000.000 	      100 	        1
 6340000.000 	      100 	        1
 6360000.000 	      100 	        1
 6380000.000 	      100 	        1
 6400000.000 	      100 	        1
 6420000.000 	      100 	        1
 6440000.000 	      100 	        1
 6460000.000 	      100 	        1
 6480000.000 	      100 	        1
 6500000.000 	      100 	        1
 6520000.000 	      100 	        1
 6540000.000 	      100 	        1
 6560000.000 	      100 	        1
 6580000.000 	      100 	        1
 6600000.000 	      100 	        1
 6620000.000 	      100 	        1
 6640000.000 	      100 	        1
 6660000.000 	      100 	        1
 6680000.000 	      100 	        1
 6700000.000 	      100 	        1
 6720000.000 	      100 	        1
 6740000.000 	      100 	        1
 6760000.000 	      100 	        1
 6780000.000 	      100 	        1
 6800000.000 	      100 	        1
 6820000.000 	      100 	        1
 6840000.000 	      100 	        1
 6860000.000 	      100 	        1
 6880000.000 	      100 	        1
 6900000.000 	      100 	        1
 6920000.000 	      100 	        1
 6940000.000 	      100 	        1
 6960000.000 	      100 	        1
 6980000.000 	      100 	        1
 7000000.000 	      100 	        1
 7020000.000 	      100 	        1
 7040000.000 	      100 	        1
 7060000.000 	      100 	        1
 7080000.000 	      100 	        1
 7100000.000 	      100 	        1
 7120000.000 	      100 	        1
 7140000.000 	      100 	        1
 7160000.000 	      100 	        1
 7180000.000 	      100 	        1
 7200000.000 	      100 	        1
 7220000.000 	      100 	        1
 7240000.000 	      100 	        1
 7260000.000 	      100 	        1
 7280000.000 	      100 	        1
 7300000.000 	      100 	        1
 7320000.000 	      100 	        1
 7340000.000 	      100 	        1
 7360000.000 	      100 	        1
 7380000.000 	      100 	        1
 7400000.000 	      100 	        1
 7420000.000 	      100 	        1
 7440000.000 	      100 	        1
 7460000.000 	      100 	        1
 7480000.000 	      100 	        1
 7500000.000 	      100 	        1
 7520000.000 	      100 	        1
 7540000.000 	      100 	        1
 7560000.000 	      100 	        1
 7580000.000 	      100 	        1
 7600000.000 	      100 	        1
 7620000.000 	      100 	        1
 7640000.000 	      100 	        1
 7660000.000 	      100 	        1
 7680000.000 	      100 	        1
 7700000.000 	      100 	        1
 7720000.000 	      100 	        1
 7740000.000 	      100 	        1
 7760000.000 	      100 	        1
 7780000.000 	      100 	        1
 7800000.000 	      100 	        1
 7820000.000 	      100 	        1
 7840000.000 	      100 	        1
 7860000.000 	      100 	        1
 7880000.000 	      100 	        1
 7900000.000 	      100 	        1
 7920000.000 	      100 	        1
 7940000.000 	      100 	        1
 7960000.000 	      100 	        1
 7980000.000 	      100 	        1
 8000000.000 	      100 	        1
 8020000.000 	      100 	        1
 8040000.000 	      100 	        1
 8060000.000 	      100 	        1
 8080000.000 	      100 	        1
 8100000.000 	      100 	        1
 8120000.000 	      100 	        1
 8140000.000 	      100 	        1
 8160000.000 	      100 	        1
 8180000.000 	      100 	        1
 8200000.000 	      100 	        1
 8220000.000 	      100 	        1
 8240000.000 	      100 	        1
 8260000.000 	      100 	        1
 8280000.000 	      100 	        1
 8300000.000 	      100 	        1
 8320000.000 	      100 	        1
 8340000.000 	      100 	        1
 8360000.000 	      100 	        1
 8380000.000 	      100 	        1
 8400000.000 	      100 	        1
 8420000.000 	      100 	        1
 8440000.000 	      100 	        1
 8460000.000 	      100 	        1
 8480000.000 	      100 	        1
 8500000.000 	      100 	        1
 8520000.000 	      100 	        1
 8540000.000 	      100 	        1
 8560000.000 	      100 	        1
 8580000.000 	      100 	        1
 8600000.000 	      100 	        1
 8620000.000 	      100 	        1
 8640000.000 	      100 	        1
 8660000.000 	      100 	        1
 8680000.000 	      100 	        1
 8700000.000 	      100 	        1
 8720000.000 	      100 	        1
 8740000.000 	      100 	        1
 8760000.000 	      100 	        1
 8780000.000 	      100 	        1
 8800000.000 	      100 	        1
 8820000.000 	      100 	        1
 8840000.000 	      100 	        1
 8860000.000 	      100 	        1
 8880000.000 	      100 	        1
 8900000.000 	      100 	        1
 8920000.000 	      100 	        1
 8940000.000 	      100 	        1
 8960000.000 	      100 	        1
 8980000.000 	      100 	        1
 9000000.000 	      100 	        1
 9020000.000 	      100 	        1
 9040000.000 	      100 	        1
 9060000.000 	      100 	        1
 9080000.000 	      100 	        1
 9100000.000 	      100 	        1
 9120000.000 	      100 	        1
 9140000.000 	      100 	        1
 9160000.000 	      100 	        1
 9180000.000 	      100 	        1
 9200000.000 	      100 	        1
 9220000.000 	      100 	        1
 9240000.000 	      100 	        1
 9260000.000 	      100 	        1
 9280000.000 	      100 	        1
 9300000.000 	      100 	        1
 9320000.000 	      100 	        1
 9340000.000 	      100 	        1
 9360000.000 	      100 	        1
 9380000.000 	      100 	        1
 9400000.000 	      100 	        1
 9420000.000 	      100 	        1
 9440000.000 	      100 	        1
 9460000.000 	      100 	        1
 9480000.000 	      100 	        1
 9500000.000 	      100 	        1
 9520000.000 	      100 	        1
 9540000.000 	      100 	        1
 9560000.000 	      100 	        1
 9580000.000 	      100 	        1
 9600000.000 	      100 	        1
 9620000.000 	      100 	        1
 9640000.000 	      100 	        1
 9660000.000 	      100 	        1
 9680000.000 	      100 	        1
 9700000.000 	      100 	        1
 9720000.000 	      100 	        1
 9740000.000 	      100 	        1
 9760000.000 	      100 	        1
 9780000.000 	      100 	        1
 9800000.000 	      100 	        1
 9820000.000 	      100 	        1
 9840000.000 	      100 	        1
 9860000.000 	      100 	        1
 9880000.000 	      100 	        1
 9900000.000 	      100 	        1
 9920000.000 	      100 	        1
 9940000.000 	      100 	        1
 9960000.000 	      100 	        1
 9980000.000 	      100 	        1
10000000.000 	      100 	        1
10020000.000 	      100 	        1
10040000.000 	      100 	        1
10060000.000 	      100 	        1
10080000.000 	      100 	        1
10100000.000 	      100 	        1
10120000.000 	      100 	        1
10140000.000 	      100 	        1
10160000.000 	      100 	        1
10180000.000 	      100 	        1
10200000.000 	      100 	        1
10220000.000 	      100 	        1
10240000.000 	      100 	        1
10260000.000 	      100 	        1
10280000.000 	      100 	        1
10300000.000 	      100 	        1
10320000.000 	      100 	        1
10340000.000 	      100 	        1
10360000.000 	      100 	        1
10380000.000 	      100 	        1
10400000.000 	      100 	        1
10420000.000 	      100 	        1
10440000.000 	      100 	        1
10460000.000 	      100 	        1
10480000.000 	      100 	        1
10500000.000 	      100 	        1
10520000.000 	      100 	        1
10540000.000 	      100 	        1
10560000.000 	      100 	        1
10580000.000 	      100 	        1
10600000.000 	      100 	        1
10620000.000 	      100 	        1
10640000.000 	      100 	        1
10660000.000 	      100 	        1
10680000.000 	      100 	        1
10700000.000 	      100 	        1
10720000.000 	      100 	        1
10740000.000 	      100 	        1
10760000.000 	      100 	        1
10780000.000 	      100 	        1
10800000.000 	      100 	        1
10820000.000 	      100 	        1
10840000.000 	      100 	        1
10860000.000 	      100 	        1
10880000.000 	      100 	        1
10900000.000 	      100 	        1
10920000.000 	      100 	        1
10940000.000 	      100 	        1
10960000.000 	      100 	        1
10980000.000 	      100 	        1
11000000.000 	      100 	        1
11020000.000 	      100 	        1
11040000.000 	      100 	        1
11060000.000 	      100 	        1
11080000.000 	      100 	        1
11100000.000 	      100 	        1
11120000.000 	      100 	        1
11140000.000 	      100 	        1
11160000.000 	      100 	        1
11180000.000 	      100 	        1
11200000.000 	      100 	        1
11220000.000 	      100 	        1
11240000.000 	      100 	        1
11260000.000 	      100 	        1
11280000.000 	      100 	        1
11300000.000 	      100 	        1
11320000.000 	      100 	        1
11340000.000 	      100 	        1
11360000.000 	      100 	        1
11380000.000 	      100 	        1
11400000.000 	      100 	        1
11420000.000 	      100 	        1
11440000.000 	      100 	        1
11460000.000 	      100 	        1
11480000.000 	      100 	        1
11500000.000 	      100 	        1
11520000.000 	      100 	        1
11540000.000 	      100 	        1
11560000.000 	      100 	        1
11580000.000 	      100 	        1
11600000.000 	      100 	        1
11620000.000 	      100 	        1
11640000.000 	      100 	        1
11660000.000 	      100 	        1
11680000.000 	      100 	        1
11700000.000 	      100 	        1
11720000.000 	      100 	        1
11740000.000 	      100 	        1
11760000.000 	      100 	        1
11780000.000 	      100 	        1
11800000.000 	      100 	        1
11820000.000 	      100 	        1
11840000.000 	      100 	        1
11860000.000 	      100 	        1
11880000.000 	      100 	        1
11900000.000 	      100 	        1
11920000.000 	      100 	        1
11940000.000 	      100 	        1
11960000.000 	      100 	        1
11980000.000 	      100 	        1
12000000.000 	      100 	        1
12020000.000 	      100 	        1
12040000.000 	      100 	        1
12060000.000 	      100 	        1
12080000.000 	      100 	        1
12100000.000 	      100 	        1
12120000.000 	      100 	        1
12140000.000 	      100 	        1
12160000.000 	      100 	        1
12180000.000 	      100 	        1
12200000.000 	      100 	        1
12220000.000 	      100 	        1
12240000.000 	      100 	        1
12260000.000 	      100 	        1
12280000.000 	      100 	        1
12300000.000 	      100 	        1
12320000.000 	      100 	        1
12340000.000 	      100 	        1
12360000.000 	      100 	        1
12380000.000 	      100 	        1
12400000.000 	      100 	        1
12420000.000 	      100 	        1
12440000.000 	      100 	        1
12460000.000 	      100 	        1
12480000.000 	      100 	        1
12500000.000 	      100 	        1
12520000.000 	      100 	        1
12540000.000 	      100 	        1
12560000.000 	      100 	        1
12580000.000 	      100 	        1
12600000.000 	      100 	        1
12620000.000 	      100 	        1
12640000.000 	      100 	        1
12660000.000 	      100 	        1
12680000.000 	      100 	        1
12700000.000 	      100 	        1
12720000.000 	      100 	        1
12740000.000 	      100 	        1
12760000.000 	      100 	        1
12780000.000 	      100 	        1
12800000.000 	      100 	        1
12820000.000 	      100 	        1
12840000.000 	      100 	        1
12860000.000 	      100 	        1
12880000.000 	      100 	        1
12900000.000 	      100 	        1
12920000.000 	      100 	        1
12940000.000 	      100 	        1
12960000.000 	      100 	        1
12980000.000 	      100 	        1
13000000.000 	      100 	        1
13020000.000 	      100 	        1
13040000.000 	      100 	        1
13060000.000 	      100 	        1
13080000.000 	      100 	        1
13100000.000 	      100 	        1
13120000.000 	      100 	        1
13140000.000 	      100 	        1
13160000.000 	      100 	        1
13180000.000 	      100 	        1
13200000.000 	      100 	        1
13220000.000 	      100 	        1
13240000.000 	      100 	        1
13260000.000 	      100 	        1
13280000.000 	      100 	        1
13300000.000 	      100 	        1
13320000.000 	      100 	        1
13340000.000 	      100 	        1
13360000.000 	      100 	        1
13380000.000 	      100 	        1
13400000.000 	      100 	        1
13420000.000 	      100 	        1
13440000.000 	      100 	        1
13460000.000 	      100 	        1
13480000.000 	      100 	        1
13500000.000 	      100 	        1
13520000.000 	      100 	        1
13540000.000 	      100 	        1
13560000.000 	      100 	        1
13580000.000 	      100 	        1
13600000.000 	      100 	        1
13620000.000 	      100 	        1
13640000.000 	      100 	        1
13660000.000 	      100 	        1
13680000.000 	      100 	        1
13700000.000 	      100 	        1
13720000.000 	      100 	        1
13740000.000 	      100 	        1
13760000.000 	      100 	        1
13780000.000 	      100 	        1
13800000.000 	      100 	        1
13820000.000 	      100 	        1
13840000.000 	      100 	        1
13860000.000 	      100 	        1
13880000.000 	      100 	        1
13900000.000 	      100 	        1
13920000.000 	      100 	        1
13940000.000 	      100 	        1
13960000.000 	      100 	        1
13980000.000 	      100 	        1
14000000.000 	      100 	        1
14020000.000 	      100 	        1
14040000.000 	      100 	        1
14060000.000 	      100 	        1
14080000.000 	      100 	        1
14100000.000 	      100 	        1
14120000.000 	      100 	        1
14140000.000 	      100 	        1
14160000.000 	      100 	        1
14180000.000 	      100 	        1
14200000.000 	      100 	        1
14220000.000 	      100 	        1
14240000.000 	      100 	        1
14260000.000 	      100 	        1
14280000.000 	      100 	        1
14300000.000 	      100 	        1
14320000.000 	      100 	        1
14340000.000 	      100 	        1
14360000.000 	      100 	        1
14380000.000 	      100 	        1
14400000.000 	      100 	        1
14420000.000 	      100 	        1
14440000.000 	      100 	        1
14460000.000 	      100 	        1
14480000.000 	      100 	        1
14500000.000 	      100 	        1
14520000.000 	      100 	        1
14540000.000 	      100 	        1
14560000.000 	      100 	        1
14580000.000 	      100 	        1
14600000.000 	      100 	        1
14620000.000 	      100 	        1
14640000.000 	      100 	        1
14660000.000 	      100 	        1
14680000.000 	      100 	        1
14700000.000 	      100 	        1
14720000.000 	      100 	        1
14740000.000 	      100 	        1
14760000.000 	      100 	        1
14780000.000 	      100 	        1
14800000.000 	      100 	        1
14820000.000 	      100 	        1
14840000.000 	      100 	        1
14860000.000 	      100 	        1
14880000.000 	      100 	        1
14900000.000 	      100 	        1
14920000.000 	      100 	        1
14940000.000 	      100 	        1
14960000.000 	      100 	        1
14980000.000 	      100 	        1
15000000.000 	      100 	        1
15020000.000 	      100 	        1
15040000.000 	      100 	        1
15060000.000 	      100 	        1
15080000.000 	      100 	        1
15100000.000 	      100 	        1
15120000.000 	      100 	        1
15140000.000 	      100 	        1
15160000.000 	      100 	        1
15180000.000 	      100 	        1
15200000.000 	      100 	        1
15220000.000 	      100 	        1
15240000.000 	      100 	        1
15260000.000 	      100 	        1
15280000.000 	      100 	        1
15300000.000 	      100 	        1
15320000.000 	      100 	        1
15340000.000 	      100 	        1
15360000.000 	      100 	        1
15380000.000 	      100 	        1
15400000.000 	      100 	        1
15420000.000 	      100 	        1
15440000.000 	      100 	        1
15460000.000 	      100 	        1
15480000.000 	      100 	        1
15500000.000 	      100 	        1
15520000.000 	      100 	        1
15540000.000 	      100 	        1
15560000.000 	      100 	        1
15580000.000 	      100 	        1
15600000.000 	      100 	        1
15620000.000 	      100 	        1
15640000.000 	      100 	        1
15660000.000 	      100 	        1
15680000.000 	      100 	        1
15700000.000 	      100 	        1
15720000.000 	      100 	        1
15740000.000 	      100 	        1
15760000.000 	      100 	        1
15780000.000 	      100 	        1
15800000.000 	      100 	        1
15820000.000 	      100 	        1
15840000.000 	      100 	        1
15860000.000 	      100 	        1
15880000.000 	      100 	        1
15900000.000 	      100 	        1
15920000.000 	      100 	        1
15940000.000 	      100 	        1
15960000.000 	      100 	        1
15980000.000 	      100 	        1
16000000.000 	      100 	        1
16020000.000 	      100 	        1
16040000.000 	      100 	        1
16060000.000 	      100 	        1
16080000.000 	      100 	        1
16100000.000 	      100 	        1
16120000.000 	      100 	        1
16140000.000 	      100 	        1
16160000.000 	      100 	        1
16180000.000 	      100 	        1
16200000.000 	      100 	        1
16220000.000 	      100 	        1
16240000.000 	      100 	        1
16260000.000 	      100 	        1
16280000.000 	      100 	        1
16300000.000 	      100 	        1
16320000.000 	      100 	        1
16340000.000 	      100 	        1
16360000.000 	      100 	        1
16380000.000 	      100 	        1
16400000.000 	      100 	        1
16420000.000 	      100 	        1
16440000.000 	      100 	        1
16460000.000 	      100 	        1
16480000.000 	      100 	        1
16500000.000 	      100 	        1
16520000.000 	      100 	        1
16540000.000 	      100 	        1
16560000.000 	      100 	        1
16580000.000 	      100 	        1
16600000.000 	      100 	        1
16620000.000 	      100 	        1
16640000.000 	      100 	        1
16660000.000 	      100 	        1
16680000.000 	      100 	        1
16700000.000 	      100 	        1
16720000.000 	      100 	        1
16740000.000 	      100 	        1
16760000.000 	      100 	        1
16780000.000 	      100 	        1
16800000.000 	      100 	        1
16820000.000 	      100 	        1
16840000.000 	      100 	        1
16860000.000 	      100 	        1
16880000.000 	      100 	        1
16900000.000 	      100 	        1
16920000.000 	      100 	        1
16940000.000 	      100 	        1
16960000.000 	      100 	        1
16980000.000 	      100 	        1
17000000.000 	      100 	        1
17020000.000 	      100 	        1
17040000.000 	      100 	        1
17060000.000 	      100 	        1
17080000.000 	      100 	        1
17100000.000 	      100 	        1
17120000.000 	      100 	        1
17140000.000 	      100 	        1
17160000.000 	      100 	        1
17180000.000 	      100 	        1
17200000.000 	      100 	        1
17220000.000 	      100 	        1
17240000.000 	      100 	        1
17260000.000 	      100 	        1
17280000.000 	      100 	        1
17300000.000 	      100 	        1
17320000.000 	      100 	        1
17340000.000 	      100 	        1
17360000.000 	      100 	        1
17380000.000 	      100 	        1
17400000.000 	      100 	        1
17420000.000 	      100 	        1
17440000.000 	      100 	        1
17460000.000 	      100 	        1
17480000.000 	      100 	        1
17500000.000 	      100 	        1
17520000.000 	      100 	        1
17540000.000 	      100 	        1
17560000.000 	      100 	        1
17580000.000 	      100 	        1
17600000.000 	      100 	        1
17620000.000 	      100 	        1
17640000.000 	      100 	        1
17660000.000 	      100 	        1
17680000.000 	      100 	        1
17700000.000 	      100 	        1
17720000.000 	      100 	        1
17740000.000 	      100 	        1
17760000.000 	      100 	        1
17780000.000 	      100 	        1
17800000.000 	      100 	        1
17820000.000 	      100 	        1
17840000.000 	      100 	        1
17860000.000 	      100 	        1
17880000.000 	      100 	        1
17900000.000 	      100 	        1
17920000.000 	      100 	        1
17940000.000 	      100 	        1
17960000.000 	      100 	        1
17980000.000 	      100 	        1
18000000.000 	      100 	        1
18020000.000 	      100 	        1
18040000.000 	      100 	        1
18060000.000 	      100 	        1
18080000.000 	      100 	        1
18100000.000 	      100 	        1
18120000.000 	      100 	        1
18140000.000 	      100 	        1
18160000.000 	      100 	        1
18180000.000 	      100 	        1
18200000.000 	      100 	        1
18220000.000 	      100 	        1
18240000.000 	      100 	        1
18260000.000 	      100 	        1
18280000.000 	      100 	        1
18300000.000 	      100 	        1
18320000.000 	      100 	        1
18340000.000 	      100 	        1
18360000.000 	      100 	        1
18380000.000 	      100 	        1
18400000.000 	      100 	        1
18420000.000 	      100 	        1
18440000.000 	      100 	        1
18460000.000 	      100 	        1
18480000.000 	      100 	        1
18500000.000 	      100 	        1
18520000.000 	      100 	        1
18540000.000 	      100 	        1
18560000.000 	      100 	        1
18580000.000 	      100 	        1
18600000.000 	      100 	        1
18620000.000 	      100 	        1
18640000.000 	      100 	        1
18660000.000 	      100 	        1
18680000.000 	      100 	        1
18700000.000 	      100 	        1
18720000.000 	      100 	        1
18740000.000 	      100 	        1
18760000.000 	      100 	        1
18780000.000 	      100 	        1
18800000.000 	      100 	        1
18820000.000 	      100 	        1
18840000.000 	      100 	        1
18860000.000 	      100 	        1
18880000.000 	      100 	        1
18900000.000 	      100 	        1
18920000.000 	      100 	        1
18940000.000 	      100 	        1
18960000.000 	      100 	        1
18980000.000 	      100 	        1
19000000.000 	      100 	        1
19020000.000 	      100 	        1
19040000.000 	      100 	        1
19060000.000 	      100 	        1
19080000.000 	      100 	        1
19100000.000 	      100 	        1
19120000.000 	      100 	        1
19140000.000 	      100 	        1
19160000.000 	      100 	        1
19180000.000 	      100 	        1
19200000.000 	      100 	        1
19220000.000 	      100 	        1
19240000.000 	      100 	        1
19260000.000 	      100 	        1
19280000.000 	      100 	        1
19300000.000 	      100 	        1
19320000.000 	      100 	        1
19340000.000 	      100 	        1
19360000.000 	      100 	        1
19380000.000 	      100 	        1
19400000.000 	      100 	        1
19420000.000 	      100 	        1
19440000.000 	      100 	        1
19460000.000 	      100 	        1
19480000.000 	      100 	        1
19500000.000 	      100 	        1
19520000.000 	      100 	        1
19540000.000 	      100 	        1
19560000.000 	      100 	        1
19580000.000 	      100 	        1
19600000.000 	      100 	        1
19620000.000 	      100 	        1
19640000.000 	      100 	        1
19660000.000 	      100 	        1
19680000.000 	      100 	        1
19700000.000 	      100 	        1
19720000.000 	      100 	        1
19740000.000 	      100 	        1
19760000.000 	      100 	        1
19780000.000 	      100 	        1
19800000.000 	      100 	        1
19820000.000 	      100 	        1
19840000.000 	      100 	        1
19860000.000 	      100 	        1
19880000.000 	      100 	        1
19900000.000 	      100 	        1
19920000.000 	      100 	        1
19940000.000 	      100 	        1
19960000.000 	      100 	        1
19980000.000 	      100 	        1
20000000.000 	      100 	        1
20020000.000 	      100 	        1
20040000.000 	      100 	        1
20060000.000 	      100 	        1
20080000.000 	      100 	        1
20100000.000 	      100 	        1
20120000.000 	      100 	        1
20140000.000 	      100 	        1
20160000.000 	      100 	        1
20180000.000 	      100 	        1
20200000.000 	      100 	        1
20220000.000 	      100 	        1
20240000.000 	      100 	        1
20260000.000 	      100 	        1
20280000.000 	      100 	        1
20300000.000 	      100 	        1
20320000.000 	      100 	        1
20340000.000 	      100 	        1
20360000.000 	      100 	        1
20380000.000 	      100 	        1
20400000.000 	      100 	        1
20420000.000 	      100 	        1
20440000.000 	      100 	        1
20460000.000 	      100 	        1
20480000.000 	      100 	        1
20500000.000 	      100 	        1
20520000.000 	      100 	        1
20540000.000 	      100 	        1
20560000.000 	      100 	        1
20580000.000 	      100 	        1
20600000.000 	      100 	        1
20620000.000 	      100 	        1
20640000.000 	      100 	        1
20660000.000 	      100 	        1
20680000.000 	      100 	        1
20700000.000 	      100 	        1
20720000.000 	      100 	        1
20740000.000 	      100 	        1
20760000.000 	      100 	        1
20780000.000 	      100 	        1
20800000.000 	      100 	        1
20820000.000 	      100 	        1
20840000.000 	      100 	        1
20860000.000 	      100 	        1
20880000.000 	      100 	        1
20900000.000 	      100 	        1
20920000.000 	      100 	        1
20940000.000 	      100 	        1
20960000.000 	      100 	        1
20980000.000 	      100 	        1
21000000.000 	      100 	        1
21020000.000 	      100 	        1
21040000.000 	      100 	        1
21060000.000 	      100 	        1
21080000.000 	      100 	        1
21100000.000 	      100 	        1
21120000.000 	      100 	        1
21140000.000 	      100 	        1
21160000.000 	      100 	        1
21180000.000 	      100 	        1
21200000.000 	      100 	        1
21220000.000 	      100 	        1
21240000.000 	      100 	        1
21260000.000 	      100 	        1
21280000.000 	      100 	        1
21300000.000 	      100 	        1
21320000.000 	      100 	        1
21340000.000 	      100 	        1
21360000.000 	      100 	        1
21380000.000 	      100 	        1
21400000.000 	      100 	        1
21420000.000 	      100 	        1
21440000.000 	      100 	        1
21460000.000 	      100 	        1
21480000.000 	      100 	        1
21500000.000 	      100 	        1
21520000.000 	      100 	        1
21540000.000 	      100 	        1
21560000.000 	      100 	        1
21580000.000 	      100 	        1
21600000.000 	      100 	        1
21620000.000 	      100 	        1
21640000.000 	      100 	        1
21660000.000 	      100 	        1
21680000.000 	      100 	        1
21700000.000 	      100 	        1
21720000.000 	      100 	        1
21740000.000 	      100 	        1
21760000.000 	      100 	        1
21780000.000 	      100 	        1
21800000.000 	      100 	        1
21820000.000 	      100 	        1
21840000.000 	      100 	        1
21860000.000 	      100 	        1
21880000.000 	      100 	        1
21900000.000 	      100 	        1
21920000.000 	      100 	        1
21940000.000 	      100 	        1
21960000.000 	      100 	        1
21980000.000 	      100 	        1
22000000.000 	      100 	        1
22020000.000 	      100 	        1
22040000.000 	      100 	        1
22060000.000 	      100 	        1
22080000.000 	      100 	        1
22100000.000 	      100 	        1
22120000.000 	      100 	        1
22140000.000 	      100 	        1
22160000.000 	      100 	        1
22180000.000 	      100 	        1
22200000.000 	      100 	        1
22220000.000 	      100 	        1
22240000.000 	      100 	        1
22260000.000 	      100 	        1
22280000.000 	      100 	        1
22300000.000 	      100 	        1
22320000.000 	      100 	        1
22340000.000 	      100 	        1
22360000.000 	      100 	        1
22380000.000 	      100 	        1
22400000.000 	      100 	        1
22420000.000 	      100 	        1
22440000.000 	      100 	        1
22460000.000 	      100 	        1
22480000.000 	      100 	        1
22500000.000 	      100 	        1
22520000.000 	      100 	        1
22540000.000 	      100 	        1
22560000.000 	      100 	        1
22580000.000 	      100 	        1
22600000.000 	      100 	        1
22620000.000 	      100 	        1
22640000.000 	      100 	        1
22660000.000 	      100 	        1
22680000.000 	      100 	        1
22700000.000 	      100 	        1
22720000.000 	      100 	        1
22740000.000 	      100 	        1
22760000.000 	      100 	        1
22780000.000 	      100 	        1
22800000.000 	      100 	        1
22820000.000 	      100 	        1
22840000.000 	      100 	        1
22860000.000 	      100 	        1
22880000.000 	      100 	        1
22900000.000 	      100 	        1
22920000.000 	      100 	        1
22940000.000 	      100 	        1
22960000.000 	      100 	        1
22980000.000 	      100 	        1
23000000.000 	      100 	        1
23020000.000 	      100 	        1
23040000.000 	      100 	        1
23060000.000 	      100 	        1
23080000.000 	      100 	        1
23100000.000 	      100 	        1
23120000.000 	      100 	        1
23140000.000 	      100 	        1
23160000.000 	      100 	        1
23180000.000 	      100 	        1
23200000.000 	      100 	        1
23220000.000 	      100 	        1
23240000.000 	      100 	        1
23260000.000 	      100 	        1
23280000.000 	      100 	        1
23300000.000 	      100 	        1
23320000.000 	      100 	        1
23340000.000 	      100 	        1
23360000.000 	      100 	        1
23380000.000 	      100 	        1
23400000.000 	      100 	        1
23420000.000 	      100 	        1
23440000.000 	      100 	        1
23460000.000 	      100 	        1
23480000.000 	      100 	        1
23500000.000 	      100 	        1
23520000.000 	      100 	        1
23540000.000 	      100 	        1
23560000.000 	      100 	        1
23580000.000 	      100 	        1
23600000.000 	      100 	        1
23620000.000 	      100 	        1
23640000.000 	      100 	        1
23660000.000 	      100 	        1
23680000.000 	      100 	        1
23700000.000 	      100 	        1
23720000.000 	      100 	        1
23740000.000 	      100 	        1
23760000.000 	      100 	        1
23780000.000 	      100 	        1
23800000.000 	      100 	        1
23820000.000 	      100 	        1
23840000.000 	      100 	        1
23860000.000 	      100 	        1
23880000.000 	      100 	        1
23900000.000 	      100 	        1
23920000.000 	      100 	        1
23940000.000 	      100 	        1
23960000.000 	      100 	        1
23980000.000 	      100 	        1
24000000.000 	      100 	        1
24020000.000 	      100 	        1
24040000.000 	      100 	        1
24060000.000 	      100 	        1
24080000.000 	      100 	        1
24100000.000 	      100 	        1
24120000.000 	      100 	        1
24140000.000 	      100 	        1
24160000.000 	      100 	        1
24180000.000 	      100 	        1
24200000.000 	      100 	        1
24220000.000 	      100 	        1
24240000.000 	      100 	        1
24260000.000 	      100 	        1
24280000.000 	      100 	        1
24300000.000 	      100 	        1
24320000.000 	      100 	        1
24340000.000 	      100 	        1
24360000.000 	      100 	        1
24380000.000 	      100 	        1
24400000.000 	      100 	        1
24420000.000 	      100 	        1
24440000.000 	      100 	        1
24460000.000 	      100 	        1
24480000.000 	      100 	        1
24500000.000 	      100 	        1
24520000.000 	      100 	        1
24540000.000 	      100 	        1
24560000.000 	      100 	        1
24580000.000 	      100 	        1
24600000.000 	      100 	        1
24620000.000 	      100 	        1
24640000.000 	      100 	        1
24660000.000 	      100 	        1
24680000.000 	      100 	        1
24700000.000 	      100 	        1
24720000.000 	      100 	        1
24740000.000 	      100 	        1
24760000.000 	      100 	        1
24780000.000 	      100 	        1
24800000.000 	      100 	        1
24820000.000 	      100 	        1
24840000.000 	      100 	        1
24860000.000 	      100 	        1
24880000.000 	      100 	        1
24900000.000 	      100 	        1
24920000.000 	      100 	        1
24940000.000 	      100 	        1
24960000.000 	      100 	        1
24980000.000 	      100 	        1
25000000.000 	      100 	        1
25020000.000 	      100 	        1
25040000.000 	      100 	        1
25060000.000 	      100 	        1
25080000.000 	      100 	        1
25100000.000 	      100 	        1
25120000.000 	      100 	        1
25140000.000 	      100 	        1
25160000.000 	      100 	        1
25180000.000 	      100 	        1
25200000.000 	      100 	        1
25220000.000 	      100 	        1
25240000.000 	      100 	        1
25260000.000 	      100 	        1
25280000.000 	      100 	        1
25300000.000 	      100 	        1
25320000.000 	      100 	        1
25340000.000 	      100 	        1
25360000.000 	      100 	        1
25380000.000 	      100 	        1
25400000.000 	      100 	        1
25420000.000 	      100 	        1
25440000.000 	      100 	        1
25460000.000 	      100 	        1
25480000.000 	      100 	        1
25500000.000 	      100 	        1
25520000.000 	      100 	        1
25540000.000 	      100 	        1
25560000.000 	      100 	        1
25580000.000 	      100 	        1
25600000.000 	      100 	        1
25620000.000 	      100 	        1
25640000.000 	      100 	        1
25660000.000 	      100 	        1
25680000.000 	      100 	        1
25700000.000 	      100 	        1
25720000.000 	      100 	        1
25740000.000 	      100 	        1
25760000.000 	      100 	        1
25780000.000 	      100 	        1
25800000.000 	      100 	        1
25820000.000 	      100 	        1
25840000.000 	      100 	        1
25860000.000 	      100 	        1
25880000.000 	      100 	        1
25900000.000 	      100 	        1
25920000.000 	      100 	        1
25940000.000 	      100 	        1
25960000.000 	      100 	        1
25980000.000 	      100 	        1
26000000.000 	      100 	        1
26020000.000 	      100 	        1
26040000.000 	      100 	        1
26060000.000 	      100 	        1
26080000.000 	      100 	        1
26100000.000 	      100 	        1
26120000.000 	      100 	        1
26140000.000 	      100 	        1
26160000.000 	      100 	        1
26180000.000 	      100 	        1
26200000.000 	      100 	        1
26220000.000 	      100 	        1
26240000.000 	      100 	        1
26260000.000 	      100 	        1
26280000.000 	      100 	        1
26300000.000 	      100 	        1
26320000.000 	      100 	        1
26340000.000 	      100 	        1
26360000.000 	      100 	        1
26380000.000 	      100 	        1
26400000.000 	      100 	        1
26420000.000 	      100 	        1
26440000.000 	      100 	        1
26460000.000 	      100 	        1
26480000.000 	      100 	        1
26500000.000 	      100 	        1
26520000.000 	      100 	        1
26540000.000 	      100 	        1
26560000.000 	      100 	        1
26580000.000 	      100 	        1
26600000.000 	      100 	        1
26620000.000 	      100 	        1
26640000.000 	      100 	        1
26660000.000 	      100 	        1
26680000.000 	      100 	        1
26700000.000 	      100 	        1
26720000.000 	      100 	        1
26740000.000 	      100 	        1
26760000.000 	      100 	        1
26780000.000 	      100 	        1
26800000.000 	      100 	        1
26820000.000 	      100 	        1
26840000.000 	      100 	        1
26860000.000 	      100 	        1
26880000.000 	      100 	        1
26900000.000 	      100 	        1
26920000.000 	      100 	        1
26940000.000 	      100 	        1
26960000.000 	      100 	        1
26980000.000 	      100 	        1
27000000.000 	      100 	        1
27020000.000 	      100 	        1
27040000.000 	      100 	        1
27060000.000 	      100 	        1
27080000.000 	      100 	        1
27100000.000 	      100 	        1
27120000.000 	      100 	        1
27140000.000 	      100 	        1
27160000.000 	      100 	        1
27180000.000 	      100 	        1
27200000.000 	      100 	        1
27220000.000 	      100 	        1
27240000.000 	      100 	        1
27260000.000 	      100 	        1
27280000.000 	      100 	        1
27300000.000 	      100 	        1
27320000.000 	      100 	        1
27340000.000 	      100 	        1
27360000.000 	      100 	        1
27380000.000 	      100 	        1
27400000.000 	      100 	        1
27420000.000 	      100 	        1
27440000.000 	      100 	        1
27460000.000 	      100 	        1
27480000.000 	      100 	        1
27500000.000 	      100 	        1
27520000.000 	      100 	        1
27540000.000 	      100 	        1
27560000.000 	      100 	        1
27580000.000 	      100 	        1
27600000.000 	      100 	        1
27620000.000 	      100 	        1
27640000.000 	      100 	        1
27660000.000 	      100 	        1
27680000.000 	      100 	        1
27700000.000 	      100 	        1
27720000.000 	      100 	        1
27740000.000 	      100 	        1
27760000.000 	      100 	        1
27780000.000 	      100 	        1
27800000.000 	      100 	        1
27820000.000 	      100 	        1
27840000.000 	      100 	        1
27860000.000 	      100 	        1
27880000.000 	      100 	        1
27900000.000 	      100 	        1
27920000.000 	      100 	        1
27940000.000 	      100 	        1
27960000.000 	      100 	        1
27980000.000 	      100 	        1
28000000.000 	      100 	        1
28020000.000 	      100 	        1
28040000.000 	      100 	        1
28060000.000 	      100 	        1
28080000.000 	      100 	        1
28100000.000 	      100 	        1
28120000.000 	      100 	        1
28140000.000 	      100 	        1
28160000.000 	      100 	        1
28180000.000 	      100 	        1
28200000.000 	      100 	        1
28220000.000 	      100 	        1
28240000.000 	      100 	        1
28260000.000 	      100 	        1
28280000.000 	      100 	        1
28300000.000 	      100 	        1
28320000.000 	      100 	        1
28340000.000 	      100 	        1
28360000.000 	      100 	        1
28380000.000 	      100 	        1
28400000.000 	      100 	        1
28420000.000 	      100 	        1
28440000.000 	      100 	        1
28460000.000 	      100 	        1
28480000.000 	      100 	        1
28500000.000 	      100 	        1
28520000.000 	      100 	        1
28540000.000 	      100 	        1
28560000.000 	      100 	        1
28580000.000 	      100 	        1
28600000.000 	      100 	        1
28620000.000 	      100 	        1
28640000.000 	      100 	        1
28660000.000 	      100 	        1
28680000.000 	      100 	        1
28700000.000 	      100 	        1
28720000.000 	      100 	        1
28740000.000 	      100 	        1
28760000.000 	      100 	        1
28780000.000 	      100 	        1
28800000.000 	      100 	        1
28820000.000 	      100 	        1
28840000.000 	      100 	        1
28860000.000 	      100 	        1
28880000.000 	      100 	        1
28900000.000 	      100 	        1
28920000.000 	      100 	        1
28940000.000 	      100 	        1
28960000.000 	      100 	        1
28980000.000 	      100 	        1
29000000.000 	      100 	        1
29020000.000 	      100 	        1
29040000.000 	      100 	        1
29060000.000 	      100 	        1
29080000.000 	      100 	        1
29100000.000 	      100 	        1
29120000.000 	      100 	        1
29140000.000 	      100 	        1
29160000.000 	      100 	        1
29180000.000 	      100 	        1
29200000.000 	      100 	        1
29220000.000 	      100 	        1
29240000.000 	      100 	        1
29260000.000 	      100 	        1
29280000.000 	      100 	        1
29300000.000 	      100 	        1
29320000.000 	      100 	        1
29340000.000 	      100 	        1
29360000.000 	      100 	        1
29380000.000 	      100 	        1
29400000.000 	      100 	        1
29420000.000 	      100 	        1
29440000.000 	      100 	        1
29460000.000 	      100 	        1
29480000.000 	      100 	        1
29500000.000 	      100 	        1
29520000.000 	      100 	        1
29540000.000 	      100 	        1
29560000.000 	      100 	        1
29580000.000 	      100 	        1
29600000.000 	      100 	        1
29620000.000 	      100 	        1
29640000.000 	      100 	        1
29660000.000 	      100 	        1
29680000.000 	      100 	        1
29700000.000 	      100 	        1
29720000.000 	      100 	        1
29740000.000 	      100 	        1
29760000.000 	      100 	        1
29780000.000 	      100 	        1
29800000.000 	      100 	        1
29820000.000 	      100 	        1
29840000.000 	      100 	        1
29860000.000 	      100 	        1
29880000.000 	      100 	        1
29900000.000 	      100 	        1
29920000.000 	      100 	        1
29940000.000 	      100 	        1
29960000.000 	      100 	        1
29980000.000 	      100 	        1
30000000.000 	      100 	        1
30020000.000 	      100 	        1
30040000.000 	      100 	        1
30060000.000 	      100 	        1
30080000.000 	      100 	        1
30100000.000 	      100 	        1
30120000.000 	      100 	        1
30140000.000 	      100 	        1
30160000.000 	      100 	        1
30180000.000 	      100 	        1
30200000.000 	      100 	        1
30220000.000 	      100 	        1
30240000.000 	      100 	        1
30260000.000 	      100 	        1
30280000.000 	      100 	        1
30300000.000 	      100 	        1
30320000.000 	      100 	        1
30340000.000 	      100 	        1
30360000.000 	      100 	        1
30380000.000 	      100 	        1
30400000.000 	      100 	        1
30420000.000 	      100 	        1
30440000.000 	      100 	        1
30460000.000 	      100 	        1
30480000.000 	      100 	        1
30500000.000 	      100 	        1
30520000.000 	      100 	        1
30540000.000 	      100 	        1
30560000.000 	      100 	        1
30580000.000 	      100 	        1
30600000.000 	      100 	        1
30620000.000 	      100 	        1
30640000.000 	      100 	        1
30660000.000 	      100 	        1
30680000.000 	      100 	        1
30700000.000 	      100 	        1
30720000.000 	      100 	        1
30740000.000 	      100 	        1
30760000.000 	      100 	        1
30780000.000 	      100 	        1
30800000.000 	      100 	        1
30820000.000 	      100 	        1
30840000.000 	      100 	        1
30860000.000 	      100 	        1
30880000.000 	      100 	        1
30900000.000 	      100 	        1
30920000.000 	      100 	        1
30940000.000 	      100 	        1
30960000.000 	      100 	        1
30980000.000 	      100 	        1
31000000.000 	      100 	        1
31020000.000 	      100 	        1
31040000.000 	      100 	        1
31060000.000 	      100 	        1
31080000.000 	      100 	        1
31100000.000 	      100 	        1
31120000.000 	      100 	        1
31140000.000 	      100 	        1
31160000.000 	      100 	        1
31180000.000 	      100 	        1
31200000.000 	      100 	        1
31220000.000 	      100 	        1
31240000.000 	      100 	        1
31260000.000 	      100 	        1
31280000.000 	      100 	        1
31300000.000 	      100 	        1
31320000.000 	      100 	        1
31340000.000 	      100 	        1
31360000.000 	      100 	        1
31380000.000 	      100 	        1
31400000.000 	      100 	        1
31420000.000 	      100 	        1
31440000.000 	      100 	        1
31460000.000 	      100 	        1
31480000.000 	      100 	        1
31500000.000 	      100 	        1
31520000.000 	      100 	        1
31540000.000 	      100 	        1
31560000.000 	      100 	        1
31580000.000 	      100 	        1
31600000.000 	      100 	        1
31620000.000 	      100 	        1
31640000.000 	      100 	        1
31660000.000 	      100 	        1
31680000.000 	      100 	        1
31700000.000 	      100 	        1
31720000.000 	      100 	        1
31740000.000 	      100 	        1
31760000.000 	      100 	        1
31780000.000 	      100 	        1
31800000.000 	      100 	        1
31820000.000 	      100 	        1
31840000.000 	      100 	        1
31860000.000 	      100 	        1
31880000.000 	      100 	        1
31900000.000 	      100 	        1
31920000.000 	      100 	        1
31940000.000 	      100 	        1
31960000.000 	      100 	        1
31980000.000 	      100 	        1
32000000.000 	      100 	        1
32020000.000 	      100 	        1
32040000.000 	      100 	        1
32060000.000 	      100 	        1
32080000.000 	      100 	        1
32100000.000 	      100 	        1
32120000.000 	      100 	        1
32140000.000 	      100 	        1
32160000.000 	      100 	        1
32180000.000 	      100 	        1
32200000.000 	      100 	        1
32220000.000 	      100 	        1
32240000.000 	      100 	        1
32260000.000 	      100 	        1
32280000.000 	      100 	        1
32300000.000 	      100 	        1
32320000.000 	      100 	        1
32340000.000 	      100 	        1
32360000.000 	      100 	        1
32380000.000 	      100 	        1
32400000.000 	      100 	        1
32420000.000 	      100 	        1
32440000.000 	      100 	        1
32460000.000 	      100 	        1
32480000.000 	      100 	        1
32500000.000 	      100 	        1
32520000.000 	      100 	        1
32540000.000 	      100 	        1
32560000.000 	      100 	        1
32580000.000 	      100 	        1
32600000.000 	      100 	        1
32620000.000 	      100 	        1
32640000.000 	      100 	        1
32660000.000 	      100 	        1
32680000.000 	      100 	        1
32700000.000 	      100 	        1
32720000.000 	      100 	        1
32740000.000 	      100 	        1
32760000.000 	      100 	        1
32780000.000 	      100 	        1
32800000.000 	      100 	        1
32820000.000 	      100 	        1
32840000.000 	      100 	        1
32860000.000 	      100 	        1
32880000.000 	      100 	        1
32900000.000 	      100 	        1
32920000.000 	      100 	        1
32940000.000 	      100 	        1
32960000.000 	      100 	        1
32980000.000 	      100 	        1
33000000.000 	      100 	        1
33020000.000 	      100 	        1
33040000.000 	      100 	        1
33060000.000 	      100 	        1
33080000.000 	      100 	        1
33100000.000 	      100 	        1
33120000.000 	      100 	        1
33140000.000 	      100 	        1
33160000.000 	      100 	        1
33180000.000 	      100 	        1
33200000.000 	      100 	        1
33220000.000 	      100 	        1
33240000.000 	      100 	        1
33260000.000 	      100 	        1
33280000.000 	      100 	        1
33300000.000 	      100 	        1
33320000.000 	      100 	        1
33340000.000 	      100 	        1
33360000.000 	      100 	        1
33380000.000 	      100 	        1
33400000.000 	      100 	        1
33420000.000 	      100 	        1
33440000.000 	      100 	        1
33460000.000 	      100 	        1
33480000.000 	      100 	        1
33500000.000 	      100 	        1
33520000.000 	      100 	        1
33540000.000 	      100 	        1
33560000.000 	      100 	        1
33580000.000 	      100 	        1
33600000.000 	      100 	        1
33620000.000 	      100 	        1
33640000.000 	      100 	        1
33660000.000 	      100 	        1
33680000.000 	      100 	        1
33700000.000 	      100 	        1
33720000.000 	      100 	        1
33740000.000 	      100 	        1
33760000.000 	      100 	        1
33780000.000 	      100 	        1
33800000.000 	      100 	        1
33820000.000 	      100 	        1
33840000.000 	      100 	        1
33860000.000 	      100 	        1
33880000.000 	      100 	        1
33900000.000 	      100 	        1
33920000.000 	      100 	        1
33940000.000 	      100 	        1
33960000.000 	      100 	        1
33980000.000 	      100 	        1
34000000.000 	      100 	        1
34020000.000 	      100 	        1
34040000.000 	      100 	        1
34060000.000 	      100 	        1
34080000.000 	      100 	        1
34100000.000 	      100 	        1
34120000.000 	      100 	        1
34140000.000 	      100 	        1
34160000.000 	      100 	        1
34180000.000 	      100 	        1
34200000.000 	      100 	        1
34220000.000 	      100 	        1
34240000.000 	      100 	        1
34260000.000 	      100 	        1
34280000.000 	      100 	        1
34300000.000 	      100 	        1
34320000.000 	      100 	        1
34340000.000 	      100 	        1
34360000.000 	      100 	        1
34380000.000 	      100 	        1
34400000.000 	      100 	        1
34420000.000 	      100 	        1
34440000.000 	      100 	        1
34460000.000 	      100 	        1
34480000.000 	      100 	        1
34500000.000 	      100 	        1
34520000.000 	      100 	        1
34540000.000 	      100 	        1
34560000.000 	      100 	        1
34580000.000 	      100 	        1
34600000.000 	      100 	        1
34620000.000 	      100 	        1
34640000.000 	      100 	        1
34660000.000 	      100 	        1
34680000.000 	      100 	        1
34700000.000 	      100 	        1
34720000.000 	      100 	        1
34740000.000 	      100 	        1
34760000.000 	      100 	        1
34780000.000 	      100 	        1
34800000.000 	      100 	        1
34820000.000 	      100 	        1
34840000.000 	      100 	        1
34860000.000 	      100 	        1
34880000.000 	      100 	        1
34900000.000 	      100 	        1
34920000.000 	      100 	        1
34940000.000 	      100 	        1
34960000.000 	      100 	        1
34980000.000 	      100 	        1
35000000.000 	      100 	        1
35020000.000 	      100 	        1
35040000.000 	      100 	        1
35060000.000 	      100 	        1
35080000.000 	      100 	        1
35100000.000 	      100 	        1
35120000.000 	      100 	        1
35140000.000 	      100 	        1
35160000.000 	      100 	        1
35180000.000 	      100 	        1
35200000.000 	      100 	        1
35220000.000 	      100 	        1
35240000.000 	      100 	        1
35260000.000 	      100 	        1
35280000.000 	      100 	        1
35300000.000 	      100 	        1
35320000.000 	      100 	        1
35340000.000 	      100 	        1
35360000.000 	      100 	        1
35380000.000 	      100 	        1
35400000.000 	      100 	        1
35420000.000 	      100 	        1
35440000.000 	      100 	        1
35460000.000 	      100 	        1
35480000.000 	      100 	        1
35500000.000 	      100 	        1
35520000.000 	      100 	        1
35540000.000 	      100 	        1
35560000.000 	      100 	        1
35580000.000 	      100 	        1
35600000.000 	      100 	        1
35620000.000 	      100 	        1
35640000.000 	      100 	        1
35660000.000 	      100 	        1
35680000.000 	      100 	        1
35700000.000 	      100 	        1
35720000.000 	      100 	        1
35740000.000 	      100 	        1
35760000.000 	      100 	        1
35780000.000 	      100 	        1
35800000.000 	      100 	        1
35820000.000 	      100 	        1
35840000.000 	      100 	        1
35860000.000 	      100 	        1
35880000.000 	      100 	        1
35900000.000 	      100 	        1
35920000.000 	      100 	        1
35940000.000 	      100 	        1
35960000.000 	      100 	        1
35980000.000 	      100 	        1
36000000.000 	      100 	        1
36020000.000 	      100 	        1
36040000.000 	      100 	        1
36060000.000 	      100 	        1
36080000.000 	      100 	        1
36100000.000 	      100 	        1
36120000.000 	      100 	        1
36140000.000 	      100 	        1
36160000.000 	      100 	        1
36180000.000 	      100 	        1
36200000.000 	      100 	        1
36220000.000 	      100 	        1
36240000.000 	      100 	        1
36260000.000 	      100 	        1
36280000.000 	      100 	        1
36300000.000 	      100 	        1
36320000.000 	      100 	        1
36340000.000 	      100 	        1
36360000.000 	      100 	        1
36380000.000 	      100 	        1
36400000.000 	      100 	        1
36420000.000 	      100 	        1
36440000.000 	      100 	        1
36460000.000 	      100 	        1
36480000.000 	      100 	        1
36500000.000 	      100 	        1
36520000.000 	      100 	        1
36540000.000 	      100 	        1
36560000.000 	      100 	        1
36580000.000 	      100 	        1
36600000.000 	      100 	        1
36620000.000 	      100 	        1
36640000.000 	      100 	        1
36660000.000 	      100 	        1
36680000.000 	      100 	        1
36700000.000 	      100 	        1
36720000.000 	      100 	        1
36740000.000 	      100 	        1
36760000.000 	      100 	        1
36780000.000 	      100 	        1
36800000.000 	      100 	        1
36820000.000 	      100 	        1
36840000.000 	      100 	        1
36860000.000 	      100 	        1
36880000.000 	      100 	        1
36900000.000 	      100 	        1
36920000.000 	      100 	        1
36940000.000 	      100 	        1
36960000.000 	      100 	        1
36980000.000 	      100 	        1
37000000.000 	      100 	        1
37020000.000 	      100 	        1
37040000.000 	      100 	        1
37060000.000 	      100 	        1
37080000.000 	      100 	        1
37100000.000 	      100 	        1
37120000.000 	      100 	        1
37140000.000 	      100 	        1
37160000.000 	      100 	        1
37180000.000 	      100 	        1
37200000.000 	      100 	        1
37220000.000 	      100 	        1
37240000.000 	      100 	        1
37260000.000 	      100 	        1
37280000.000 	      100 	        1
37300000.000 	      100 	        1
37320000.000 	      100 	        1
37340000.000 	      100 	        1
37360000.000 	      100 	        1
37380000.000 	      100 	        1
37400000.000 	      100 	        1
37420000.000 	      100 	        1
37440000.000 	      100 	        1
37460000.000 	      100 	        1
37480000.000 	      100 	        1
37500000.000 	      100 	        1
37520000.000 	      100 	        1
37540000.000 	      100 	        1
37560000.000 	      100 	        1
37580000.000 	      100 	        1
37600000.000 	      100 	        1
37620000.000 	      100 	        1
37640000.000 	      100 	        1
37660000.000 	      100 	        1
37680000.000 	      100 	        1
37700000.000 	      100 	        1
37720000.000 	      100 	        1
37740000.000 	      100 	        1
37760000.000 	      100 	        1
37780000.000 	      100 	        1
37800000.000 	      100 	        1
37820000.000 	      100 	        1
37840000.000 	      100 	        1
37860000.000 	      100 	        1
37880000.000 	      100 	        1
37900000.000 	      100 	        1
37920000.000 	      100 	        1
37940000.000 	      100 	        1
37960000.000 	      100 	        1
37980000.000 	      100 	        1
38000000.000 	      100 	        1
38020000.000 	      100 	        1
38040000.000 	      100 	        1
38060000.000 	      100 	        1
38080000.000 	      100 	        1
38100000.000 	      100 	        1
38120000.000 	      100 	        1
38140000.000 	      100 	        1
38160000.000 	      100 	        1
38180000.000 	      100 	        1
38200000.000 	      100 	        1
38220000.000 	      100 	        1
38240000.000 	      100 	        1
38260000.000 	      100 	        1
38280000.000 	      100 	        1
38300000.000 	      100 	        1
38320000.000 	      100 	        1
38340000.000 	      100 	        1
38360000.000 	      100 	        1
38380000.000 	      100 	        1
38400000.000 	      100 	        1
38420000.000 	      100 	        1
38440000.000 	      100 	        1
38460000.000 	      100 	        1
38480000.000 	      100 	        1
38500000.000 	      100 	        1
38520000.000 	      100 	        1
38540000.000 	      100 	        1
38560000.000 	      100 	        1
38580000.000 	      100 	        1
38600000.000 	      100 	        1
38620000.000 	      100 	        1
38640000.000 	      100 	        1
38660000.000 	      100 	        1
38680000.000 	      100 	        1
38700000.000 	      100 	        1
38720000.000 	      100 	        1
38740000.000 	      100 	        1
38760000.000 	      100 	        1
38780000.000 	      100 	        1
38800000.000 	      100 	        1
38820000.000 	      100 	        1
38840000.000 	      100 	        1
38860000.000 	      100 	        1
38880000.000 	      100 	        1
38900000.000 	      100 	        1
38920000.000 	      100 	        1
38940000.000 	      100 	        1
38960000.000 	      100 	        1
38980000.000 	      100 	        1
39000000.000 	      100 	        1
39020000.000 	      100 	        1
39040000.000 	      100 	        1
39060000.000 	      100 	        1
39080000.000 	      100 	        1
39100000.000 	      100 	        1
39120000.000 	      100 	        1
39140000.000 	      100 	        1
39160000.000 	      100 	        1
39180000.000 	      100 	        1
39200000.000 	      100 	        1
39220000.000 	      100 	        1
39240000.000 	      100 	        1
39260000.000 	      100 	        1
39280000.000 	      100 	        1
39300000.000 	      100 	        1
39320000.000 	      100 	        1
39340000.000 	      100 	        1
39360000.000 	      100 	        1
39380000.000 	      100 	        1
39400000.000 	      100 	        1
39420000.000 	      100 	        1
39440000.000 	      100 	        1
39460000.000 	      100 	        1
39480000.000 	      100 	        1
39500000.000 	      100 	        1
39520000.000 	      100 	        1
39540000.000 	      100 	        1
39560000.000 	      100 	        1
39580000.000 	      100 	        1
39600000.000 	      100 	        1
39620000.000 	      100 	        1
39640000.000 	      100 	        1
39660000.000 	      100 	        1
39680000.000 	      100 	        1
39700000.000 	      100 	        1
39720000.000 	      100 	        1
39740000.000 	      100 	        1
39760000.000 	      100 	        1
39780000.000 	      100 	        1
39800000.000 	      100 	        1
39820000.000 	      100 	        1
39840000.000 	      100 	        1
39860000.000 	      100 	        1
39880000.000 	      100 	        1
39900000.000 	      100 	        1
39920000.000 	      100 	        1
39940000.000 	      100 	        1
39960000.000 	      100 	        1
39980000.000 	      100 	        1
40000000.000 	      100 	        1
40020000.000 	      100 	        1
40040000.000 	      100 	        1
40060000.000 	      100 	        1
40080000.000 	      100 	        1
40100000.000 	      100 	        1
40120000.000 	      100 	        1
40140000.000 	      100 	        1
40160000.000 	      100 	        1
40180000.000 	      100 	        1
40200000.000 	      100 	        1
40220000.000 	      100 	        1
40240000.000 	      100 	        1
40260000.000 	      100 	        1
40280000.000 	      100 	        1
40300000.000 	      100 	        1
40320000.000 	      100 	        1
40340000.000 	      100 	        1
40360000.000 	      100 	        1
40380000.000 	      100 	        1
40400000.000 	      100 	        1
40420000.000 	      100 	        1
40440000.000 	      100 	        1
40460000.000 	      100 	        1
40480000.000 	      100 	        1
40500000.000 	      100 	        1
40520000.000 	      100 	        1
40540000.000 	      100 	        1
40560000.000 	      100 	        1
40580000.000 	      100 	        1
40600000.000 	      100 	        1
40620000.000 	      100 	        1
40640000.000 	      100 	        1
40660000.000 	      100 	        1
40680000.000 	      100 	        1
40700000.000 	      100 	        1
40720000.000 	      100 	        1
40740000.000 	      100 	        1
40760000.000 	      100 	        1
40780000.000 	      100 	        1
40800000.000 	      100 	        1
40820000.000 	      100 	        1
40840000.000 	      100 	        1
40860000.000 	      100 	        1
40880000.000 	      100 	        1
40900000.000 	      100 	        1
40920000.000 	      100 	        1
40940000.000 	      100 	        1
40960000.000 	      100 	        1
40980000.000 	      100 	        1
41000000.000 	      100 	        1
41020000.000 	      100 	        1
41040000.000 	      100 	        1
41060000.000 	      100 	        1
41080000.000 	      100 	        1
41100000.000 	      100 	        1
41120000.000 	      100 	        1
41140000.000 	      100 	        1
41160000.000 	      100 	        1
41180000.000 	      100 	        1
41200000.000 	      100 	        1
41220000.000 	      100 	        1
41240000.000 	      100 	        1
41260000.000 	      100 	        1
41280000.000 	      100 	        1
41300000.000 	      100 	        1
41320000.000 	      100 	        1
41340000.000 	      100 	        1
41360000.000 	      100 	        1
41380000.000 	      100 	        1
41400000.000 	      100 	        1
41420000.000 	      100 	        1
41440000.000 	      100 	        1
41460000.000 	      100 	        1
41480000.000 	      100 	        1
41500000.000 	      100 	        1
41520000.000 	      100 	        1
41540000.000 	      100 	        1
41560000.000 	      100 	        1
41580000.000 	      100 	        1
41600000.000 	      100 	        1
41620000.000 	      100 	        1
41640000.000 	      100 	        1
41660000.000 	      100 	        1
41680000.000 	      100 	        1
41700000.000 	      100 	        1
41720000.000 	      100 	        1
41740000.000 	      100 	        1
41760000.000 	      100 	        1
41780000.000 	      100 	        1
41800000.000 	      100 	        1
41820000.000 	      100 	        1
41840000.000 	      100 	        1
41860000.000 	      100 	        1
41880000.000 	      100 	        1
41900000.000 	      100 	        1
41920000.000 	      100 	        1
41940000.000 	      100 	        1
41960000.000 	      100 	        1
41980000.000 	      100 	        1
42000000.000 	      100 	        1
42020000.000 	      100 	        1
42040000.000 	      100 	        1
42060000.000 	      100 	        1
42080000.000 	      100 	        1
42100000.000 	      100 	        1
42120000.000 	      100 	        1
42140000.000 	      100 	        1
42160000.000 	      100 	        1
42180000.000 	      100 	        1
42200000.000 	      100 	        1
42220000.000 	      100 	        1
42240000.000 	      100 	        1
42260000.000 	      100 	        1
42280000.000 	      100 	        1
42300000.000 	      100 	        1
42320000.000 	      100 	        1
42340000.000 	      100 	        1
42360000.000 	      100 	        1
42380000.000 	      100 	        1
42400000.000 	      100 	        1
42420000.000 	      100 	        1
42440000.000 	      100 	        1
42460000.000 	      100 	        1
42480000.000 	      100 	        1
42500000.000 	      100 	        1
42520000.000 	      100 	        1
42540000.000 	      100 	        1
42560000.000 	      100 	        1
42580000.000 	      100 	        1
42600000.000 	      100 	        1
