       0.000 	      100 	        1
   20000.000 	      100 	        1
   40000.000 	      100 	        1
   60000.000 	       99 	        2
   80000.000 	       98 	        2
  100000.000 	       98 	        2
  120000.000 	       97 	        2
  140000.000 	       97 	        2
  160000.000 	       97 	        2
  180000.000 	       96 	        2
  200000.000 	       95 	        2
  220000.000 	       93 	        2
  240000.000 	       90 	        2
  260000.000 	       93 	        2
  280000.000 	       89 	        2
  300000.000 	       88 	        4
  320000.000 	       88 	        4
  340000.000 	       89 	        3
  360000.000 	       87 	        4
  380000.000 	       85 	        4
  400000.000 	       85 	        4
  420000.000 	       84 	        4
  440000.000 	       84 	        3
  460000.000 	       81 	        4
  480000.000 	       82 	        3
  500000.000 	       81 	        3
  520000.000 	       80 	        4
  540000.000 	       81 	        4
  560000.000 	       76 	        4
  580000.000 	       78 	        4
  600000.000 	       79 	        4
  620000.000 	       77 	        4
  640000.000 	       75 	        4
  660000.000 	       73 	        4
  680000.000 	       75 	        4
  700000.000 	       72 	        4
  720000.000 	       74 	        4
  740000.000 	       73 	        4
  760000.000 	       72 	        4
  780000.000 	       72 	        4
  800000.000 	       72 	        4
  820000.000 	       72 	        4
  840000.000 	       73 	        4
  860000.000 	       71 	        4
  880000.000 	       69 	        4
  900000.000 	       70 	        4
  920000.000 	       70 	        4
  940000.000 	       71 	        4
  960000.000 	       71 	        4
  980000.000 	       71 	        4
 1000000.000 	       68 	        4
 1020000.000 	       68 	        4
 1040000.000 	       69 	        4
 1060000.000 	       67 	        4
 1080000.000 	       67 	        4
 1100000.000 	       70 	        4
 1120000.000 	       67 	        4
 1140000.000 	       71 	        4
 1160000.000 	       72 	        4
 1180000.000 	       66 	        5
 1200000.000 	       68 	        5
 1220000.000 	       68 	        6
 1240000.000 	       64 	        6
 1260000.000 	       64 	        6
 1280000.000 	       64 	        6
 1300000.000 	       67 	        6
 1320000.000 	       68 	        6
 1340000.000 	       63 	        6
 1360000.000 	       63 	        6
 1380000.000 	       63 	        6
 1400000.000 	       63 	        6
 1420000.000 	       63 	        6
 1440000.000 	       65 	        6
 1460000.000 	       66 	        6
 1480000.000 	       64 	        6
 1500000.000 	       65 	        6
 1520000.000 	       64 	        6
 1540000.000 	       66 	        5
 1560000.000 	       65 	        6
 1580000.000 	       66 	        6
 1600000.000 	       64 	        6
 1620000.000 	       67 	        6
 1640000.000 	       66 	        6
 1660000.000 	       67 	        6
 1680000.000 	       65 	        6
 1700000.000 	       67 	        4
 1720000.000 	       64 	        6
 1740000.000 	       63 	        6
 1760000.000 	       65 	        6
 1780000.000 	       64 	        6
 1800000.000 	       66 	        6
 1820000.000 	       64 	        6
 1840000.000 	       65 	        6
 1860000.000 	       68 	        6
 1880000.000 	       65 	        6
 1900000.000 	       65 	        5
 1920000.000 	       66 	        5
 1940000.000 	       66 	        6
 1960000.000 	       67 	        4
 1980000.000 	       65 	        6
 2000000.000 	       67 	        5
 2020000.000 	       65 	        6
 2040000.000 	       64 	        6
 2060000.000 	       63 	        6
 2080000.000 	       67 	        6
 2100000.000 	       66 	        6
 2120000.000 	       65 	        6
 2140000.000 	       65 	        6
 2160000.000 	       63 	        6
 2180000.000 	       63 	        6
 2200000.000 	       63 	        6
 2220000.000 	       65 	        6
 2240000.000 	       64 	        6
 2260000.000 	       63 	        6
 2280000.000 	       63 	        6
 2300000.000 	       64 	        6
 2320000.000 	       65 	        6
 2340000.000 	       65 	        6
 2360000.000 	       62 	        6
 2380000.000 	       64 	        6
 2400000.000 	       62 	        6
 2420000.000 	       62 	        6
 2440000.000 	       65 	        6
 2460000.000 	       62 	        6
 2480000.000 	       64 	        6
 2500000.000 	       63 	        6
 2520000.000 	       63 	        6
 2540000.000 	       64 	        6
 2560000.000 	       62 	        6
 2580000.000 	       64 	        6
 2600000.000 	       65 	        6
 2620000.000 	       64 	        6
 2640000.000 	       67 	        5
 2660000.000 	       67 	        6
 2680000.000 	       63 	        6
 2700000.000 	       62 	        6
 2720000.000 	       61 	        6
 2740000.000 	       62 	        6
 2760000.000 	       62 	        6
 2780000.000 	       61 	        6
 2800000.000 	       62 	        6
 2820000.000 	       63 	        6
 2840000.000 	       66 	        5
 2860000.000 	       62 	        6
 2880000.000 	       61 	        6
 2900000.000 	       61 	        6
 2920000.000 	       61 	        6
 2940000.000 	       60 	        6
 2960000.000 	       58 	        6
 2980000.000 	       60 	        5
 3000000.000 	       59 	        6
 3020000.000 	       61 	        6
 3040000.000 	       64 	        6
 3060000.000 	       61 	        6
 3080000.000 	       63 	        6
 3100000.000 	       63 	        6
 3120000.000 	       58 	        6
 3140000.000 	       60 	        6
 3160000.000 	       61 	        5
 3180000.000 	       62 	        6
 3200000.000 	       59 	        6
 3220000.000 	       61 	        6
 3240000.000 	       64 	        6
 3260000.000 	       59 	        6
 3280000.000 	       59 	        6
 3300000.000 	       60 	        7
 3320000.000 	       59 	        7
 3340000.000 	       59 	        7
 3360000.000 	       62 	        7
 3380000.000 	       59 	        7
 3400000.000 	       59 	        7
 3420000.000 	       59 	        7
 3440000.000 	       57 	        7
 3460000.000 	       57 	        7
 3480000.000 	       58 	        6
 3500000.000 	       58 	        7
 3520000.000 	       59 	        7
 3540000.000 	       58 	        7
 3560000.000 	       59 	        7
 3580000.000 	       60 	        7
 3600000.000 	       59 	        7
 3620000.000 	       57 	        7
 3640000.000 	       60 	        7
 3660000.000 	       58 	        7
 3680000.000 	       57 	        7
 3700000.000 	       58 	        7
 3720000.000 	       61 	        5
 3740000.000 	       59 	        7
 3760000.000 	       58 	        7
 3780000.000 	       59 	        7
 3800000.000 	       59 	        7
 3820000.000 	       60 	        7
 3840000.000 	       57 	        7
 3860000.000 	       58 	        7
 3880000.000 	       59 	        6
 3900000.000 	       58 	        7
 3920000.000 	       59 	        7
 3940000.000 	       61 	        7
 3960000.000 	       58 	        7
 3980000.000 	       58 	        6
 4000000.000 	       57 	        7
 4020000.000 	       57 	        7
 4040000.000 	       56 	        7
 4060000.000 	       59 	        7
 4080000.000 	       57 	        7
 4100000.000 	       57 	        7
 4120000.000 	       56 	        7
 4140000.000 	       57 	        7
 4160000.000 	       57 	        7
 4180000.000 	       56 	        7
 4200000.000 	       56 	        7
 4220000.000 	       63 	        6
 4240000.000 	       57 	        6
 4260000.000 	       56 	        7
 4280000.000 	       56 	        7
 4300000.000 	       57 	        7
 4320000.000 	       58 	        7
 4340000.000 	       57 	        7
 4360000.000 	       58 	        7
 4380000.000 	       56 	        7
 4400000.000 	       60 	        6
 4420000.000 	       59 	        7
 4440000.000 	       57 	        7
 4460000.000 	       58 	        6
 4480000.000 	       57 	        6
 4500000.000 	       58 	        7
 4520000.000 	       56 	        7
 4540000.000 	       56 	        7
 4560000.000 	       57 	        7
 4580000.000 	       58 	        6
 4600000.000 	       56 	        7
 4620000.000 	       57 	        7
 4640000.000 	       57 	        6
 4660000.000 	       56 	        7
 4680000.000 	       55 	        7
 4700000.000 	       57 	        7
 4720000.000 	       56 	        7
 4740000.000 	       57 	        7
 4760000.000 	       56 	        6
 4780000.000 	       57 	        7
 4800000.000 	       58 	        7
 4820000.000 	       57 	        6
 4840000.000 	       56 	        7
 4860000.000 	       55 	        7
 4880000.000 	       57 	        6
 4900000.000 	       58 	        7
 4920000.000 	       55 	        7
 4940000.000 	       57 	        6
 4960000.000 	       55 	        7
 4980000.000 	       57 	        7
 5000000.000 	       54 	        7
 5020000.000 	       57 	        7
 5040000.000 	       57 	        7
 5060000.000 	       54 	        9
 5080000.000 	       54 	        9
 5100000.000 	       55 	        8
 5120000.000 	       56 	        7
 5140000.000 	       56 	        9
 5160000.000 	       55 	        7
 5180000.000 	       56 	        9
 5200000.000 	       55 	        9
 5220000.000 	       54 	        9
 5240000.000 	       54 	        9
 5260000.000 	       55 	        9
 5280000.000 	       53 	        9
 5300000.000 	       53 	        9
 5320000.000 	       54 	        9
 5340000.000 	       57 	        9
 5360000.000 	       56 	        9
 5380000.000 	       53 	        9
 5400000.000 	       55 	        8
 5420000.000 	       53 	        9
 5440000.000 	       53 	        9
 5460000.000 	       54 	        9
 5480000.000 	       56 	        9
 5500000.000 	       55 	        9
 5520000.000 	       54 	        9
 5540000.000 	       55 	        9
 5560000.000 	       53 	        9
 5580000.000 	       54 	        9
 5600000.000 	       53 	        9
 5620000.000 	       54 	        9
 5640000.000 	       54 	        9
 5660000.000 	       55 	        7
 5680000.000 	       55 	        9
 5700000.000 	       58 	        9
 5720000.000 	       54 	        9
 5740000.000 	       57 	        8
 5760000.000 	       55 	        9
 5780000.000 	       57 	        9
 5800000.000 	       54 	        9
 5820000.000 	       53 	        9
 5840000.000 	       54 	        9
 5860000.000 	       53 	        9
 5880000.000 	       55 	        9
 5900000.000 	       53 	        9
 5920000.000 	       54 	        9
 5940000.000 	       53 	        9
 5960000.000 	       55 	        9
 5980000.000 	       57 	        9
 6000000.000 	       56 	        9
 6020000.000 	       54 	        8
 6040000.000 	       55 	        9
 6060000.000 	       57 	        7
 6080000.000 	       55 	        9
 6100000.000 	       55 	        9
 6120000.000 	       55 	        8
 6140000.000 	       54 	        8
 6160000.000 	       54 	        9
 6180000.000 	       55 	        7
 6200000.000 	       57 	        8
 6220000.000 	       53 	        9
 6240000.000 	       54 	        9
 6260000.000 	       56 	        7
 6280000.000 	       54 	        9
 6300000.000 	       57 	        7
 6320000.000 	       53 	        9
 6340000.000 	       54 	        9
 6360000.000 	       56 	        9
 6380000.000 	       53 	        9
 6400000.000 	       53 	        9
 6420000.000 	       57 	        7
 6440000.000 	       55 	        9
 6460000.000 	       56 	        8
 6480000.000 	       58 	        6
 6500000.000 	       53 	        9
 6520000.000 	       53 	        9
 6540000.000 	       55 	        6
 6560000.000 	       53 	        8
 6580000.000 	       52 	        9
 6600000.000 	       53 	        7
 6620000.000 	       52 	        9
 6640000.000 	       54 	        9
 6660000.000 	       53 	        8
 6680000.000 	       55 	        9
 6700000.000 	       56 	        8
 6720000.000 	       55 	        8
 6740000.000 	       53 	        9
 6760000.000 	       54 	        8
 6780000.000 	       53 	        9
 6800000.000 	       52 	        9
 6820000.000 	       55 	        8
 6840000.000 	       55 	        9
 6860000.000 	       56 	        8
 6880000.000 	       55 	        9
 6900000.000 	       53 	        8
 6920000.000 	       52 	        9
 6940000.000 	       53 	        9
 6960000.000 	       54 	        8
 6980000.000 	       54 	        9
 7000000.000 	       53 	        9
 7020000.000 	       53 	        9
 7040000.000 	       57 	        7
 7060000.000 	       53 	        9
 7080000.000 	       55 	        9
 7100000.000 	       53 	        9
 7120000.000 	       51 	       11
 7140000.000 	       56 	        7
 7160000.000 	       53 	       11
 7180000.000 	       51 	       11
 7200000.000 	       51 	       11
 7220000.000 	       51 	       11
 7240000.000 	       53 	       11
 7260000.000 	       52 	       11
 7280000.000 	       54 	       10
 7300000.000 	       55 	       11
 7320000.000 	       56 	       11
 7340000.000 	       52 	        9
 7360000.000 	       51 	       11
 7380000.000 	       54 	        7
 7400000.000 	       53 	       11
 7420000.000 	       52 	       11
 7440000.000 	       53 	       11
 7460000.000 	       54 	       11
 7480000.000 	       51 	       11
 7500000.000 	       51 	       11
 7520000.000 	       50 	       11
 7540000.000 	       50 	       11
 7560000.000 	       54 	        7
 7580000.000 	       51 	        9
 7600000.000 	       49 	       10
 7620000.000 	       52 	        9
 7640000.000 	       48 	       12
 7660000.000 	       48 	       12
 7680000.000 	       48 	       12
 7700000.000 	       50 	        7
 7720000.000 	       48 	       11
 7740000.000 	       50 	       12
 7760000.000 	       50 	        7
 7780000.000 	       49 	       12
 7800000.000 	       48 	        9
 7820000.000 	       48 	       12
 7840000.000 	       51 	       11
 7860000.000 	       49 	       12
 7880000.000 	       47 	       12
 7900000.000 	       47 	       12
 7920000.000 	       48 	       12
 7940000.000 	       48 	       12
 7960000.000 	       49 	       11
 7980000.000 	       48 	       11
 8000000.000 	       49 	       11
 8020000.000 	       48 	       12
 8040000.000 	       49 	       12
 8060000.000 	       48 	       12
 8080000.000 	       48 	       11
 8100000.000 	       47 	       12
 8120000.000 	       49 	       12
 8140000.000 	       47 	       12
 8160000.000 	       48 	       12
 8180000.000 	       49 	       10
 8200000.000 	       49 	       10
 8220000.000 	       49 	        7
 8240000.000 	       51 	       10
 8260000.000 	       51 	       11
 8280000.000 	       49 	        7
 8300000.000 	       49 	       11
 8320000.000 	       48 	       12
 8340000.000 	       49 	       10
 8360000.000 	       49 	       11
 8380000.000 	       49 	       12
 8400000.000 	       51 	       12
 8420000.000 	       52 	       10
 8440000.000 	       49 	       12
 8460000.000 	       49 	       12
 8480000.000 	       47 	       12
 8500000.000 	       49 	       12
 8520000.000 	       50 	        9
 8540000.000 	       47 	       12
 8560000.000 	       48 	        9
 8580000.000 	       49 	        9
 8600000.000 	       50 	        9
 8620000.000 	       47 	       12
 8640000.000 	       47 	       12
 8660000.000 	       49 	       12
 8680000.000 	       47 	       10
 8700000.000 	       45 	       12
 8720000.000 	       47 	       12
 8740000.000 	       47 	       12
 8760000.000 	       47 	       12
 8780000.000 	       45 	       12
 8800000.000 	       46 	       12
 8820000.000 	       47 	       12
 8840000.000 	       45 	       12
 8860000.000 	       46 	       12
 8880000.000 	       49 	       10
 8900000.000 	       47 	       12
 8920000.000 	       49 	        7
 8940000.000 	       49 	       12
 8960000.000 	       47 	       12
 8980000.000 	       46 	       12
 9000000.000 	       46 	       12
 9020000.000 	       47 	       12
 9040000.000 	       46 	       11
 9060000.000 	       47 	       12
 9080000.000 	       50 	       11
 9100000.000 	       46 	       12
 9120000.000 	       51 	       11
 9140000.000 	       46 	       12
 9160000.000 	       46 	       12
 9180000.000 	       45 	       12
 9200000.000 	       47 	       12
 9220000.000 	       46 	       11
 9240000.000 	       47 	       11
 9260000.000 	       48 	       12
 9280000.000 	       44 	       12
 9300000.000 	       46 	       12
 9320000.000 	       46 	       12
 9340000.000 	       48 	       12
 9360000.000 	       46 	       11
 9380000.000 	       46 	       12
 9400000.000 	       46 	       12
 9420000.000 	       48 	       12
 9440000.000 	       46 	       10
 9460000.000 	       49 	       11
 9480000.000 	       46 	       10
 9500000.000 	       48 	       12
 9520000.000 	       46 	       12
 9540000.000 	       46 	       12
 9560000.000 	       46 	       10
 9580000.000 	       45 	        7
 9600000.000 	       49 	       12
 9620000.000 	       45 	       10
 9640000.000 	       46 	       12
 9660000.000 	       47 	       10
 9680000.000 	       45 	       12
 9700000.000 	       45 	       12
 9720000.000 	       45 	       12
 9740000.000 	       46 	       10
 9760000.000 	       47 	       12
 9780000.000 	       45 	       12
 9800000.000 	       46 	       10
 9820000.000 	       46 	       12
 9840000.000 	       47 	       11
 9860000.000 	       47 	       11
 9880000.000 	       48 	       12
 9900000.000 	       47 	       12
 9920000.000 	       46 	       12
 9940000.000 	       46 	       10
 9960000.000 	       45 	       12
 9980000.000 	       49 	       12
10000000.000 	       45 	       12
10020000.000 	       50 	        9
10040000.000 	       47 	        7
10060000.000 	       46 	       10
10080000.000 	       45 	       12
10100000.000 	       48 	        7
10120000.000 	       47 	       11
10140000.000 	       48 	       10
10160000.000 	       51 	       10
10180000.000 	       47 	       12
10200000.000 	       46 	       12
10220000.000 	       47 	       10
10240000.000 	       48 	       12
10260000.000 	       46 	       12
10280000.000 	       44 	       12
10300000.000 	       46 	        7
10320000.000 	       48 	       10
10340000.000 	       46 	       11
10360000.000 	       47 	       10
10380000.000 	       46 	       11
10400000.000 	       47 	       12
10420000.000 	       46 	       12
10440000.000 	       45 	       12
10460000.000 	       46 	        9
10480000.000 	       45 	        7
10500000.000 	       46 	       11
10520000.000 	       46 	       12
10540000.000 	       45 	       12
10560000.000 	       49 	       11
10580000.000 	       47 	       12
10600000.000 	       50 	        6
10620000.000 	       48 	        9
10640000.000 	       45 	       10
10660000.000 	       47 	       10
10680000.000 	       45 	       12
10700000.000 	       47 	       12
10720000.000 	       48 	       12
10740000.000 	       48 	        6
10760000.000 	       45 	       12
10780000.000 	       47 	       11
10800000.000 	       47 	       10
10820000.000 	       47 	       12
10840000.000 	       46 	       12
10860000.000 	       47 	       11
10880000.000 	       45 	       12
10900000.000 	       45 	       12
10920000.000 	       44 	       12
10940000.000 	       46 	        7
10960000.000 	       46 	       12
10980000.000 	       49 	       11
11000000.000 	       49 	       10
11020000.000 	       48 	        9
11040000.000 	       48 	        9
11060000.000 	       46 	       11
11080000.000 	       46 	        7
11100000.000 	       46 	        9
11120000.000 	       48 	        9
11140000.000 	       45 	       12
11160000.000 	       47 	        7
11180000.000 	       45 	       12
11200000.000 	       46 	        9
11220000.000 	       47 	       12
11240000.000 	       45 	       11
11260000.000 	       46 	       12
11280000.000 	       48 	       11
11300000.000 	       44 	       12
11320000.000 	       46 	       12
11340000.000 	       47 	       11
11360000.000 	       48 	        7
11380000.000 	       46 	       12
11400000.000 	       45 	       10
11420000.000 	       45 	       12
11440000.000 	       46 	       12
11460000.000 	       45 	       12
11480000.000 	       48 	       12
11500000.000 	       47 	       12
11520000.000 	       48 	       12
11540000.000 	       46 	       11
11560000.000 	       46 	       12
11580000.000 	       46 	       11
11600000.000 	       45 	       12
11620000.000 	       46 	       12
11640000.000 	       45 	       12
11660000.000 	       46 	       11
11680000.000 	       44 	       12
11700000.000 	       46 	       10
11720000.000 	       49 	       12
11740000.000 	       50 	        7
11760000.000 	       48 	       12
11780000.000 	       47 	       12
11800000.000 	       44 	       12
11820000.000 	       45 	       12
11840000.000 	       44 	       12
11860000.000 	       45 	       11
11880000.000 	       46 	       11
11900000.000 	       45 	       12
11920000.000 	       44 	       12
11940000.000 	       45 	       12
11960000.000 	       46 	       11
11980000.000 	       47 	       11
12000000.000 	       48 	       11
12020000.000 	       44 	       12
12040000.000 	       46 	       12
12060000.000 	       45 	       12
12080000.000 	       45 	       12
12100000.000 	       48 	       11
12120000.000 	       46 	       12
12140000.000 	       47 	       10
12160000.000 	       48 	       12
12180000.000 	       47 	       11
12200000.000 	       47 	       11
12220000.000 	       47 	       12
12240000.000 	       46 	       12
12260000.000 	       49 	       10
12280000.000 	       45 	       12
12300000.000 	       46 	       11
12320000.000 	       47 	       11
12340000.000 	       46 	       11
12360000.000 	       49 	       11
12380000.000 	       45 	       12
12400000.000 	       47 	       10
12420000.000 	       46 	       12
12440000.000 	       46 	        7
12460000.000 	       48 	       12
12480000.000 	       44 	       12
12500000.000 	       44 	       12
12520000.000 	       46 	       12
12540000.000 	       45 	       12
12560000.000 	       49 	       10
12580000.000 	       48 	       10
12600000.000 	       47 	       12
12620000.000 	       46 	       11
12640000.000 	       45 	       12
12660000.000 	       48 	       10
12680000.000 	       49 	        8
12700000.000 	       46 	       11
12720000.000 	       45 	        9
12740000.000 	       45 	       12
12760000.000 	       45 	       12
12780000.000 	       49 	        8
12800000.000 	       46 	       12
12820000.000 	       45 	       12
12840000.000 	       46 	       12
12860000.000 	       46 	       12
12880000.000 	       46 	       12
12900000.000 	       43 	       13
12920000.000 	       43 	       13
12940000.000 	       45 	        7
12960000.000 	       45 	       10
12980000.000 	       45 	       13
13000000.000 	       44 	       12
13020000.000 	       46 	       13
13040000.000 	       45 	       12
13060000.000 	       48 	       10
13080000.000 	       44 	       13
13100000.000 	       45 	        9
13120000.000 	       46 	       12
13140000.000 	       48 	        7
13160000.000 	       47 	       12
13180000.000 	       45 	       12
13200000.000 	       49 	       12
13220000.000 	       46 	        9
13240000.000 	       48 	       12
13260000.000 	       47 	       11
13280000.000 	       51 	        7
13300000.000 	       45 	       12
13320000.000 	       46 	       10
13340000.000 	       47 	        7
13360000.000 	       49 	        7
13380000.000 	       49 	       10
13400000.000 	       46 	       13
13420000.000 	       47 	        7
13440000.000 	       46 	       11
13460000.000 	       49 	       11
13480000.000 	       46 	       13
13500000.000 	       43 	       13
13520000.000 	       44 	       13
13540000.000 	       45 	        7
13560000.000 	       46 	       13
13580000.000 	       45 	       10
13600000.000 	       45 	       13
13620000.000 	       43 	       13
13640000.000 	       45 	        7
13660000.000 	       44 	       12
13680000.000 	       46 	       12
13700000.000 	       47 	       10
13720000.000 	       45 	       12
13740000.000 	       45 	       13
13760000.000 	       43 	       13
13780000.000 	       49 	        7
13800000.000 	       44 	       13
13820000.000 	       44 	       13
13840000.000 	       44 	       13
13860000.000 	       44 	       10
13880000.000 	       48 	        9
13900000.000 	       48 	       12
13920000.000 	       46 	       11
13940000.000 	       45 	       10
13960000.000 	       45 	       13
13980000.000 	       47 	       11
14000000.000 	       45 	       12
14020000.000 	       43 	       13
14040000.000 	       49 	       11
14060000.000 	       46 	       12
14080000.000 	       43 	       13
14100000.000 	       47 	       10
14120000.000 	       44 	       12
14140000.000 	       46 	       11
14160000.000 	       44 	        7
14180000.000 	       46 	        9
14200000.000 	       45 	        7
14220000.000 	       46 	        7
14240000.000 	       43 	       13
14260000.000 	       46 	        7
14280000.000 	       47 	       13
14300000.000 	       45 	        9
14320000.000 	       47 	       12
14340000.000 	       46 	       10
14360000.000 	       46 	       12
14380000.000 	       45 	       13
14400000.000 	       44 	       13
14420000.000 	       45 	       13
14440000.000 	       49 	        9
14460000.000 	       44 	       10
14480000.000 	       47 	       12
14500000.000 	       45 	       12
14520000.000 	       47 	       10
14540000.000 	       45 	       13
14560000.000 	       44 	       10
14580000.000 	       47 	        7
14600000.000 	       45 	       11
14620000.000 	       45 	       10
14640000.000 	       47 	       11
14660000.000 	       44 	       10
14680000.000 	       45 	        7
14700000.000 	       47 	        7
14720000.000 	       44 	       12
14740000.000 	       47 	       12
14760000.000 	       45 	       10
14780000.000 	       45 	       13
14800000.000 	       44 	       12
14820000.000 	       45 	       10
14840000.000 	       43 	       13
14860000.000 	       48 	       10
14880000.000 	       45 	       13
14900000.000 	       46 	       12
14920000.000 	       44 	       12
14940000.000 	       48 	        7
14960000.000 	       47 	        7
14980000.000 	       46 	       12
15000000.000 	       47 	       12
15020000.000 	       47 	       11
15040000.000 	       44 	       13
15060000.000 	       43 	       13
15080000.000 	       46 	       11
15100000.000 	       47 	       13
15120000.000 	       45 	       13
15140000.000 	       46 	        8
15160000.000 	       47 	       11
15180000.000 	       46 	        9
15200000.000 	       45 	       12
15220000.000 	       48 	       11
15240000.000 	       45 	       12
15260000.000 	       47 	       11
15280000.000 	       43 	       13
15300000.000 	       46 	        9
15320000.000 	       46 	       11
15340000.000 	       44 	       12
15360000.000 	       45 	       12
15380000.000 	       46 	       11
15400000.000 	       44 	       12
15420000.000 	       44 	       12
15440000.000 	       45 	       13
15460000.000 	       46 	       11
15480000.000 	       43 	       13
15500000.000 	       43 	       12
15520000.000 	       45 	       11
15540000.000 	       44 	       13
15560000.000 	       46 	       11
15580000.000 	       47 	       10
15600000.000 	       45 	       12
15620000.000 	       44 	       11
15640000.000 	       46 	       12
15660000.000 	       45 	       12
15680000.000 	       43 	       11
15700000.000 	       44 	       12
15720000.000 	       46 	       11
15740000.000 	       44 	       12
15760000.000 	       46 	       12
15780000.000 	       43 	       11
15800000.000 	       43 	       13
15820000.000 	       46 	       11
15840000.000 	       42 	       13
15860000.000 	       45 	       12
15880000.000 	       45 	       11
15900000.000 	       43 	       12
15920000.000 	       47 	       10
15940000.000 	       44 	       11
15960000.000 	       44 	       13
15980000.000 	       43 	       13
16000000.000 	       45 	       12
16020000.000 	       44 	       13
16040000.000 	       46 	       12
16060000.000 	       46 	       11
16080000.000 	       43 	       13
16100000.000 	       44 	       13
16120000.000 	       46 	       13
16140000.000 	       42 	       13
16160000.000 	       43 	       11
16180000.000 	       45 	       11
16200000.000 	       44 	       12
16220000.000 	       46 	        7
16240000.000 	       43 	       13
16260000.000 	       44 	       12
16280000.000 	       45 	       13
16300000.000 	       43 	       12
16320000.000 	       45 	       12
16340000.000 	       44 	       13
16360000.000 	       43 	       13
16380000.000 	       45 	       12
16400000.000 	       43 	       13
16420000.000 	       45 	       12
16440000.000 	       44 	       13
16460000.000 	       43 	       13
16480000.000 	       44 	       13
16500000.000 	       46 	       12
16520000.000 	       46 	       11
16540000.000 	       43 	       11
16560000.000 	       44 	       13
16580000.000 	       42 	       13
16600000.000 	       46 	       12
16620000.000 	       44 	       13
16640000.000 	       46 	       12
16660000.000 	       43 	       11
16680000.000 	       45 	       11
16700000.000 	       45 	       11
16720000.000 	       43 	       11
16740000.000 	       47 	       11
16760000.000 	       44 	       12
16780000.000 	       43 	       13
16800000.000 	       47 	       10
16820000.000 	       42 	       13
16840000.000 	       46 	       10
16860000.000 	       47 	       11
16880000.000 	       44 	       11
16900000.000 	       47 	       12
16920000.000 	       46 	       11
16940000.000 	       44 	       11
16960000.000 	       43 	       12
16980000.000 	       46 	       11
17000000.000 	       45 	       13
17020000.000 	       47 	       11
17040000.000 	       43 	       13
17060000.000 	       46 	        9
17080000.000 	       43 	       13
17100000.000 	       45 	       11
17120000.000 	       44 	       13
17140000.000 	       47 	       11
17160000.000 	       44 	        8
17180000.000 	       43 	       12
17200000.000 	       49 	       11
17220000.000 	       43 	       13
17240000.000 	       44 	       11
17260000.000 	       45 	       12
17280000.000 	       45 	       11
17300000.000 	       44 	       12
17320000.000 	       46 	        7
17340000.000 	       44 	       13
17360000.000 	       46 	       13
17380000.000 	       46 	       11
17400000.000 	       45 	       11
17420000.000 	       43 	       12
17440000.000 	       47 	       10
17460000.000 	       46 	       12
17480000.000 	       45 	       13
17500000.000 	       44 	       12
17520000.000 	       45 	       11
17540000.000 	       43 	       12
17560000.000 	       47 	       12
17580000.000 	       45 	       13
17600000.000 	       48 	       11
17620000.000 	       45 	        9
17640000.000 	       45 	       11
17660000.000 	       45 	       11
17680000.000 	       45 	       12
17700000.000 	       44 	       11
17720000.000 	       46 	       10
17740000.000 	       45 	        9
17760000.000 	       46 	       12
17780000.000 	       45 	       11
17800000.000 	       43 	       11
17820000.000 	       47 	       11
17840000.000 	       43 	       13
17860000.000 	       43 	       13
17880000.000 	       46 	       10
17900000.000 	       45 	       11
17920000.000 	       42 	       13
17940000.000 	       44 	       12
17960000.000 	       43 	       13
17980000.000 	       42 	       13
18000000.000 	       44 	       12
18020000.000 	       43 	       11
18040000.000 	       44 	       12
18060000.000 	       46 	       12
18080000.000 	       45 	       13
18100000.000 	       45 	       12
18120000.000 	       43 	       13
18140000.000 	       45 	       13
18160000.000 	       45 	        9
18180000.000 	       48 	       12
18200000.000 	       45 	       13
18220000.000 	       48 	       12
18240000.000 	       50 	        7
18260000.000 	       44 	       13
18280000.000 	       47 	       11
18300000.000 	       47 	        9
18320000.000 	       46 	       12
18340000.000 	       47 	       11
18360000.000 	       44 	       12
18380000.000 	       45 	       12
18400000.000 	       45 	       13
18420000.000 	       44 	       12
18440000.000 	       44 	       12
18460000.000 	       45 	       13
18480000.000 	       45 	       11
18500000.000 	       46 	       11
18520000.000 	       43 	       13
18540000.000 	       46 	       11
18560000.000 	       44 	       11
18580000.000 	       44 	       12
18600000.000 	       43 	       13
18620000.000 	       44 	       13
18640000.000 	       44 	       13
18660000.000 	       44 	       13
18680000.000 	       43 	       13
18700000.000 	       42 	       13
18720000.000 	       45 	       12
18740000.000 	       43 	       13
18760000.000 	       44 	       13
18780000.000 	       44 	       13
18800000.000 	       45 	       10
18820000.000 	       43 	       11
18840000.000 	       43 	       12
18860000.000 	       42 	       13
18880000.000 	       44 	       13
18900000.000 	       44 	       12
18920000.000 	       45 	       11
18940000.000 	       44 	       13
18960000.000 	       44 	       14
18980000.000 	       43 	       13
19000000.000 	       44 	       11
19020000.000 	       43 	       14
19040000.000 	       44 	        8
19060000.000 	       46 	       13
19080000.000 	       43 	       14
19100000.000 	       45 	       11
19120000.000 	       43 	       13
19140000.000 	       43 	       14
19160000.000 	       47 	       11
19180000.000 	       44 	       14
19200000.000 	       43 	       14
19220000.000 	       45 	       10
19240000.000 	       48 	       13
19260000.000 	       46 	       12
19280000.000 	       44 	       13
19300000.000 	       46 	       14
19320000.000 	       43 	       13
19340000.000 	       42 	       13
19360000.000 	       42 	       13
19380000.000 	       43 	       11
19400000.000 	       45 	       11
19420000.000 	       44 	       11
19440000.000 	       44 	       13
19460000.000 	       45 	       11
19480000.000 	       44 	       13
19500000.000 	       44 	       12
19520000.000 	       45 	       13
19540000.000 	       43 	       12
19560000.000 	       46 	       11
19580000.000 	       46 	       11
19600000.000 	       44 	       12
19620000.000 	       45 	        8
19640000.000 	       47 	       11
19660000.000 	       44 	       11
19680000.000 	       46 	        8
19700000.000 	       50 	       12
19720000.000 	       47 	       11
19740000.000 	       45 	       12
19760000.000 	       47 	        8
19780000.000 	       46 	       14
19800000.000 	       45 	       11
19820000.000 	       46 	       13
19840000.000 	       43 	       14
19860000.000 	       45 	       13
19880000.000 	       43 	       13
19900000.000 	       45 	       11
19920000.000 	       44 	       14
19940000.000 	       43 	       11
19960000.000 	       46 	       13
19980000.000 	       44 	       11
20000000.000 	       43 	       13
20020000.000 	       45 	       13
20040000.000 	       44 	        8
20060000.000 	       46 	       11
20080000.000 	       44 	       13
20100000.000 	       44 	       13
20120000.000 	       44 	       13
20140000.000 	       46 	       12
20160000.000 	       45 	       13
20180000.000 	       45 	       14
20200000.000 	       45 	       13
20220000.000 	       43 	       13
20240000.000 	       46 	       14
20260000.000 	       45 	       11
20280000.000 	       42 	       14
20300000.000 	       45 	       12
20320000.000 	       44 	       11
20340000.000 	       43 	       14
20360000.000 	       42 	       11
20380000.000 	       43 	       11
20400000.000 	       43 	       11
20420000.000 	       42 	       14
20440000.000 	       43 	       13
20460000.000 	       43 	       14
20480000.000 	       43 	       11
20500000.000 	       45 	       11
20520000.000 	       45 	       14
20540000.000 	       44 	       13
20560000.000 	       44 	       12
20580000.000 	       46 	       12
20600000.000 	       45 	       13
20620000.000 	       42 	       14
20640000.000 	       45 	       11
20660000.000 	       44 	       13
20680000.000 	       43 	       13
20700000.000 	       44 	       11
20720000.000 	       42 	       11
20740000.000 	       45 	       11
20760000.000 	       45 	       11
20780000.000 	       43 	       14
20800000.000 	       42 	       11
20820000.000 	       43 	       13
20840000.000 	       44 	       11
20860000.000 	       42 	       13
20880000.000 	       44 	       13
20900000.000 	       43 	       13
20920000.000 	       44 	       11
20940000.000 	       43 	       14
20960000.000 	       41 	       14
20980000.000 	       42 	       14
21000000.000 	       42 	       13
21020000.000 	       44 	       14
21040000.000 	       44 	       14
21060000.000 	       41 	       14
21080000.000 	       45 	       13
21100000.000 	       42 	       14
21120000.000 	       42 	       13
21140000.000 	       44 	       12
21160000.000 	       44 	       12
21180000.000 	       43 	       13
21200000.000 	       41 	       14
21220000.000 	       48 	       14
21240000.000 	       44 	       11
21260000.000 	       44 	       14
21280000.000 	       44 	       11
21300000.000 	       42 	       14
21320000.000 	       42 	       13
21340000.000 	       43 	       13
21360000.000 	       42 	       14
21380000.000 	       41 	       14
21400000.000 	       45 	       11
21420000.000 	       44 	       13
21440000.000 	       44 	       14
21460000.000 	       43 	       14
21480000.000 	       45 	       11
21500000.000 	       46 	       11
21520000.000 	       42 	       14
21540000.000 	       43 	       11
21560000.000 	       46 	       11
21580000.000 	       43 	       13
21600000.000 	       43 	       13
21620000.000 	       43 	       13
21640000.000 	       40 	       14
21660000.000 	       40 	       14
21680000.000 	       43 	       13
21700000.000 	       42 	       12
21720000.000 	       43 	       14
21740000.000 	       41 	       11
21760000.000 	       42 	       14
21780000.000 	       43 	       13
21800000.000 	       43 	       13
21820000.000 	       41 	       13
21840000.000 	       44 	       13
21860000.000 	       44 	       11
21880000.000 	       43 	       12
21900000.000 	       45 	       13
21920000.000 	       44 	       10
21940000.000 	       42 	       14
21960000.000 	       47 	       13
21980000.000 	       43 	       12
22000000.000 	       45 	       11
22020000.000 	       45 	       10
22040000.000 	       42 	        9
22060000.000 	       44 	       12
22080000.000 	       42 	       13
22100000.000 	       42 	       11
22120000.000 	       43 	       14
22140000.000 	       43 	       11
22160000.000 	       41 	       11
22180000.000 	       43 	       13
22200000.000 	       42 	       13
22220000.000 	       42 	       13
22240000.000 	       44 	       13
22260000.000 	       42 	       14
22280000.000 	       45 	        9
22300000.000 	       42 	       13
22320000.000 	       42 	       14
22340000.000 	       46 	        9
22360000.000 	       47 	       14
22380000.000 	       41 	       13
22400000.000 	       41 	       14
22420000.000 	       44 	       11
22440000.000 	       45 	       11
22460000.000 	       45 	       11
22480000.000 	       41 	       14
22500000.000 	       43 	       13
22520000.000 	       43 	       14
22540000.000 	       44 	       13
22560000.000 	       44 	       13
22580000.000 	       42 	       13
22600000.000 	       40 	       14
22620000.000 	       42 	       11
22640000.000 	       43 	       10
22660000.000 	       43 	       11
22680000.000 	       45 	       12
22700000.000 	       42 	       14
22720000.000 	       41 	       13
22740000.000 	       41 	       14
22760000.000 	       44 	       11
22780000.000 	       41 	       14
22800000.000 	       42 	       14
22820000.000 	       42 	       14
22840000.000 	       43 	       13
22860000.000 	       42 	       11
22880000.000 	       42 	       11
22900000.000 	       42 	       11
22920000.000 	       42 	       11
22940000.000 	       43 	       11
22960000.000 	       41 	       13
22980000.000 	       42 	       11
23000000.000 	       43 	       11
23020000.000 	       45 	       11
23040000.000 	       44 	       14
23060000.000 	       44 	       12
23080000.000 	       42 	       11
23100000.000 	       43 	       13
23120000.000 	       41 	       14
23140000.000 	       42 	       14
23160000.000 	       44 	       13
23180000.000 	       44 	       11
23200000.000 	       44 	       11
23220000.000 	       43 	       12
23240000.000 	       43 	       13
23260000.000 	       43 	       13
23280000.000 	       45 	       13
23300000.000 	       46 	       11
23320000.000 	       42 	       14
23340000.000 	       44 	       11
23360000.000 	       44 	       11
23380000.000 	       45 	       13
23400000.000 	       40 	       14
23420000.000 	       42 	       12
23440000.000 	       42 	       11
23460000.000 	       42 	       14
23480000.000 	       41 	       14
23500000.000 	       43 	       11
23520000.000 	       42 	       13
23540000.000 	       44 	       11
23560000.000 	       40 	       14
23580000.000 	       41 	       14
23600000.000 	       41 	       14
23620000.000 	       41 	       14
23640000.000 	       42 	       11
23660000.000 	       41 	       13
23680000.000 	       45 	       10
23700000.000 	       43 	       11
23720000.000 	       42 	       13
23740000.000 	       42 	       12
23760000.000 	       43 	       11
23780000.000 	       42 	       13
23800000.000 	       44 	       11
23820000.000 	       41 	       14
23840000.000 	       42 	       14
23860000.000 	       41 	       14
23880000.000 	       42 	       14
23900000.000 	       42 	       11
23920000.000 	       44 	       13
23940000.000 	       46 	       11
23960000.000 	       41 	       13
23980000.000 	       41 	       13
24000000.000 	       43 	       11
24020000.000 	       44 	       10
24040000.000 	       43 	       11
24060000.000 	       43 	       13
24080000.000 	       44 	        8
24100000.000 	       41 	       14
24120000.000 	       41 	       14
24140000.000 	       46 	       10
24160000.000 	       43 	       14
24180000.000 	       45 	       13
24200000.000 	       45 	       13
24220000.000 	       45 	       12
24240000.000 	       43 	       12
24260000.000 	       43 	       13
24280000.000 	       43 	       13
24300000.000 	       42 	       13
24320000.000 	       40 	       14
24340000.000 	       45 	       11
24360000.000 	       40 	       14
24380000.000 	       43 	        8
24400000.000 	       43 	       14
24420000.000 	       43 	       13
24440000.000 	       44 	       13
24460000.000 	       44 	       13
24480000.000 	       41 	       13
24500000.000 	       41 	       13
24520000.000 	       44 	       11
24540000.000 	       43 	       11
24560000.000 	       42 	       13
24580000.000 	       43 	       11
24600000.000 	       41 	       14
24620000.000 	       43 	       11
24640000.000 	       43 	       13
24660000.000 	       44 	       11
24680000.000 	       42 	       14
24700000.000 	       44 	       13
24720000.000 	       43 	       14
24740000.000 	       46 	       13
24760000.000 	       45 	        8
24780000.000 	       43 	       11
24800000.000 	       43 	       13
24820000.000 	       42 	       14
24840000.000 	       47 	       10
24860000.000 	       42 	       13
24880000.000 	       40 	       14
24900000.000 	       44 	       13
24920000.000 	       43 	       13
24940000.000 	       45 	       11
24960000.000 	       42 	       14
24980000.000 	       40 	       14
25000000.000 	       42 	       13
25020000.000 	       41 	       14
25040000.000 	       42 	       13
25060000.000 	       44 	       12
25080000.000 	       42 	       13
25100000.000 	       41 	       13
25120000.000 	       43 	       12
25140000.000 	       45 	        8
25160000.000 	       42 	       13
25180000.000 	       44 	       13
25200000.000 	       40 	       14
25220000.000 	       44 	       13
25240000.000 	       43 	       13
25260000.000 	       44 	       11
25280000.000 	       43 	       11
25300000.000 	       43 	       14
25320000.000 	       42 	       12
25340000.000 	       44 	       12
25360000.000 	       44 	       10
25380000.000 	       45 	       13
25400000.000 	       42 	       13
25420000.000 	       41 	       13
25440000.000 	       43 	       13
25460000.000 	       45 	       11
25480000.000 	       43 	       11
25500000.000 	       43 	       12
25520000.000 	       44 	       14
25540000.000 	       43 	       13
25560000.000 	       40 	       14
25580000.000 	       41 	       11
25600000.000 	       43 	       13
25620000.000 	       42 	       11
25640000.000 	       41 	       14
25660000.000 	       45 	       13
25680000.000 	       42 	       13
25700000.000 	       43 	       14
25720000.000 	       44 	       12
25740000.000 	       40 	       14
25760000.000 	       41 	       11
25780000.000 	       42 	       13
25800000.000 	       42 	       12
25820000.000 	       43 	       13
25840000.000 	       43 	       11
25860000.000 	       45 	       13
25880000.000 	       44 	       11
25900000.000 	       46 	       11
25920000.000 	       43 	       11
25940000.000 	       45 	       12
25960000.000 	       41 	       14
25980000.000 	       43 	       12
26000000.000 	       43 	       12
26020000.000 	       44 	        8
26040000.000 	       46 	       11
26060000.000 	       41 	       13
26080000.000 	       42 	       14
26100000.000 	       42 	       11
26120000.000 	       42 	       11
26140000.000 	       44 	       12
26160000.000 	       42 	       13
26180000.000 	       42 	       14
26200000.000 	       43 	       10
26220000.000 	       41 	       13
26240000.000 	       44 	        8
26260000.000 	       41 	       13
26280000.000 	       44 	       13
26300000.000 	       44 	       11
26320000.000 	       43 	       11
26340000.000 	       41 	       14
26360000.000 	       41 	       14
26380000.000 	       42 	       12
26400000.000 	       45 	       12
26420000.000 	       43 	       12
26440000.000 	       43 	       13
26460000.000 	       42 	       14
26480000.000 	       47 	       13
26500000.000 	       42 	       14
26520000.000 	       45 	       12
26540000.000 	       42 	       14
26560000.000 	       44 	       13
26580000.000 	       44 	       11
26600000.000 	       43 	       11
26620000.000 	       43 	       11
26640000.000 	       43 	       13
26660000.000 	       48 	        9
26680000.000 	       40 	       14
26700000.000 	       45 	       12
26720000.000 	       43 	       13
26740000.000 	       41 	       14
26760000.000 	       43 	       14
26780000.000 	       42 	       13
26800000.000 	       42 	       13
26820000.000 	       42 	       12
26840000.000 	       45 	       14
26860000.000 	       44 	       13
26880000.000 	       43 	       11
26900000.000 	       42 	       14
26920000.000 	       42 	       13
26940000.000 	       42 	       11
26960000.000 	       42 	       14
26980000.000 	       43 	       13
27000000.000 	       44 	       11
27020000.000 	       42 	       13
27040000.000 	       43 	        9
27060000.000 	       44 	       12
27080000.000 	       43 	       11
27100000.000 	       45 	       14
27120000.000 	       40 	       14
27140000.000 	       44 	       10
27160000.000 	       43 	       11
27180000.000 	       44 	       11
27200000.000 	       44 	       13
27220000.000 	       45 	       12
27240000.000 	       42 	       11
27260000.000 	       42 	       11
27280000.000 	       42 	       14
27300000.000 	       44 	       13
27320000.000 	       41 	       14
27340000.000 	       40 	       14
27360000.000 	       41 	       14
27380000.000 	       43 	       11
27400000.000 	       43 	       14
27420000.000 	       42 	       11
27440000.000 	       46 	       11
27460000.000 	       43 	       11
27480000.000 	       41 	       14
27500000.000 	       44 	       14
27520000.000 	       42 	       14
27540000.000 	       43 	       11
27560000.000 	       42 	       14
27580000.000 	       40 	       14
27600000.000 	       42 	       14
27620000.000 	       43 	       13
27640000.000 	       42 	       14
27660000.000 	       43 	       13
27680000.000 	       46 	        8
27700000.000 	       42 	       13
27720000.000 	       40 	       14
27740000.000 	       41 	       11
27760000.000 	       43 	       11
27780000.000 	       45 	       10
27800000.000 	       44 	       11
27820000.000 	       45 	       12
27840000.000 	       44 	       10
27860000.000 	       43 	       14
27880000.000 	       42 	       11
27900000.000 	       42 	       11
27920000.000 	       42 	       14
27940000.000 	       46 	       14
27960000.000 	       45 	       14
27980000.000 	       44 	       11
28000000.000 	       41 	       14
28020000.000 	       43 	       14
28040000.000 	       45 	       11
28060000.000 	       45 	       11
28080000.000 	       42 	       11
28100000.000 	       42 	       13
28120000.000 	       44 	       14
28140000.000 	       45 	       10
28160000.000 	       42 	       14
28180000.000 	       43 	       13
28200000.000 	       41 	       14
28220000.000 	       45 	       11
28240000.000 	       45 	       11
28260000.000 	       43 	       13
28280000.000 	       41 	       14
28300000.000 	       44 	       12
28320000.000 	       42 	       14
28340000.000 	       44 	       14
28360000.000 	       43 	       14
28380000.000 	       42 	       13
28400000.000 	       42 	       13
28420000.000 	       41 	       14
28440000.000 	       42 	       11
28460000.000 	       43 	       13
28480000.000 	       43 	       11
28500000.000 	       44 	       11
28520000.000 	       44 	       11
28540000.000 	       44 	       11
28560000.000 	       44 	       12
28580000.000 	       44 	       11
28600000.000 	       44 	       13
28620000.000 	       45 	       14
28640000.000 	       43 	       12
28660000.000 	       42 	       11
28680000.000 	       42 	       14
28700000.000 	       44 	       12
28720000.000 	       47 	        7
28740000.000 	       42 	       10
28760000.000 	       45 	        9
28780000.000 	       45 	        9
28800000.000 	       41 	       14
28820000.000 	       43 	       11
28840000.000 	       44 	       11
28860000.000 	       42 	       13
28880000.000 	       45 	        8
28900000.000 	       42 	       14
28920000.000 	       43 	       13
28940000.000 	       42 	       13
28960000.000 	       43 	       11
28980000.000 	       44 	       13
29000000.000 	       41 	       14
29020000.000 	       42 	       14
29040000.000 	       42 	       14
29060000.000 	       43 	       14
29080000.000 	       42 	       13
29100000.000 	       45 	       11
29120000.000 	       42 	       13
29140000.000 	       43 	       12
29160000.000 	       41 	       13
29180000.000 	       44 	       14
29200000.000 	       41 	       14
29220000.000 	       44 	       11
29240000.000 	       44 	       11
29260000.000 	       43 	       12
29280000.000 	       42 	       14
29300000.000 	       46 	        9
29320000.000 	       42 	       10
29340000.000 	       44 	       13
29360000.000 	       45 	       12
29380000.000 	       43 	       14
29400000.000 	       43 	       13
29420000.000 	       42 	       13
29440000.000 	       44 	       11
29460000.000 	       45 	       13
29480000.000 	       41 	       11
29500000.000 	       44 	       13
29520000.000 	       45 	       11
29540000.000 	       43 	       11
29560000.000 	       42 	       13
29580000.000 	       44 	       11
29600000.000 	       44 	       11
29620000.000 	       45 	       11
29640000.000 	       46 	       10
29660000.000 	       43 	       13
29680000.000 	       43 	       13
29700000.000 	       41 	       14
29720000.000 	       42 	       13
29740000.000 	       41 	       14
29760000.000 	       43 	       12
29780000.000 	       43 	       13
29800000.000 	       45 	       13
29820000.000 	       40 	       14
29840000.000 	       43 	       14
29860000.000 	       43 	       11
29880000.000 	       40 	       14
29900000.000 	       45 	       12
29920000.000 	       45 	       14
29940000.000 	       43 	        8
29960000.000 	       44 	       10
29980000.000 	       45 	       11
30000000.000 	       43 	       11
30020000.000 	       42 	       13
30040000.000 	       44 	       11
30060000.000 	       45 	       13
30080000.000 	       41 	       14
30100000.000 	       42 	       11
30120000.000 	       41 	       11
30140000.000 	       42 	       11
30160000.000 	       45 	       12
30180000.000 	       44 	       11
30200000.000 	       44 	        7
30220000.000 	       42 	       11
30240000.000 	       42 	       12
30260000.000 	       44 	       13
30280000.000 	       44 	       11
30300000.000 	       44 	       13
30320000.000 	       45 	       11
30340000.000 	       41 	       13
30360000.000 	       44 	       14
30380000.000 	       42 	       14
30400000.000 	       44 	       13
30420000.000 	       42 	       14
30440000.000 	       43 	       13
30460000.000 	       40 	       14
30480000.000 	       43 	       11
30500000.000 	       43 	       13
30520000.000 	       43 	        8
30540000.000 	       41 	       14
30560000.000 	       41 	       11
30580000.000 	       41 	       13
30600000.000 	       42 	       11
30620000.000 	       43 	       13
30640000.000 	       42 	       14
30660000.000 	       43 	       12
30680000.000 	       42 	       13
30700000.000 	       41 	       14
30720000.000 	       44 	       12
30740000.000 	       42 	       13
30760000.000 	       43 	       11
30780000.000 	       42 	       13
30800000.000 	       42 	       12
30820000.000 	       43 	       14
30840000.000 	       42 	       11
30860000.000 	       40 	       14
30880000.000 	       41 	       13
30900000.000 	       41 	       13
30920000.000 	       44 	       13
30940000.000 	       43 	       12
30960000.000 	       42 	       13
30980000.000 	       43 	        9
31000000.000 	       42 	       12
31020000.000 	       43 	       12
31040000.000 	       43 	       13
31060000.000 	       44 	       11
31080000.000 	       42 	       13
31100000.000 	       42 	       13
31120000.000 	       42 	       14
31140000.000 	       41 	       14
31160000.000 	       43 	       11
31180000.000 	       42 	       10
31200000.000 	       41 	       13
31220000.000 	       42 	       11
31240000.000 	       42 	       11
31260000.000 	       44 	       11
31280000.000 	       42 	       13
31300000.000 	       45 	       13
31320000.000 	       46 	       11
31340000.000 	       44 	       13
31360000.000 	       43 	       13
31380000.000 	       43 	       14
31400000.000 	       45 	       13
31420000.000 	       42 	       14
31440000.000 	       43 	       13
31460000.000 	       42 	       14
31480000.000 	       42 	       13
31500000.000 	       40 	       14
31520000.000 	       42 	       14
31540000.000 	       46 	       11
31560000.000 	       40 	       14
31580000.000 	       43 	       12
31600000.000 	       41 	       14
31620000.000 	       43 	       11
31640000.000 	       43 	        7
31660000.000 	       42 	       13
31680000.000 	       44 	       13
31700000.000 	       40 	       14
31720000.000 	       43 	       11
31740000.000 	       40 	       13
31760000.000 	       41 	       13
31780000.000 	       42 	       13
31800000.000 	       40 	       14
31820000.000 	       40 	       14
31840000.000 	       44 	       13
31860000.000 	       40 	       14
31880000.000 	       44 	        9
31900000.000 	       41 	       11
31920000.000 	       44 	       14
31940000.000 	       41 	       13
31960000.000 	       42 	       13
31980000.000 	       41 	       12
32000000.000 	       41 	       14
32020000.000 	       40 	       13
32040000.000 	       42 	        7
32060000.000 	       45 	       12
32080000.000 	       42 	       13
32100000.000 	       39 	       14
32120000.000 	       42 	       14
32140000.000 	       41 	       12
32160000.000 	       43 	       13
32180000.000 	       44 	        8
32200000.000 	       45 	       12
32220000.000 	       45 	        9
32240000.000 	       43 	       11
32260000.000 	       43 	       11
32280000.000 	       41 	       13
32300000.000 	       42 	       13
32320000.000 	       42 	       13
32340000.000 	       40 	       11
32360000.000 	       42 	       14
32380000.000 	       46 	       10
32400000.000 	       39 	       14
32420000.000 	       40 	       14
32440000.000 	       41 	       14
32460000.000 	       40 	       14
32480000.000 	       42 	       13
32500000.000 	       43 	       11
32520000.000 	       41 	       14
32540000.000 	       40 	       11
32560000.000 	       44 	       11
32580000.000 	       44 	       10
32600000.000 	       41 	       13
32620000.000 	       42 	       11
32640000.000 	       45 	       11
32660000.000 	       41 	       13
32680000.000 	       43 	       11
32700000.000 	       42 	       14
32720000.000 	       41 	       13
32740000.000 	       42 	       11
32760000.000 	       39 	       14
32780000.000 	       42 	       12
32800000.000 	       41 	       11
32820000.000 	       41 	       11
32840000.000 	       42 	       14
32860000.000 	       42 	       11
32880000.000 	       40 	       14
32900000.000 	       43 	       14
32920000.000 	       43 	        9
32940000.000 	       39 	       14
32960000.000 	       42 	       13
32980000.000 	       40 	       14
33000000.000 	       41 	       11
33020000.000 	       41 	       13
33040000.000 	       41 	       13
33060000.000 	       43 	       10
33080000.000 	       40 	       14
33100000.000 	       40 	       11
33120000.000 	       42 	       11
33140000.000 	       42 	       11
33160000.000 	       40 	       13
33180000.000 	       41 	       12
33200000.000 	       41 	       10
33220000.000 	       39 	       14
33240000.000 	       44 	       12
33260000.000 	       40 	       14
33280000.000 	       41 	       11
33300000.000 	       42 	       11
33320000.000 	       40 	       13
33340000.000 	       39 	       14
33360000.000 	       42 	       11
33380000.000 	       40 	       14
33400000.000 	       38 	       14
33420000.000 	       40 	       14
33440000.000 	       41 	       14
33460000.000 	       42 	       14
33480000.000 	       41 	       13
33500000.000 	       41 	       13
33520000.000 	       44 	       13
33540000.000 	       42 	       11
33560000.000 	       41 	       14
33580000.000 	       42 	       11
33600000.000 	       40 	       14
33620000.000 	       41 	       13
33640000.000 	       40 	       14
33660000.000 	       42 	       11
33680000.000 	       42 	       11
33700000.000 	       42 	       13
33720000.000 	       42 	       10
33740000.000 	       42 	       14
33760000.000 	       40 	       14
33780000.000 	       44 	        9
33800000.000 	       41 	        8
33820000.000 	       39 	       14
33840000.000 	       39 	       14
33860000.000 	       39 	       11
33880000.000 	       42 	       13
33900000.000 	       41 	       11
33920000.000 	       39 	       14
33940000.000 	       39 	       13
33960000.000 	       39 	       14
33980000.000 	       43 	        8
34000000.000 	       41 	       12
34020000.000 	       40 	       14
34040000.000 	       40 	       14
34060000.000 	       43 	       12
34080000.000 	       43 	       13
34100000.000 	       41 	       11
34120000.000 	       39 	       13
34140000.000 	       41 	       11
34160000.000 	       43 	       14
34180000.000 	       43 	       11
34200000.000 	       41 	       14
34220000.000 	       46 	       10
34240000.000 	       40 	       11
34260000.000 	       40 	        9
34280000.000 	       40 	       11
34300000.000 	       40 	       13
34320000.000 	       39 	       14
34340000.000 	       41 	       11
34360000.000 	       39 	       12
34380000.000 	       45 	       12
34400000.000 	       41 	       14
34420000.000 	       43 	       13
34440000.000 	       40 	       12
34460000.000 	       40 	       12
34480000.000 	       44 	        7
34500000.000 	       41 	       13
34520000.000 	       41 	       11
34540000.000 	       44 	       13
34560000.000 	       39 	       14
34580000.000 	       44 	       12
34600000.000 	       41 	       13
34620000.000 	       40 	       13
34640000.000 	       43 	       11
34660000.000 	       39 	       14
34680000.000 	       45 	       14
34700000.000 	       45 	       14
34720000.000 	       40 	       14
34740000.000 	       41 	       12
34760000.000 	       44 	       13
34780000.000 	       44 	       11
34800000.000 	       40 	       14
34820000.000 	       43 	        8
34840000.000 	       45 	       11
34860000.000 	       42 	       13
34880000.000 	       43 	       12
34900000.000 	       41 	       14
34920000.000 	       38 	       14
34940000.000 	       40 	       13
34960000.000 	       40 	       13
34980000.000 	       42 	       13
35000000.000 	       40 	       12
35020000.000 	       40 	       13
35040000.000 	       41 	       13
35060000.000 	       45 	       12
35080000.000 	       46 	       11
35100000.000 	       40 	       12
35120000.000 	       38 	       14
35140000.000 	       39 	       13
35160000.000 	       42 	       11
35180000.000 	       42 	        8
35200000.000 	       42 	       10
35220000.000 	       39 	       11
35240000.000 	       38 	       13
35260000.000 	       42 	       13
35280000.000 	       40 	       11
35300000.000 	       38 	       11
35320000.000 	       40 	        7
35340000.000 	       38 	       13
35360000.000 	       41 	        8
35380000.000 	       42 	       11
35400000.000 	       40 	       12
35420000.000 	       39 	       11
35440000.000 	       39 	       11
35460000.000 	       42 	       11
35480000.000 	       41 	       13
35500000.000 	       43 	       12
35520000.000 	       42 	       10
35540000.000 	       40 	       13
35560000.000 	       37 	       14
35580000.000 	       37 	       13
35600000.000 	       38 	       13
35620000.000 	       41 	       12
35640000.000 	       38 	       13
35660000.000 	       40 	       11
35680000.000 	       39 	       13
35700000.000 	       40 	       13
35720000.000 	       40 	        9
35740000.000 	       40 	       13
35760000.000 	       43 	       12
35780000.000 	       37 	       14
35800000.000 	       39 	       14
35820000.000 	       43 	       11
35840000.000 	       42 	       11
35860000.000 	       37 	       13
35880000.000 	       40 	       11
35900000.000 	       37 	       13
35920000.000 	       40 	       13
35940000.000 	       40 	       12
35960000.000 	       37 	       11
35980000.000 	       39 	       11
36000000.000 	       40 	       14
36020000.000 	       39 	       11
36040000.000 	       39 	       13
36060000.000 	       40 	       11
36080000.000 	       37 	       14
36100000.000 	       37 	       14
36120000.000 	       41 	       13
36140000.000 	       39 	       13
36160000.000 	       39 	       14
36180000.000 	       37 	       14
36200000.000 	       37 	       14
36220000.000 	       38 	       14
36240000.000 	       38 	       13
36260000.000 	       39 	       11
36280000.000 	       40 	       13
36300000.000 	       38 	       14
36320000.000 	       38 	       14
36340000.000 	       41 	       13
36360000.000 	       40 	       14
36380000.000 	       39 	       14
36400000.000 	       39 	       11
36420000.000 	       38 	       14
36440000.000 	       36 	       14
36460000.000 	       39 	       14
36480000.000 	       38 	       14
36500000.000 	       37 	       14
36520000.000 	       37 	       14
36540000.000 	       40 	       12
36560000.000 	       39 	       13
36580000.000 	       38 	       14
36600000.000 	       38 	       14
36620000.000 	       38 	       14
36640000.000 	       39 	       13
36660000.000 	       39 	       13
36680000.000 	       39 	       13
36700000.000 	       41 	       11
36720000.000 	       39 	       12
36740000.000 	       38 	       14
36760000.000 	       41 	       14
36780000.000 	       39 	       13
36800000.000 	       41 	       13
36820000.000 	       41 	       13
36840000.000 	       39 	       14
36860000.000 	       40 	       13
36880000.000 	       38 	       13
36900000.000 	       37 	       14
36920000.000 	       39 	       13
36940000.000 	       38 	       14
36960000.000 	       40 	       13
36980000.000 	       38 	       13
37000000.000 	       41 	       11
37020000.000 	       37 	       14
37040000.000 	       38 	       14
37060000.000 	       41 	       13
37080000.000 	       37 	       14
37100000.000 	       37 	       14
37120000.000 	       37 	       14
37140000.000 	       40 	       14
37160000.000 	       41 	       13
37180000.000 	       36 	       14
37200000.000 	       39 	       12
37220000.000 	       38 	       14
37240000.000 	       39 	       13
37260000.000 	       37 	       14
37280000.000 	       40 	       14
37300000.000 	       40 	       14
37320000.000 	       40 	       13
37340000.000 	       36 	       14
37360000.000 	       39 	       14
37380000.000 	       39 	       13
37400000.000 	       39 	       13
37420000.000 	       36 	       14
37440000.000 	       37 	       14
37460000.000 	       37 	       13
37480000.000 	       37 	       14
37500000.000 	       39 	       14
37520000.000 	       37 	       14
37540000.000 	       38 	       14
37560000.000 	       38 	       14
37580000.000 	       39 	       11
37600000.000 	       38 	       14
37620000.000 	       37 	       14
37640000.000 	       39 	       13
37660000.000 	       37 	       14
37680000.000 	       39 	       14
37700000.000 	       37 	       14
37720000.000 	       37 	       14
37740000.000 	       40 	       13
37760000.000 	       37 	       14
37780000.000 	       39 	       13
37800000.000 	       37 	       14
37820000.000 	       38 	       13
37840000.000 	       38 	       14
37860000.000 	       37 	       14
37880000.000 	       40 	       14
37900000.000 	       44 	       14
37920000.000 	       41 	       11
37940000.000 	       38 	       14
37960000.000 	       40 	       14
37980000.000 	       38 	       13
38000000.000 	       38 	        9
38020000.000 	       41 	       12
38040000.000 	       37 	       14
38060000.000 	       38 	       14
38080000.000 	       39 	       14
38100000.000 	       42 	       10
38120000.000 	       38 	       14
38140000.000 	       38 	       14
38160000.000 	       38 	       14
38180000.000 	       37 	       14
38200000.000 	       39 	       13
38220000.000 	       37 	       14
38240000.000 	       41 	       14
38260000.000 	       39 	       13
38280000.000 	       38 	       14
38300000.000 	       39 	       11
38320000.000 	       39 	       14
38340000.000 	       37 	       14
38360000.000 	       38 	       14
38380000.000 	       36 	       14
38400000.000 	       38 	       14
38420000.000 	       40 	       13
38440000.000 	       38 	       14
38460000.000 	       40 	       14
38480000.000 	       41 	       13
38500000.000 	       37 	       14
38520000.000 	       38 	       14
38540000.000 	       36 	       14
38560000.000 	       41 	       13
38580000.000 	       36 	       14
38600000.000 	       37 	       14
38620000.000 	       39 	       11
38640000.000 	       41 	       14
38660000.000 	       42 	       14
38680000.000 	       37 	       14
38700000.000 	       39 	       14
38720000.000 	       39 	       14
38740000.000 	       40 	       11
38760000.000 	       40 	       14
38780000.000 	       37 	       14
38800000.000 	       41 	       13
38820000.000 	       40 	       12
38840000.000 	       39 	       14
38860000.000 	       37 	       14
38880000.000 	       38 	       14
38900000.000 	       39 	       14
38920000.000 	       39 	       11
38940000.000 	       42 	       14
38960000.000 	       36 	       14
38980000.000 	       39 	       13
39000000.000 	       37 	       14
39020000.000 	       37 	       14
39040000.000 	       39 	       14
39060000.000 	       41 	       11
39080000.000 	       38 	       14
39100000.000 	       38 	       14
39120000.000 	       37 	       14
39140000.000 	       39 	       14
39160000.000 	       41 	       13
39180000.000 	       41 	       13
39200000.000 	       39 	       14
39220000.000 	       37 	       14
39240000.000 	       37 	       14
39260000.000 	       38 	       14
39280000.000 	       38 	       10
39300000.000 	       39 	       14
39320000.000 	       40 	       11
39340000.000 	       39 	       14
39360000.000 	       38 	       14
39380000.000 	       37 	       13
39400000.000 	       38 	       14
39420000.000 	       39 	       14
39440000.000 	       37 	       14
39460000.000 	       40 	       14
39480000.000 	       38 	       14
39500000.000 	       36 	       14
39520000.000 	       39 	       14
39540000.000 	       37 	       12
39560000.000 	       37 	       14
39580000.000 	       38 	       14
39600000.000 	       39 	       13
39620000.000 	       36 	       14
39640000.000 	       37 	       14
39660000.000 	       40 	       13
39680000.000 	       37 	       14
39700000.000 	       39 	       14
39720000.000 	       39 	       14
39740000.000 	       37 	       14
39760000.000 	       41 	       14
39780000.000 	       37 	       14
39800000.000 	       38 	       13
39820000.000 	       38 	       14
39840000.000 	       37 	       14
39860000.000 	       39 	       14
39880000.000 	       37 	       14
39900000.000 	       37 	       11
39920000.000 	       36 	       14
39940000.000 	       38 	       14
39960000.000 	       41 	       13
39980000.000 	       38 	       14
40000000.000 	       35 	       14
40020000.000 	       41 	       13
40040000.000 	       37 	       14
40060000.000 	       36 	       14
40080000.000 	       36 	       14
40100000.000 	       35 	       14
40120000.000 	       37 	       14
40140000.000 	       36 	       14
40160000.000 	       37 	       13
40180000.000 	       40 	       13
40200000.000 	       39 	       13
40220000.000 	       40 	       12
40240000.000 	       40 	       11
40260000.000 	       39 	        9
40280000.000 	       38 	       12
40300000.000 	       38 	       11
40320000.000 	       39 	       14
40340000.000 	       36 	       14
40360000.000 	       37 	       14
40380000.000 	       39 	       14
40400000.000 	       37 	       11
40420000.000 	       37 	       14
40440000.000 	       37 	       11
40460000.000 	       36 	       12
40480000.000 	       36 	       14
40500000.000 	       41 	       14
40520000.000 	       35 	       14
40540000.000 	       36 	       14
40560000.000 	       37 	       14
40580000.000 	       38 	       14
40600000.000 	       36 	       14
40620000.000 	       44 	       11
40640000.000 	       38 	       14
40660000.000 	       36 	       14
40680000.000 	       36 	       14
40700000.000 	       39 	       14
40720000.000 	       41 	       14
40740000.000 	       41 	       14
40760000.000 	       38 	       11
40780000.000 	       38 	       14
40800000.000 	       37 	       14
40820000.000 	       35 	       14
40840000.000 	       36 	       13
40860000.000 	       37 	       13
40880000.000 	       35 	       14
40900000.000 	       35 	       14
40920000.000 	       39 	       14
40940000.000 	       39 	       14
40960000.000 	       37 	       14
40980000.000 	       37 	       14
41000000.000 	       35 	       14
41020000.000 	       36 	       14
41040000.000 	       38 	       14
41060000.000 	       35 	       14
41080000.000 	       38 	       14
41100000.000 	       37 	       14
41120000.000 	       38 	       14
41140000.000 	       35 	       14
41160000.000 	       38 	       14
41180000.000 	       37 	       14
41200000.000 	       38 	       14
41220000.000 	       34 	       14
41240000.000 	       37 	       14
41260000.000 	       37 	       14
41280000.000 	       35 	       14
41300000.000 	       35 	       14
41320000.000 	       34 	       14
41340000.000 	       36 	       14
41360000.000 	       34 	       14
41380000.000 	       36 	       11
41400000.000 	       36 	       14
41420000.000 	       37 	       14
41440000.000 	       38 	       13
41460000.000 	       39 	       14
41480000.000 	       37 	       11
41500000.000 	       36 	       14
41520000.000 	       35 	       14
41540000.000 	       35 	       14
41560000.000 	       36 	       14
41580000.000 	       38 	       14
41600000.000 	       38 	       13
41620000.000 	       37 	       14
41640000.000 	       40 	       13
41660000.000 	       38 	       14
41680000.000 	       37 	       13
41700000.000 	       35 	       14
41720000.000 	       36 	       13
41740000.000 	       38 	       13
41760000.000 	       34 	       14
41780000.000 	       36 	       14
41800000.000 	       35 	       14
41820000.000 	       37 	       11
41840000.000 	       35 	       14
41860000.000 	       37 	       14
41880000.000 	       39 	       13
41900000.000 	       35 	       14
41920000.000 	       39 	       14
41940000.000 	       39 	       14
41960000.000 	       38 	       13
41980000.000 	       38 	       13
42000000.000 	       35 	       14
42020000.000 	       37 	       14
42040000.000 	       38 	       13
42060000.000 	       36 	       13
42080000.000 	       36 	       14
42100000.000 	       38 	       14
42120000.000 	       35 	       14
42140000.000 	       35 	       14
42160000.000 	       36 	       14
42180000.000 	       38 	       14
42200000.000 	       37 	       13
42220000.000 	       36 	       14
42240000.000 	       35 	       14
42260000.000 	       36 	       14
42280000.000 	       34 	       14
42300000.000 	       37 	       13
42320000.000 	       36 	       14
42340000.000 	       37 	       14
42360000.000 	       37 	       14
42380000.000 	       34 	       14
42400000.000 	       37 	       14
42420000.000 	       36 	       14
42440000.000 	       38 	       14
42460000.000 	       39 	       12
42480000.000 	       36 	       14
42500000.000 	       38 	       11
42520000.000 	       37 	       14
42540000.000 	       39 	       14
42560000.000 	       37 	       13
42580000.000 	       35 	       14
42600000.000 	       35 	       11
42620000.000 	       36 	       14
42640000.000 	       35 	       14
42660000.000 	       39 	       14
42680000.000 	       36 	       14
42700000.000 	       37 	       14
42720000.000 	       39 	       14
42740000.000 	       37 	       14
42760000.000 	       37 	       14
42780000.000 	       37 	       14
42800000.000 	       37 	       14
42820000.000 	       35 	       14
42840000.000 	       37 	       14
42860000.000 	       35 	       14
42880000.000 	       37 	       14
42900000.000 	       39 	       13
42920000.000 	       39 	       14
42940000.000 	       34 	       14
42960000.000 	       35 	       14
42980000.000 	       37 	       14
43000000.000 	       38 	       11
43020000.000 	       35 	       14
43040000.000 	       38 	       13
43060000.000 	       38 	       14
43080000.000 	       38 	       14
43100000.000 	       37 	       14
43120000.000 	       37 	       14
43140000.000 	       35 	       14
43160000.000 	       38 	       13
43180000.000 	       37 	       14
43200000.000 	       37 	       13
43220000.000 	       36 	       13
43240000.000 	       39 	       11
43260000.000 	       37 	       14
43280000.000 	       38 	       13
43300000.000 	       37 	       14
43320000.000 	       36 	       14
43340000.000 	       38 	       14
43360000.000 	       37 	       14
43380000.000 	       37 	       14
43400000.000 	       36 	       14
43420000.000 	       37 	       14
43440000.000 	       38 	       14
43460000.000 	       34 	       14
43480000.000 	       37 	       13
43500000.000 	       35 	       14
43520000.000 	       40 	       14
43540000.000 	       38 	       14
43560000.000 	       34 	       14
43580000.000 	       37 	       13
43600000.000 	       37 	       11
43620000.000 	       34 	       14
43640000.000 	       35 	       14
43660000.000 	       35 	       14
43680000.000 	       37 	       13
43700000.000 	       36 	       14
43720000.000 	       37 	       14
43740000.000 	       36 	       14
43760000.000 	       35 	       14
43780000.000 	       35 	       14
43800000.000 	       36 	       13
43820000.000 	       36 	       14
43840000.000 	       38 	       11
43860000.000 	       40 	       14
43880000.000 	       37 	       14
43900000.000 	       38 	       14
43920000.000 	       38 	       14
43940000.000 	       38 	       14
43960000.000 	       37 	       11
43980000.000 	       38 	       14
44000000.000 	       38 	       14
44020000.000 	       35 	       14
44040000.000 	       37 	       14
44060000.000 	       35 	       14
44080000.000 	       34 	       14
44100000.000 	       36 	       14
44120000.000 	       35 	       14
44140000.000 	       37 	       11
44160000.000 	       36 	       13
44180000.000 	       35 	       14
44200000.000 	       37 	       14
44220000.000 	       36 	       14
44240000.000 	       36 	       13
44260000.000 	       34 	       14
44280000.000 	       38 	       14
44300000.000 	       34 	       14
44320000.000 	       37 	       14
44340000.000 	       36 	       14
44360000.000 	       37 	       14
44380000.000 	       35 	       14
44400000.000 	       35 	       14
44420000.000 	       40 	       14
44440000.000 	       41 	       14
44460000.000 	       39 	       14
44480000.000 	       37 	       14
44500000.000 	       35 	       13
44520000.000 	       36 	       13
44540000.000 	       34 	       14
44560000.000 	       34 	       14
44580000.000 	       34 	       14
44600000.000 	       35 	       14
44620000.000 	       37 	       13
44640000.000 	       37 	       14
44660000.000 	       37 	       14
44680000.000 	       34 	       14
44700000.000 	       37 	       14
44720000.000 	       36 	       14
44740000.000 	       36 	       14
44760000.000 	       38 	       14
44780000.000 	       38 	       13
44800000.000 	       35 	       14
44820000.000 	       37 	       13
44840000.000 	       36 	       13
44860000.000 	       36 	       14
44880000.000 	       34 	       14
44900000.000 	       35 	       14
44920000.000 	       36 	       13
44940000.000 	       36 	       14
44960000.000 	       36 	       13
44980000.000 	       37 	       13
45000000.000 	       36 	       14
45020000.000 	       38 	       13
45040000.000 	       35 	       14
45060000.000 	       34 	       14
45080000.000 	       35 	       11
45100000.000 	       36 	       13
45120000.000 	       37 	       14
45140000.000 	       36 	       14
45160000.000 	       36 	       14
45180000.000 	       36 	       13
45200000.000 	       39 	       12
45220000.000 	       34 	       14
45240000.000 	       36 	       13
45260000.000 	       36 	       13
45280000.000 	       36 	       14
45300000.000 	       36 	       14
45320000.000 	       35 	       14
45340000.000 	       38 	       11
45360000.000 	       36 	       14
45380000.000 	       38 	       14
45400000.000 	       40 	       14
45420000.000 	       36 	       14
45440000.000 	       35 	       11
45460000.000 	       38 	       14
45480000.000 	       36 	       14
45500000.000 	       37 	       13
45520000.000 	       36 	       14
45540000.000 	       38 	       14
45560000.000 	       35 	       14
45580000.000 	       37 	       14
45600000.000 	       36 	       14
45620000.000 	       37 	       13
45640000.000 	       37 	       14
45660000.000 	       38 	       14
45680000.000 	       38 	       14
45700000.000 	       39 	       14
45720000.000 	       37 	       14
45740000.000 	       39 	       14
45760000.000 	       35 	       13
45780000.000 	       35 	       13
45800000.000 	       37 	       13
45820000.000 	       36 	       14
45840000.000 	       36 	       14
45860000.000 	       38 	       12
45880000.000 	       35 	       14
45900000.000 	       38 	       14
45920000.000 	       35 	       14
45940000.000 	       37 	       13
45960000.000 	       38 	       13
45980000.000 	       35 	       13
46000000.000 	       35 	       14
46020000.000 	       34 	       14
46040000.000 	       37 	       14
46060000.000 	       37 	       13
46080000.000 	       35 	       14
46100000.000 	       37 	       13
46120000.000 	       36 	       14
46140000.000 	       38 	       13
46160000.000 	       38 	       14
46180000.000 	       36 	       14
46200000.000 	       35 	       14
46220000.000 	       39 	       14
46240000.000 	       34 	       14
46260000.000 	       34 	       14
46280000.000 	       37 	       14
46300000.000 	       35 	       14
46320000.000 	       38 	       13
46340000.000 	       35 	       13
46360000.000 	       36 	       13
46380000.000 	       36 	       14
46400000.000 	       36 	       11
46420000.000 	       36 	       11
46440000.000 	       36 	       14
46460000.000 	       38 	       11
46480000.000 	       39 	       13
46500000.000 	       35 	       14
46520000.000 	       34 	       14
46540000.000 	       36 	       14
46560000.000 	       37 	       14
46580000.000 	       35 	       14
46600000.000 	       39 	       11
46620000.000 	       34 	       14
46640000.000 	       36 	       11
46660000.000 	       38 	       11
46680000.000 	       36 	       14
46700000.000 	       35 	       11
46720000.000 	       37 	       14
46740000.000 	       36 	       14
46760000.000 	       35 	       14
46780000.000 	       37 	       14
46800000.000 	       36 	       11
46820000.000 	       36 	       14
46840000.000 	       37 	       14
46860000.000 	       35 	       11
46880000.000 	       42 	       13
46900000.000 	       37 	       13
46920000.000 	       36 	       14
46940000.000 	       36 	       14
46960000.000 	       36 	       14
46980000.000 	       36 	       14
47000000.000 	       39 	       13
47020000.000 	       38 	       14
47040000.000 	       36 	       14
47060000.000 	       37 	       13
47080000.000 	       35 	       14
47100000.000 	       39 	       11
47120000.000 	       39 	       13
47140000.000 	       35 	       14
47160000.000 	       35 	       14
47180000.000 	       37 	       13
47200000.000 	       36 	       14
47220000.000 	       39 	       11
47240000.000 	       36 	       14
47260000.000 	       38 	       13
47280000.000 	       35 	       14
47300000.000 	       36 	       14
47320000.000 	       40 	       13
47340000.000 	       35 	       14
47360000.000 	       38 	       14
47380000.000 	       34 	       14
47400000.000 	       36 	       13
47420000.000 	       39 	       14
47440000.000 	       35 	       14
47460000.000 	       36 	       14
47480000.000 	       39 	       11
47500000.000 	       35 	       14
47520000.000 	       35 	       14
47540000.000 	       36 	       13
47560000.000 	       38 	       13
47580000.000 	       36 	       13
47600000.000 	       39 	       13
47620000.000 	       37 	       13
47640000.000 	       37 	       14
47660000.000 	       37 	       14
47680000.000 	       37 	       14
47700000.000 	       37 	       14
47720000.000 	       35 	       14
47740000.000 	       35 	       14
47760000.000 	       36 	       14
47780000.000 	       37 	       13
47800000.000 	       35 	       14
47820000.000 	       35 	       14
47840000.000 	       38 	       13
47860000.000 	       35 	       14
47880000.000 	       37 	       14
47900000.000 	       38 	       13
47920000.000 	       37 	       14
47940000.000 	       36 	       14
47960000.000 	       38 	       14
47980000.000 	       36 	       14
48000000.000 	       37 	       13
