       0.000 	      100 	        1
   20000.000 	      100 	        1
   40000.000 	      100 	        1
   60000.000 	      100 	        1
   80000.000 	      100 	        1
  100000.000 	      100 	        1
  120000.000 	      100 	        1
  140000.000 	      100 	        1
  160000.000 	      100 	        1
  180000.000 	      100 	        1
  200000.000 	      100 	        1
  220000.000 	      100 	        1
  240000.000 	      100 	        1
  260000.000 	      100 	        1
  280000.000 	      100 	        1
  300000.000 	      100 	        1
  320000.000 	       99 	        2
  340000.000 	      100 	        1
  360000.000 	      100 	        1
  380000.000 	      100 	        1
  400000.000 	       99 	        2
  420000.000 	       99 	        2
  440000.000 	      100 	        1
  460000.000 	       98 	        2
  480000.000 	       97 	        2
  500000.000 	       97 	        2
  520000.000 	       96 	        2
  540000.000 	       96 	        2
  560000.000 	       97 	        2
  580000.000 	       97 	        2
  600000.000 	       96 	        2
  620000.000 	       97 	        2
  640000.000 	       98 	        2
  660000.000 	       97 	        2
  680000.000 	       96 	        2
  700000.000 	       96 	        2
  720000.000 	       97 	        2
  740000.000 	       96 	        2
  760000.000 	       97 	        2
  780000.000 	       95 	        3
  800000.000 	       96 	        3
  820000.000 	       95 	        3
  840000.000 	       95 	        3
  860000.000 	       95 	        3
  880000.000 	       95 	        3
  900000.000 	       95 	        3
  920000.000 	       95 	        3
  940000.000 	       95 	        3
  960000.000 	       95 	        3
  980000.000 	       95 	        3
 1000000.000 	       97 	        2
 1020000.000 	       96 	        2
 1040000.000 	       95 	        3
 1060000.000 	       95 	        3
 1080000.000 	       95 	        3
 1100000.000 	       95 	        3
 1120000.000 	       95 	        3
 1140000.000 	       95 	        3
 1160000.000 	       95 	        3
 1180000.000 	       95 	        3
 1200000.000 	       96 	        2
 1220000.000 	       95 	        3
 1240000.000 	       95 	        3
 1260000.000 	       95 	        3
 1280000.000 	       95 	        3
 1300000.000 	       95 	        3
 1320000.000 	       95 	        3
 1340000.000 	       96 	        2
 1360000.000 	       95 	        3
 1380000.000 	       95 	        3
 1400000.000 	       95 	        3
 1420000.000 	       96 	        2
 1440000.000 	       95 	        3
 1460000.000 	       95 	        3
 1480000.000 	       95 	        3
 1500000.000 	       96 	        2
 1520000.000 	       95 	        3
 1540000.000 	       95 	        3
 1560000.000 	       95 	        3
 1580000.000 	       95 	        3
 1600000.000 	       95 	        3
 1620000.000 	       95 	        3
 1640000.000 	       95 	        3
 1660000.000 	       95 	        3
 1680000.000 	       95 	        3
 1700000.000 	       95 	        3
 1720000.000 	       95 	        3
 1740000.000 	       95 	        3
 1760000.000 	       95 	        3
 1780000.000 	       96 	        3
 1800000.000 	       96 	        3
 1820000.000 	       97 	        2
 1840000.000 	       95 	        3
 1860000.000 	       96 	        3
 1880000.000 	       95 	        3
 1900000.000 	       95 	        3
 1920000.000 	       95 	        3
 1940000.000 	       95 	        3
 1960000.000 	       95 	        3
 1980000.000 	       95 	        3
 2000000.000 	       95 	        3
 2020000.000 	       96 	        2
 2040000.000 	       95 	        3
 2060000.000 	       96 	        3
 2080000.000 	       95 	        3
 2100000.000 	       95 	        3
 2120000.000 	       95 	        3
 2140000.000 	       95 	        3
 2160000.000 	       95 	        3
 2180000.000 	       95 	        3
 2200000.000 	       95 	        3
 2220000.000 	       95 	        3
 2240000.000 	       95 	        3
 2260000.000 	       95 	        3
 2280000.000 	       95 	        3
 2300000.000 	       95 	        3
 2320000.000 	       95 	        3
 2340000.000 	       95 	        3
 2360000.000 	       96 	        3
 2380000.000 	       95 	        3
 2400000.000 	       95 	        3
 2420000.000 	       95 	        3
 2440000.000 	       95 	        3
 2460000.000 	       95 	        3
 2480000.000 	       95 	        3
 2500000.000 	       95 	        3
 2520000.000 	       95 	        3
 2540000.000 	       96 	        3
 2560000.000 	       95 	        3
 2580000.000 	       95 	        3
 2600000.000 	       95 	        3
 2620000.000 	       95 	        3
 2640000.000 	       95 	        3
 2660000.000 	       95 	        3
 2680000.000 	       95 	        3
 2700000.000 	       96 	        2
 2720000.000 	       95 	        3
 2740000.000 	       96 	        3
 2760000.000 	       95 	        3
 2780000.000 	       95 	        3
 2800000.000 	       95 	        3
 2820000.000 	       95 	        3
 2840000.000 	       95 	        3
 2860000.000 	       96 	        2
 2880000.000 	       95 	        3
 2900000.000 	       96 	        3
 2920000.000 	       95 	        3
 2940000.000 	       95 	        3
 2960000.000 	       95 	        3
 2980000.000 	       96 	        2
 3000000.000 	       95 	        3
 3020000.000 	       95 	        3
 3040000.000 	       96 	        2
 3060000.000 	       96 	        2
 3080000.000 	       96 	        2
 3100000.000 	       95 	        3
 3120000.000 	       95 	        3
 3140000.000 	       95 	        3
 3160000.000 	       96 	        2
 3180000.000 	       95 	        3
 3200000.000 	       95 	        3
 3220000.000 	       96 	        3
 3240000.000 	       95 	        3
 3260000.000 	       95 	        3
 3280000.000 	       95 	        3
 3300000.000 	       95 	        3
 3320000.000 	       95 	        3
 3340000.000 	       95 	        3
 3360000.000 	       96 	        2
 3380000.000 	       95 	        3
 3400000.000 	       95 	        3
 3420000.000 	       95 	        3
 3440000.000 	       95 	        3
 3460000.000 	       95 	        3
 3480000.000 	       95 	        3
 3500000.000 	       96 	        3
 3520000.000 	       96 	        3
 3540000.000 	       95 	        3
 3560000.000 	       95 	        3
 3580000.000 	       95 	        3
 3600000.000 	       95 	        3
 3620000.000 	       95 	        3
 3640000.000 	       95 	        3
 3660000.000 	       95 	        3
 3680000.000 	       95 	        3
 3700000.000 	       95 	        3
 3720000.000 	       95 	        3
 3740000.000 	       95 	        3
 3760000.000 	       95 	        3
 3780000.000 	       95 	        3
 3800000.000 	       95 	        3
 3820000.000 	       96 	        2
 3840000.000 	       95 	        3
 3860000.000 	       95 	        3
 3880000.000 	       95 	        3
 3900000.000 	       95 	        3
 3920000.000 	       96 	        2
 3940000.000 	       95 	        3
 3960000.000 	       95 	        3
 3980000.000 	       95 	        3
 4000000.000 	       95 	        3
 4020000.000 	       95 	        3
 4040000.000 	       95 	        3
 4060000.000 	       95 	        3
 4080000.000 	       95 	        3
 4100000.000 	       95 	        3
 4120000.000 	       95 	        3
 4140000.000 	       95 	        3
 4160000.000 	       95 	        3
 4180000.000 	       95 	        3
 4200000.000 	       95 	        3
 4220000.000 	       95 	        3
 4240000.000 	       95 	        3
 4260000.000 	       95 	        3
 4280000.000 	       95 	        3
 4300000.000 	       96 	        3
 4320000.000 	       95 	        3
 4340000.000 	       95 	        3
 4360000.000 	       95 	        3
 4380000.000 	       95 	        3
 4400000.000 	       95 	        3
 4420000.000 	       95 	        3
 4440000.000 	       95 	        3
 4460000.000 	       96 	        2
 4480000.000 	       95 	        3
 4500000.000 	       95 	        3
 4520000.000 	       95 	        3
 4540000.000 	       95 	        3
 4560000.000 	       95 	        3
 4580000.000 	       95 	        3
 4600000.000 	       95 	        3
 4620000.000 	       96 	        2
 4640000.000 	       95 	        3
 4660000.000 	       95 	        3
 4680000.000 	       95 	        3
 4700000.000 	       95 	        3
 4720000.000 	       95 	        3
 4740000.000 	       95 	        3
 4760000.000 	       95 	        3
 4780000.000 	       95 	        3
 4800000.000 	       95 	        3
 4820000.000 	       96 	        2
 4840000.000 	       96 	        2
 4860000.000 	       95 	        3
 4880000.000 	       95 	        3
 4900000.000 	       95 	        3
 4920000.000 	       95 	        3
 4940000.000 	       96 	        2
 4960000.000 	       95 	        3
 4980000.000 	       95 	        3
 5000000.000 	       95 	        3
 5020000.000 	       95 	        3
 5040000.000 	       95 	        3
 5060000.000 	       95 	        3
 5080000.000 	       95 	        3
 5100000.000 	       95 	        3
 5120000.000 	       96 	        3
 5140000.000 	       95 	        3
 5160000.000 	       95 	        3
 5180000.000 	       95 	        3
 5200000.000 	       95 	        3
 5220000.000 	       95 	        3
 5240000.000 	       95 	        3
 5260000.000 	       95 	        3
 5280000.000 	       95 	        3
 5300000.000 	       95 	        3
 5320000.000 	       95 	        3
 5340000.000 	       95 	        3
 5360000.000 	       95 	        3
 5380000.000 	       96 	        2
 5400000.000 	       95 	        3
 5420000.000 	       97 	        2
 5440000.000 	       95 	        3
 5460000.000 	       95 	        3
 5480000.000 	       95 	        3
 5500000.000 	       95 	        3
 5520000.000 	       95 	        3
 5540000.000 	       95 	        3
 5560000.000 	       95 	        3
 5580000.000 	       95 	        3
 5600000.000 	       95 	        3
 5620000.000 	       95 	        3
 5640000.000 	       95 	        3
 5660000.000 	       95 	        3
 5680000.000 	       96 	        3
 5700000.000 	       95 	        3
 5720000.000 	       95 	        3
 5740000.000 	       95 	        3
 5760000.000 	       96 	        2
 5780000.000 	       96 	        3
 5800000.000 	       96 	        2
 5820000.000 	       96 	        2
 5840000.000 	       97 	        2
 5860000.000 	       96 	        2
 5880000.000 	       96 	        2
 5900000.000 	       95 	        3
 5920000.000 	       95 	        3
 5940000.000 	       96 	        2
 5960000.000 	       95 	        3
 5980000.000 	       95 	        3
 6000000.000 	       95 	        3
 6020000.000 	       95 	        3
 6040000.000 	       96 	        3
 6060000.000 	       95 	        3
 6080000.000 	       95 	        3
 6100000.000 	       95 	        3
 6120000.000 	       95 	        3
 6140000.000 	       95 	        3
 6160000.000 	       95 	        3
 6180000.000 	       95 	        3
 6200000.000 	       95 	        3
 6220000.000 	       95 	        3
 6240000.000 	       95 	        3
 6260000.000 	       96 	        2
 6280000.000 	       96 	        2
 6300000.000 	       95 	        3
 6320000.000 	       95 	        3
 6340000.000 	       95 	        3
 6360000.000 	       96 	        2
 6380000.000 	       95 	        3
 6400000.000 	       95 	        3
 6420000.000 	       96 	        2
 6440000.000 	       96 	        2
 6460000.000 	       95 	        3
 6480000.000 	       95 	        3
 6500000.000 	       96 	        3
 6520000.000 	       95 	        3
 6540000.000 	       95 	        3
 6560000.000 	       95 	        3
 6580000.000 	       95 	        3
 6600000.000 	       95 	        3
 6620000.000 	       95 	        3
 6640000.000 	       95 	        3
 6660000.000 	       95 	        3
 6680000.000 	       95 	        3
 6700000.000 	       95 	        3
 6720000.000 	       95 	        3
 6740000.000 	       95 	        3
 6760000.000 	       95 	        3
 6780000.000 	       96 	        3
 6800000.000 	       95 	        3
 6820000.000 	       96 	        2
 6840000.000 	       95 	        3
 6860000.000 	       95 	        3
 6880000.000 	       95 	        3
 6900000.000 	       95 	        3
 6920000.000 	       95 	        3
 6940000.000 	       95 	        3
 6960000.000 	       95 	        3
 6980000.000 	       95 	        3
 7000000.000 	       95 	        3
 7020000.000 	       96 	        2
 7040000.000 	       95 	        3
 7060000.000 	       95 	        3
 7080000.000 	       95 	        3
 7100000.000 	       95 	        3
 7120000.000 	       95 	        3
 7140000.000 	       95 	        3
 7160000.000 	       95 	        3
 7180000.000 	       95 	        3
 7200000.000 	       95 	        3
 7220000.000 	       95 	        3
 7240000.000 	       95 	        3
 7260000.000 	       96 	        2
 7280000.000 	       95 	        3
 7300000.000 	       95 	        3
 7320000.000 	       95 	        3
 7340000.000 	       95 	        3
 7360000.000 	       95 	        3
 7380000.000 	       95 	        3
 7400000.000 	       95 	        3
 7420000.000 	       95 	        3
 7440000.000 	       95 	        3
 7460000.000 	       96 	        3
 7480000.000 	       95 	        3
 7500000.000 	       95 	        3
 7520000.000 	       95 	        3
 7540000.000 	       96 	        2
 7560000.000 	       95 	        3
 7580000.000 	       95 	        3
 7600000.000 	       95 	        3
 7620000.000 	       95 	        3
 7640000.000 	       95 	        3
 7660000.000 	       95 	        3
 7680000.000 	       95 	        3
 7700000.000 	       96 	        2
 7720000.000 	       95 	        3
 7740000.000 	       95 	        3
 7760000.000 	       95 	        3
 7780000.000 	       95 	        3
 7800000.000 	       95 	        3
 7820000.000 	       96 	        2
 7840000.000 	       96 	        2
 7860000.000 	       95 	        3
 7880000.000 	       95 	        3
 7900000.000 	       95 	        3
 7920000.000 	       95 	        3
 7940000.000 	       95 	        3
 7960000.000 	       95 	        3
 7980000.000 	       95 	        3
 8000000.000 	       95 	        3
 8020000.000 	       95 	        3
 8040000.000 	       96 	        3
 8060000.000 	       97 	        2
 8080000.000 	       95 	        3
 8100000.000 	       95 	        3
 8120000.000 	       96 	        3
 8140000.000 	       95 	        3
 8160000.000 	       95 	        3
 8180000.000 	       95 	        3
 8200000.000 	       95 	        3
 8220000.000 	       95 	        3
 8240000.000 	       95 	        3
 8260000.000 	       96 	        3
 8280000.000 	       95 	        3
 8300000.000 	       95 	        3
 8320000.000 	       95 	        3
 8340000.000 	       95 	        3
 8360000.000 	       95 	        3
 8380000.000 	       95 	        3
 8400000.000 	       95 	        3
 8420000.000 	       95 	        3
 8440000.000 	       95 	        3
 8460000.000 	       95 	        3
 8480000.000 	       96 	        3
 8500000.000 	       96 	        3
 8520000.000 	       95 	        3
 8540000.000 	       95 	        3
 8560000.000 	       95 	        3
 8580000.000 	       95 	        3
 8600000.000 	       95 	        3
 8620000.000 	       95 	        3
 8640000.000 	       96 	        3
 8660000.000 	       96 	        2
 8680000.000 	       96 	        2
 8700000.000 	       95 	        3
 8720000.000 	       95 	        3
 8740000.000 	       95 	        3
 8760000.000 	       96 	        2
 8780000.000 	       96 	        3
 8800000.000 	       95 	        3
 8820000.000 	       95 	        3
 8840000.000 	       95 	        3
 8860000.000 	       95 	        3
 8880000.000 	       96 	        3
 8900000.000 	       95 	        3
 8920000.000 	       95 	        3
 8940000.000 	       95 	        3
 8960000.000 	       95 	        3
 8980000.000 	       96 	        2
 9000000.000 	       95 	        3
 9020000.000 	       95 	        3
 9040000.000 	       96 	        3
 9060000.000 	       95 	        3
 9080000.000 	       95 	        3
 9100000.000 	       95 	        3
 9120000.000 	       95 	        3
 9140000.000 	       95 	        3
 9160000.000 	       95 	        3
 9180000.000 	       95 	        3
 9200000.000 	       96 	        3
 9220000.000 	       95 	        3
 9240000.000 	       95 	        3
 9260000.000 	       95 	        3
 9280000.000 	       96 	        3
 9300000.000 	       96 	        3
 9320000.000 	       95 	        3
 9340000.000 	       95 	        3
 9360000.000 	       95 	        3
 9380000.000 	       95 	        3
 9400000.000 	       95 	        3
 9420000.000 	       95 	        3
 9440000.000 	       95 	        3
 9460000.000 	       95 	        3
 9480000.000 	       95 	        3
 9500000.000 	       95 	        3
 9520000.000 	       95 	        3
 9540000.000 	       95 	        3
 9560000.000 	       95 	        3
 9580000.000 	       95 	        3
 9600000.000 	       95 	        3
 9620000.000 	       95 	        3
 9640000.000 	       95 	        3
 9660000.000 	       95 	        3
 9680000.000 	       95 	        3
 9700000.000 	       95 	        3
 9720000.000 	       95 	        3
 9740000.000 	       95 	        3
 9760000.000 	       96 	        2
 9780000.000 	       95 	        3
 9800000.000 	       95 	        3
 9820000.000 	       95 	        3
 9840000.000 	       95 	        3
 9860000.000 	       95 	        3
 9880000.000 	       96 	        2
 9900000.000 	       95 	        3
 9920000.000 	       95 	        3
 9940000.000 	       95 	        3
 9960000.000 	       95 	        3
 9980000.000 	       97 	        2
10000000.000 	       96 	        2
10020000.000 	       95 	        3
10040000.000 	       95 	        3
10060000.000 	       95 	        3
10080000.000 	       95 	        3
10100000.000 	       96 	        3
10120000.000 	       95 	        3
10140000.000 	       96 	        2
10160000.000 	       96 	        3
10180000.000 	       95 	        3
10200000.000 	       96 	        3
10220000.000 	       96 	        2
10240000.000 	       96 	        3
10260000.000 	       95 	        3
10280000.000 	       95 	        3
10300000.000 	       95 	        3
10320000.000 	       95 	        3
10340000.000 	       95 	        3
10360000.000 	       95 	        3
10380000.000 	       95 	        3
10400000.000 	       95 	        3
10420000.000 	       95 	        3
10440000.000 	       95 	        3
10460000.000 	       95 	        3
10480000.000 	       95 	        3
10500000.000 	       95 	        3
10520000.000 	       95 	        3
10540000.000 	       95 	        3
10560000.000 	       95 	        3
10580000.000 	       95 	        3
10600000.000 	       95 	        3
10620000.000 	       96 	        3
10640000.000 	       95 	        3
10660000.000 	       95 	        3
10680000.000 	       95 	        3
10700000.000 	       95 	        3
10720000.000 	       95 	        3
10740000.000 	       96 	        3
10760000.000 	       95 	        3
10780000.000 	       95 	        3
10800000.000 	       95 	        3
10820000.000 	       95 	        3
10840000.000 	       95 	        3
10860000.000 	       95 	        3
10880000.000 	       95 	        3
10900000.000 	       95 	        3
10920000.000 	       95 	        3
10940000.000 	       95 	        3
10960000.000 	       95 	        3
10980000.000 	       95 	        3
11000000.000 	       95 	        3
11020000.000 	       95 	        3
11040000.000 	       95 	        3
11060000.000 	       95 	        3
11080000.000 	       95 	        3
11100000.000 	       95 	        3
11120000.000 	       95 	        3
11140000.000 	       96 	        2
11160000.000 	       95 	        3
11180000.000 	       95 	        3
11200000.000 	       95 	        3
11220000.000 	       95 	        3
11240000.000 	       95 	        3
11260000.000 	       95 	        3
11280000.000 	       95 	        3
11300000.000 	       96 	        2
11320000.000 	       95 	        3
11340000.000 	       95 	        3
11360000.000 	       95 	        3
11380000.000 	       95 	        3
11400000.000 	       95 	        3
11420000.000 	       95 	        3
11440000.000 	       96 	        3
11460000.000 	       95 	        3
11480000.000 	       95 	        3
11500000.000 	       95 	        3
11520000.000 	       95 	        3
11540000.000 	       95 	        3
11560000.000 	       96 	        3
11580000.000 	       95 	        3
11600000.000 	       95 	        3
11620000.000 	       95 	        3
11640000.000 	       95 	        3
11660000.000 	       95 	        3
11680000.000 	       95 	        3
11700000.000 	       95 	        3
11720000.000 	       95 	        3
11740000.000 	       95 	        3
11760000.000 	       95 	        3
11780000.000 	       95 	        3
11800000.000 	       95 	        3
11820000.000 	       95 	        3
11840000.000 	       95 	        3
11860000.000 	       95 	        3
11880000.000 	       96 	        3
11900000.000 	       95 	        3
11920000.000 	       95 	        3
11940000.000 	       95 	        3
11960000.000 	       95 	        3
11980000.000 	       95 	        3
12000000.000 	       95 	        3
12020000.000 	       96 	        3
12040000.000 	       95 	        3
12060000.000 	       95 	        3
12080000.000 	       95 	        3
12100000.000 	       95 	        3
12120000.000 	       95 	        3
12140000.000 	       96 	        2
12160000.000 	       95 	        3
12180000.000 	       95 	        3
12200000.000 	       95 	        3
12220000.000 	       95 	        3
12240000.000 	       95 	        3
12260000.000 	       95 	        3
12280000.000 	       95 	        3
12300000.000 	       95 	        3
12320000.000 	       95 	        3
12340000.000 	       95 	        3
12360000.000 	       95 	        3
12380000.000 	       96 	        3
12400000.000 	       96 	        3
12420000.000 	       95 	        3
12440000.000 	       95 	        3
12460000.000 	       96 	        3
12480000.000 	       96 	        2
12500000.000 	       95 	        3
12520000.000 	       95 	        3
12540000.000 	       95 	        3
12560000.000 	       95 	        3
12580000.000 	       95 	        3
12600000.000 	       95 	        3
12620000.000 	       96 	        3
12640000.000 	       95 	        3
12660000.000 	       95 	        3
12680000.000 	       95 	        3
12700000.000 	       95 	        3
12720000.000 	       95 	        3
12740000.000 	       96 	        3
12760000.000 	       95 	        3
12780000.000 	       96 	        3
12800000.000 	       95 	        3
12820000.000 	       95 	        3
12840000.000 	       95 	        3
12860000.000 	       95 	        3
12880000.000 	       95 	        3
12900000.000 	       95 	        3
12920000.000 	       95 	        3
12940000.000 	       95 	        3
12960000.000 	       95 	        3
12980000.000 	       95 	        3
13000000.000 	       95 	        3
13020000.000 	       95 	        3
13040000.000 	       95 	        3
13060000.000 	       96 	        3
13080000.000 	       96 	        3
13100000.000 	       95 	        3
13120000.000 	       95 	        3
13140000.000 	       95 	        3
13160000.000 	       95 	        3
13180000.000 	       95 	        3
13200000.000 	       95 	        3
13220000.000 	       95 	        3
13240000.000 	       95 	        3
13260000.000 	       95 	        3
13280000.000 	       95 	        3
13300000.000 	       96 	        3
13320000.000 	       95 	        3
13340000.000 	       95 	        3
13360000.000 	       95 	        3
13380000.000 	       95 	        3
13400000.000 	       96 	        2
13420000.000 	       95 	        3
13440000.000 	       95 	        3
13460000.000 	       97 	        3
13480000.000 	       95 	        3
13500000.000 	       95 	        3
13520000.000 	       95 	        3
13540000.000 	       95 	        3
13560000.000 	       95 	        3
13580000.000 	       95 	        3
13600000.000 	       95 	        3
13620000.000 	       95 	        3
13640000.000 	       95 	        3
13660000.000 	       95 	        3
13680000.000 	       95 	        3
13700000.000 	       95 	        3
13720000.000 	       95 	        3
13740000.000 	       95 	        3
13760000.000 	       95 	        3
13780000.000 	       95 	        3
13800000.000 	       95 	        3
13820000.000 	       95 	        3
13840000.000 	       95 	        3
13860000.000 	       95 	        3
13880000.000 	       95 	        3
13900000.000 	       95 	        3
13920000.000 	       95 	        3
13940000.000 	       95 	        3
13960000.000 	       95 	        3
13980000.000 	       95 	        3
14000000.000 	       95 	        3
14020000.000 	       95 	        3
14040000.000 	       94 	        3
14060000.000 	       94 	        3
14080000.000 	       94 	        3
14100000.000 	       94 	        3
14120000.000 	       94 	        3
14140000.000 	       94 	        3
14160000.000 	       94 	        3
14180000.000 	       94 	        3
14200000.000 	       94 	        3
14220000.000 	       95 	        3
14240000.000 	       94 	        3
14260000.000 	       94 	        3
14280000.000 	       94 	        3
14300000.000 	       94 	        3
14320000.000 	       95 	        2
14340000.000 	       94 	        3
14360000.000 	       94 	        3
14380000.000 	       95 	        2
14400000.000 	       94 	        3
14420000.000 	       95 	        2
14440000.000 	       94 	        3
14460000.000 	       94 	        3
14480000.000 	       94 	        3
14500000.000 	       94 	        3
14520000.000 	       94 	        3
14540000.000 	       94 	        3
14560000.000 	       95 	        3
14580000.000 	       94 	        3
14600000.000 	       95 	        3
14620000.000 	       94 	        3
14640000.000 	       94 	        3
14660000.000 	       94 	        3
14680000.000 	       95 	        3
14700000.000 	       94 	        3
14720000.000 	       94 	        3
14740000.000 	       94 	        3
14760000.000 	       94 	        3
14780000.000 	       96 	        2
14800000.000 	       94 	        3
14820000.000 	       94 	        3
14840000.000 	       94 	        3
14860000.000 	       94 	        3
14880000.000 	       95 	        3
14900000.000 	       95 	        3
14920000.000 	       95 	        3
14940000.000 	       94 	        3
14960000.000 	       94 	        3
14980000.000 	       94 	        3
15000000.000 	       94 	        3
15020000.000 	       94 	        3
15040000.000 	       94 	        3
15060000.000 	       94 	        3
15080000.000 	       94 	        3
15100000.000 	       94 	        3
15120000.000 	       94 	        3
15140000.000 	       94 	        3
15160000.000 	       94 	        3
15180000.000 	       94 	        3
15200000.000 	       94 	        3
15220000.000 	       94 	        3
15240000.000 	       94 	        3
15260000.000 	       94 	        3
15280000.000 	       94 	        3
15300000.000 	       94 	        3
15320000.000 	       94 	        3
15340000.000 	       94 	        3
15360000.000 	       94 	        3
15380000.000 	       94 	        3
15400000.000 	       95 	        3
15420000.000 	       96 	        2
15440000.000 	       94 	        3
15460000.000 	       94 	        3
15480000.000 	       95 	        3
15500000.000 	       95 	        3
15520000.000 	       95 	        3
15540000.000 	       94 	        3
15560000.000 	       94 	        3
15580000.000 	       95 	        3
15600000.000 	       94 	        3
15620000.000 	       94 	        3
15640000.000 	       94 	        3
15660000.000 	       94 	        3
15680000.000 	       94 	        3
15700000.000 	       94 	        3
15720000.000 	       94 	        3
15740000.000 	       94 	        3
15760000.000 	       94 	        3
15780000.000 	       94 	        3
15800000.000 	       94 	        3
15820000.000 	       94 	        3
15840000.000 	       94 	        3
15860000.000 	       94 	        3
15880000.000 	       95 	        3
15900000.000 	       94 	        3
15920000.000 	       94 	        3
15940000.000 	       94 	        3
15960000.000 	       94 	        3
15980000.000 	       94 	        3
16000000.000 	       95 	        3
16020000.000 	       94 	        3
16040000.000 	       94 	        3
16060000.000 	       95 	        2
16080000.000 	       94 	        3
16100000.000 	       94 	        3
16120000.000 	       95 	        3
16140000.000 	       95 	        3
16160000.000 	       94 	        3
16180000.000 	       94 	        3
16200000.000 	       94 	        3
16220000.000 	       94 	        3
16240000.000 	       94 	        3
16260000.000 	       94 	        3
16280000.000 	       96 	        2
16300000.000 	       95 	        3
16320000.000 	       94 	        3
16340000.000 	       94 	        3
16360000.000 	       94 	        3
16380000.000 	       95 	        2
16400000.000 	       96 	        2
16420000.000 	       94 	        3
16440000.000 	       94 	        3
16460000.000 	       94 	        3
16480000.000 	       94 	        3
16500000.000 	       94 	        3
16520000.000 	       95 	        2
16540000.000 	       94 	        3
16560000.000 	       94 	        3
16580000.000 	       95 	        3
16600000.000 	       94 	        3
16620000.000 	       94 	        3
16640000.000 	       95 	        2
16660000.000 	       94 	        3
16680000.000 	       94 	        3
16700000.000 	       94 	        3
16720000.000 	       94 	        3
16740000.000 	       94 	        3
16760000.000 	       95 	        2
16780000.000 	       94 	        3
16800000.000 	       94 	        3
16820000.000 	       94 	        3
16840000.000 	       94 	        3
16860000.000 	       96 	        2
16880000.000 	       94 	        3
16900000.000 	       94 	        3
16920000.000 	       94 	        3
16940000.000 	       94 	        3
16960000.000 	       94 	        3
16980000.000 	       94 	        3
17000000.000 	       94 	        3
17020000.000 	       94 	        3
17040000.000 	       94 	        3
17060000.000 	       94 	        3
17080000.000 	       94 	        3
17100000.000 	       94 	        3
17120000.000 	       94 	        3
17140000.000 	       95 	        3
17160000.000 	       94 	        3
17180000.000 	       94 	        3
17200000.000 	       94 	        3
17220000.000 	       94 	        3
17240000.000 	       94 	        3
17260000.000 	       94 	        3
17280000.000 	       94 	        3
17300000.000 	       95 	        3
17320000.000 	       94 	        3
17340000.000 	       94 	        3
17360000.000 	       94 	        3
17380000.000 	       94 	        3
17400000.000 	       95 	        3
17420000.000 	       94 	        3
17440000.000 	       94 	        3
17460000.000 	       94 	        3
17480000.000 	       95 	        3
17500000.000 	       94 	        3
17520000.000 	       95 	        3
17540000.000 	       94 	        3
17560000.000 	       94 	        3
17580000.000 	       94 	        3
17600000.000 	       94 	        3
17620000.000 	       94 	        3
17640000.000 	       95 	        3
17660000.000 	       94 	        3
17680000.000 	       94 	        3
17700000.000 	       94 	        3
17720000.000 	       94 	        3
17740000.000 	       94 	        3
17760000.000 	       94 	        3
17780000.000 	       95 	        3
17800000.000 	       94 	        3
17820000.000 	       94 	        3
17840000.000 	       94 	        3
17860000.000 	       94 	        3
17880000.000 	       94 	        3
17900000.000 	       94 	        3
17920000.000 	       94 	        3
17940000.000 	       94 	        3
17960000.000 	       94 	        3
17980000.000 	       94 	        3
18000000.000 	       94 	        3
18020000.000 	       94 	        3
18040000.000 	       94 	        3
18060000.000 	       94 	        3
18080000.000 	       94 	        3
18100000.000 	       94 	        3
18120000.000 	       94 	        3
18140000.000 	       94 	        3
18160000.000 	       95 	        3
18180000.000 	       94 	        3
18200000.000 	       94 	        3
18220000.000 	       94 	        3
18240000.000 	       95 	        3
18260000.000 	       94 	        3
18280000.000 	       94 	        3
18300000.000 	       94 	        3
18320000.000 	       94 	        3
18340000.000 	       94 	        3
18360000.000 	       94 	        3
18380000.000 	       95 	        2
18400000.000 	       95 	        2
18420000.000 	       94 	        3
18440000.000 	       94 	        3
18460000.000 	       94 	        3
18480000.000 	       94 	        3
18500000.000 	       95 	        3
18520000.000 	       94 	        3
18540000.000 	       94 	        3
18560000.000 	       94 	        3
18580000.000 	       95 	        3
18600000.000 	       94 	        3
18620000.000 	       94 	        3
18640000.000 	       94 	        3
18660000.000 	       94 	        3
18680000.000 	       95 	        3
18700000.000 	       94 	        3
18720000.000 	       94 	        3
18740000.000 	       94 	        3
18760000.000 	       94 	        3
18780000.000 	       94 	        3
18800000.000 	       94 	        3
18820000.000 	       95 	        2
18840000.000 	       95 	        2
18860000.000 	       95 	        2
18880000.000 	       94 	        3
18900000.000 	       94 	        3
18920000.000 	       94 	        3
18940000.000 	       94 	        3
18960000.000 	       94 	        3
18980000.000 	       94 	        3
19000000.000 	       94 	        3
19020000.000 	       94 	        3
19040000.000 	       96 	        2
19060000.000 	       95 	        3
19080000.000 	       94 	        3
19100000.000 	       94 	        3
19120000.000 	       94 	        3
19140000.000 	       94 	        3
19160000.000 	       94 	        3
19180000.000 	       94 	        3
19200000.000 	       95 	        3
19220000.000 	       94 	        3
19240000.000 	       94 	        3
19260000.000 	       94 	        3
19280000.000 	       95 	        3
19300000.000 	       96 	        3
19320000.000 	       94 	        3
19340000.000 	       94 	        3
19360000.000 	       94 	        3
19380000.000 	       94 	        3
19400000.000 	       94 	        3
19420000.000 	       94 	        3
19440000.000 	       94 	        3
19460000.000 	       94 	        3
19480000.000 	       94 	        3
19500000.000 	       94 	        3
19520000.000 	       94 	        3
19540000.000 	       94 	        3
19560000.000 	       94 	        3
19580000.000 	       94 	        3
19600000.000 	       94 	        3
19620000.000 	       94 	        3
19640000.000 	       94 	        3
19660000.000 	       94 	        3
19680000.000 	       94 	        3
19700000.000 	       94 	        3
19720000.000 	       94 	        3
19740000.000 	       96 	        3
19760000.000 	       94 	        3
19780000.000 	       94 	        3
19800000.000 	       94 	        3
19820000.000 	       94 	        3
19840000.000 	       94 	        3
19860000.000 	       95 	        3
19880000.000 	       94 	        3
19900000.000 	       94 	        3
19920000.000 	       94 	        3
19940000.000 	       94 	        3
19960000.000 	       94 	        3
19980000.000 	       94 	        3
20000000.000 	       94 	        3
20020000.000 	       94 	        3
20040000.000 	       94 	        3
20060000.000 	       95 	        2
20080000.000 	       94 	        3
20100000.000 	       95 	        3
20120000.000 	       94 	        3
20140000.000 	       94 	        3
20160000.000 	       95 	        3
20180000.000 	       94 	        3
20200000.000 	       95 	        2
20220000.000 	       94 	        3
20240000.000 	       94 	        3
20260000.000 	       95 	        3
20280000.000 	       94 	        3
20300000.000 	       94 	        3
20320000.000 	       94 	        3
20340000.000 	       94 	        3
20360000.000 	       94 	        3
20380000.000 	       94 	        3
20400000.000 	       94 	        3
20420000.000 	       94 	        3
20440000.000 	       94 	        3
20460000.000 	       94 	        3
20480000.000 	       94 	        3
20500000.000 	       94 	        3
20520000.000 	       94 	        3
20540000.000 	       94 	        3
20560000.000 	       94 	        3
20580000.000 	       94 	        3
20600000.000 	       94 	        3
20620000.000 	       94 	        3
20640000.000 	       94 	        3
20660000.000 	       94 	        3
20680000.000 	       94 	        3
20700000.000 	       94 	        3
20720000.000 	       95 	        3
20740000.000 	       95 	        3
20760000.000 	       95 	        2
20780000.000 	       94 	        3
20800000.000 	       94 	        3
20820000.000 	       94 	        3
20840000.000 	       94 	        3
20860000.000 	       94 	        3
20880000.000 	       94 	        3
20900000.000 	       94 	        3
20920000.000 	       94 	        3
20940000.000 	       94 	        3
20960000.000 	       94 	        3
20980000.000 	       94 	        3
21000000.000 	       94 	        3
21020000.000 	       94 	        3
21040000.000 	       94 	        3
21060000.000 	       95 	        3
21080000.000 	       95 	        3
21100000.000 	       94 	        3
21120000.000 	       94 	        3
21140000.000 	       94 	        3
21160000.000 	       94 	        3
21180000.000 	       94 	        3
21200000.000 	       95 	        2
21220000.000 	       94 	        3
21240000.000 	       94 	        3
21260000.000 	       94 	        3
21280000.000 	       94 	        3
21300000.000 	       94 	        3
21320000.000 	       94 	        3
21340000.000 	       94 	        3
21360000.000 	       94 	        3
21380000.000 	       94 	        3
21400000.000 	       95 	        3
21420000.000 	       94 	        3
21440000.000 	       94 	        3
21460000.000 	       94 	        3
21480000.000 	       94 	        3
21500000.000 	       94 	        3
21520000.000 	       94 	        3
21540000.000 	       94 	        3
21560000.000 	       94 	        3
21580000.000 	       95 	        3
21600000.000 	       94 	        3
21620000.000 	       94 	        3
21640000.000 	       94 	        3
21660000.000 	       94 	        3
21680000.000 	       95 	        3
21700000.000 	       95 	        3
21720000.000 	       96 	        3
21740000.000 	       94 	        3
21760000.000 	       94 	        3
21780000.000 	       94 	        3
21800000.000 	       96 	        3
21820000.000 	       94 	        3
21840000.000 	       94 	        3
21860000.000 	       94 	        3
21880000.000 	       94 	        3
21900000.000 	       94 	        3
21920000.000 	       94 	        3
21940000.000 	       94 	        3
21960000.000 	       94 	        3
21980000.000 	       94 	        3
22000000.000 	       94 	        3
22020000.000 	       94 	        3
22040000.000 	       94 	        3
22060000.000 	       94 	        3
22080000.000 	       94 	        3
22100000.000 	       94 	        3
22120000.000 	       94 	        3
22140000.000 	       94 	        3
22160000.000 	       94 	        3
22180000.000 	       94 	        3
22200000.000 	       94 	        3
22220000.000 	       94 	        3
22240000.000 	       94 	        3
22260000.000 	       94 	        3
22280000.000 	       94 	        3
22300000.000 	       94 	        3
22320000.000 	       94 	        3
22340000.000 	       94 	        3
22360000.000 	       94 	        3
22380000.000 	       94 	        3
22400000.000 	       94 	        3
22420000.000 	       94 	        3
22440000.000 	       94 	        3
22460000.000 	       94 	        3
22480000.000 	       94 	        3
22500000.000 	       94 	        3
22520000.000 	       94 	        3
22540000.000 	       94 	        3
22560000.000 	       94 	        3
22580000.000 	       94 	        3
22600000.000 	       94 	        3
22620000.000 	       94 	        3
22640000.000 	       95 	        3
22660000.000 	       95 	        3
22680000.000 	       94 	        3
22700000.000 	       94 	        3
22720000.000 	       94 	        3
22740000.000 	       94 	        3
22760000.000 	       95 	        3
22780000.000 	       94 	        3
22800000.000 	       94 	        3
22820000.000 	       94 	        3
22840000.000 	       94 	        3
22860000.000 	       94 	        3
22880000.000 	       94 	        3
22900000.000 	       95 	        3
22920000.000 	       95 	        3
22940000.000 	       94 	        3
22960000.000 	       94 	        3
22980000.000 	       94 	        3
23000000.000 	       94 	        3
23020000.000 	       94 	        3
23040000.000 	       94 	        3
23060000.000 	       94 	        3
23080000.000 	       94 	        3
23100000.000 	       94 	        3
23120000.000 	       94 	        3
23140000.000 	       94 	        3
23160000.000 	       94 	        3
23180000.000 	       95 	        3
23200000.000 	       94 	        3
23220000.000 	       94 	        3
23240000.000 	       94 	        3
23260000.000 	       94 	        3
23280000.000 	       94 	        3
23300000.000 	       94 	        3
23320000.000 	       94 	        3
23340000.000 	       94 	        3
23360000.000 	       94 	        3
23380000.000 	       94 	        3
23400000.000 	       94 	        3
23420000.000 	       94 	        3
23440000.000 	       95 	        3
23460000.000 	       94 	        3
23480000.000 	       94 	        3
23500000.000 	       94 	        3
23520000.000 	       94 	        3
23540000.000 	       94 	        3
23560000.000 	       94 	        3
23580000.000 	       94 	        3
23600000.000 	       94 	        3
23620000.000 	       94 	        3
23640000.000 	       94 	        3
23660000.000 	       94 	        3
23680000.000 	       94 	        3
23700000.000 	       94 	        3
23720000.000 	       95 	        3
23740000.000 	       96 	        3
23760000.000 	       94 	        3
23780000.000 	       94 	        3
23800000.000 	       94 	        3
23820000.000 	       94 	        3
23840000.000 	       95 	        3
23860000.000 	       95 	        3
23880000.000 	       94 	        3
23900000.000 	       94 	        3
23920000.000 	       94 	        3
23940000.000 	       94 	        3
23960000.000 	       94 	        3
23980000.000 	       94 	        3
24000000.000 	       95 	        3
24020000.000 	       94 	        3
24040000.000 	       94 	        3
24060000.000 	       94 	        3
24080000.000 	       94 	        3
24100000.000 	       94 	        3
24120000.000 	       94 	        3
24140000.000 	       95 	        3
24160000.000 	       94 	        3
24180000.000 	       94 	        3
24200000.000 	       94 	        3
24220000.000 	       94 	        3
24240000.000 	       94 	        3
24260000.000 	       94 	        3
24280000.000 	       94 	        3
24300000.000 	       94 	        3
24320000.000 	       94 	        3
24340000.000 	       94 	        3
24360000.000 	       94 	        3
24380000.000 	       94 	        3
24400000.000 	       94 	        3
24420000.000 	       94 	        3
24440000.000 	       94 	        3
24460000.000 	       94 	        3
24480000.000 	       94 	        3
24500000.000 	       94 	        3
24520000.000 	       94 	        3
24540000.000 	       94 	        3
24560000.000 	       94 	        3
24580000.000 	       94 	        3
24600000.000 	       94 	        3
24620000.000 	       94 	        3
24640000.000 	       94 	        3
24660000.000 	       94 	        3
24680000.000 	       94 	        3
24700000.000 	       95 	        3
24720000.000 	       94 	        3
24740000.000 	       94 	        3
24760000.000 	       95 	        3
24780000.000 	       94 	        3
24800000.000 	       94 	        3
24820000.000 	       94 	        3
24840000.000 	       94 	        3
24860000.000 	       94 	        3
24880000.000 	       94 	        3
24900000.000 	       94 	        3
24920000.000 	       94 	        3
24940000.000 	       94 	        3
24960000.000 	       95 	        3
24980000.000 	       94 	        3
25000000.000 	       94 	        3
25020000.000 	       94 	        3
25040000.000 	       95 	        3
25060000.000 	       94 	        3
25080000.000 	       94 	        3
25100000.000 	       94 	        3
25120000.000 	       94 	        3
25140000.000 	       95 	        3
25160000.000 	       94 	        3
25180000.000 	       94 	        3
25200000.000 	       94 	        3
25220000.000 	       94 	        3
25240000.000 	       95 	        2
25260000.000 	       94 	        3
25280000.000 	       94 	        3
25300000.000 	       94 	        3
25320000.000 	       94 	        3
25340000.000 	       95 	        2
25360000.000 	       94 	        3
25380000.000 	       94 	        3
25400000.000 	       94 	        3
25420000.000 	       94 	        3
25440000.000 	       94 	        3
25460000.000 	       94 	        3
25480000.000 	       94 	        3
25500000.000 	       94 	        3
25520000.000 	       94 	        3
25540000.000 	       94 	        3
25560000.000 	       95 	        3
25580000.000 	       94 	        3
25600000.000 	       94 	        3
25620000.000 	       94 	        3
25640000.000 	       96 	        2
25660000.000 	       94 	        3
25680000.000 	       94 	        3
25700000.000 	       94 	        3
25720000.000 	       95 	        3
25740000.000 	       94 	        3
25760000.000 	       94 	        3
25780000.000 	       94 	        3
25800000.000 	       94 	        3
25820000.000 	       94 	        3
25840000.000 	       94 	        3
25860000.000 	       95 	        3
25880000.000 	       94 	        3
25900000.000 	       94 	        3
25920000.000 	       94 	        3
25940000.000 	       94 	        3
25960000.000 	       94 	        3
25980000.000 	       94 	        3
26000000.000 	       94 	        3
26020000.000 	       94 	        3
26040000.000 	       94 	        3
26060000.000 	       94 	        3
26080000.000 	       95 	        3
26100000.000 	       94 	        3
26120000.000 	       94 	        3
26140000.000 	       94 	        3
26160000.000 	       95 	        2
26180000.000 	       94 	        3
26200000.000 	       94 	        3
26220000.000 	       94 	        3
26240000.000 	       94 	        3
26260000.000 	       94 	        3
26280000.000 	       94 	        3
26300000.000 	       94 	        3
26320000.000 	       94 	        3
26340000.000 	       94 	        3
26360000.000 	       94 	        3
26380000.000 	       94 	        3
26400000.000 	       94 	        3
26420000.000 	       94 	        3
26440000.000 	       94 	        3
26460000.000 	       94 	        3
26480000.000 	       94 	        3
26500000.000 	       94 	        3
26520000.000 	       94 	        3
26540000.000 	       94 	        3
26560000.000 	       94 	        3
26580000.000 	       94 	        3
26600000.000 	       94 	        3
26620000.000 	       94 	        3
26640000.000 	       95 	        2
26660000.000 	       94 	        3
26680000.000 	       94 	        3
26700000.000 	       94 	        3
26720000.000 	       94 	        3
26740000.000 	       94 	        3
26760000.000 	       94 	        3
26780000.000 	       94 	        3
26800000.000 	       95 	        3
26820000.000 	       95 	        2
26840000.000 	       94 	        3
26860000.000 	       94 	        3
26880000.000 	       94 	        3
26900000.000 	       94 	        3
26920000.000 	       94 	        3
26940000.000 	       94 	        3
26960000.000 	       94 	        3
26980000.000 	       94 	        3
27000000.000 	       95 	        2
27020000.000 	       94 	        3
27040000.000 	       94 	        3
27060000.000 	       94 	        3
27080000.000 	       94 	        3
27100000.000 	       94 	        3
27120000.000 	       94 	        3
27140000.000 	       94 	        3
27160000.000 	       95 	        2
27180000.000 	       94 	        3
27200000.000 	       94 	        3
27220000.000 	       94 	        3
27240000.000 	       94 	        3
27260000.000 	       94 	        3
27280000.000 	       94 	        3
27300000.000 	       94 	        3
27320000.000 	       95 	        2
27340000.000 	       95 	        2
27360000.000 	       94 	        3
27380000.000 	       94 	        3
27400000.000 	       94 	        3
27420000.000 	       95 	        3
27440000.000 	       94 	        3
27460000.000 	       94 	        3
27480000.000 	       95 	        3
27500000.000 	       94 	        3
27520000.000 	       94 	        3
27540000.000 	       95 	        3
27560000.000 	       95 	        3
27580000.000 	       94 	        3
27600000.000 	       94 	        3
27620000.000 	       94 	        3
27640000.000 	       94 	        3
27660000.000 	       94 	        3
27680000.000 	       94 	        3
27700000.000 	       94 	        3
27720000.000 	       95 	        3
27740000.000 	       94 	        3
27760000.000 	       95 	        3
27780000.000 	       94 	        3
27800000.000 	       94 	        3
27820000.000 	       94 	        3
27840000.000 	       94 	        3
27860000.000 	       94 	        3
27880000.000 	       94 	        3
27900000.000 	       94 	        3
27920000.000 	       94 	        3
27940000.000 	       94 	        3
27960000.000 	       94 	        3
27980000.000 	       94 	        3
28000000.000 	       94 	        3
28020000.000 	       95 	        3
28040000.000 	       94 	        3
28060000.000 	       94 	        3
28080000.000 	       94 	        3
28100000.000 	       94 	        3
28120000.000 	       94 	        3
28140000.000 	       95 	        2
28160000.000 	       94 	        3
28180000.000 	       94 	        3
28200000.000 	       94 	        3
28220000.000 	       94 	        3
28240000.000 	       94 	        3
28260000.000 	       94 	        3
28280000.000 	       94 	        3
28300000.000 	       95 	        3
28320000.000 	       94 	        3
28340000.000 	       94 	        3
28360000.000 	       94 	        3
28380000.000 	       94 	        3
28400000.000 	       94 	        3
28420000.000 	       94 	        3
28440000.000 	       94 	        3
28460000.000 	       94 	        3
28480000.000 	       94 	        3
28500000.000 	       94 	        3
28520000.000 	       94 	        3
28540000.000 	       94 	        3
28560000.000 	       94 	        3
28580000.000 	       95 	        3
28600000.000 	       94 	        3
28620000.000 	       96 	        3
28640000.000 	       94 	        3
28660000.000 	       95 	        2
28680000.000 	       94 	        3
28700000.000 	       94 	        3
28720000.000 	       94 	        3
28740000.000 	       94 	        3
28760000.000 	       95 	        3
28780000.000 	       94 	        3
28800000.000 	       94 	        3
28820000.000 	       94 	        3
28840000.000 	       94 	        3
28860000.000 	       94 	        3
28880000.000 	       94 	        3
28900000.000 	       95 	        3
28920000.000 	       94 	        3
28940000.000 	       94 	        3
28960000.000 	       94 	        3
28980000.000 	       94 	        3
29000000.000 	       94 	        3
29020000.000 	       94 	        3
29040000.000 	       94 	        3
29060000.000 	       94 	        3
29080000.000 	       94 	        3
29100000.000 	       94 	        3
29120000.000 	       94 	        3
29140000.000 	       94 	        3
29160000.000 	       94 	        3
29180000.000 	       94 	        3
29200000.000 	       94 	        3
29220000.000 	       95 	        3
29240000.000 	       94 	        3
29260000.000 	       94 	        3
29280000.000 	       94 	        3
29300000.000 	       94 	        3
29320000.000 	       94 	        3
29340000.000 	       95 	        3
29360000.000 	       94 	        3
29380000.000 	       94 	        3
29400000.000 	       94 	        3
29420000.000 	       94 	        3
29440000.000 	       95 	        3
29460000.000 	       94 	        3
29480000.000 	       94 	        3
29500000.000 	       94 	        3
29520000.000 	       94 	        3
29540000.000 	       94 	        3
29560000.000 	       94 	        3
29580000.000 	       94 	        3
29600000.000 	       95 	        3
29620000.000 	       94 	        3
29640000.000 	       94 	        3
29660000.000 	       94 	        3
29680000.000 	       94 	        3
29700000.000 	       94 	        3
29720000.000 	       94 	        3
29740000.000 	       94 	        3
29760000.000 	       94 	        3
29780000.000 	       97 	        2
29800000.000 	       94 	        3
29820000.000 	       95 	        3
29840000.000 	       94 	        3
29860000.000 	       95 	        3
29880000.000 	       94 	        3
29900000.000 	       94 	        3
29920000.000 	       94 	        3
29940000.000 	       94 	        3
29960000.000 	       94 	        3
29980000.000 	       95 	        3
30000000.000 	       95 	        3
30020000.000 	       95 	        3
30040000.000 	       94 	        3
30060000.000 	       95 	        3
30080000.000 	       95 	        2
30100000.000 	       94 	        3
30120000.000 	       94 	        3
30140000.000 	       95 	        3
30160000.000 	       94 	        3
30180000.000 	       95 	        2
30200000.000 	       94 	        3
30220000.000 	       94 	        3
30240000.000 	       94 	        3
30260000.000 	       95 	        3
30280000.000 	       94 	        3
30300000.000 	       95 	        2
30320000.000 	       94 	        3
30340000.000 	       94 	        3
30360000.000 	       94 	        3
30380000.000 	       94 	        3
30400000.000 	       94 	        3
30420000.000 	       94 	        3
30440000.000 	       94 	        3
30460000.000 	       94 	        3
30480000.000 	       95 	        2
30500000.000 	       94 	        3
30520000.000 	       94 	        3
30540000.000 	       94 	        3
30560000.000 	       94 	        3
30580000.000 	       94 	        3
30600000.000 	       95 	        3
30620000.000 	       94 	        3
30640000.000 	       95 	        3
30660000.000 	       94 	        3
30680000.000 	       94 	        3
30700000.000 	       95 	        3
30720000.000 	       94 	        3
30740000.000 	       94 	        3
30760000.000 	       94 	        3
30780000.000 	       94 	        3
30800000.000 	       94 	        3
30820000.000 	       94 	        3
30840000.000 	       94 	        3
30860000.000 	       94 	        3
30880000.000 	       94 	        3
30900000.000 	       94 	        3
30920000.000 	       94 	        3
30940000.000 	       95 	        2
30960000.000 	       94 	        3
30980000.000 	       94 	        3
31000000.000 	       94 	        3
31020000.000 	       94 	        3
31040000.000 	       94 	        3
31060000.000 	       94 	        3
31080000.000 	       94 	        3
31100000.000 	       94 	        3
31120000.000 	       94 	        3
31140000.000 	       94 	        3
31160000.000 	       94 	        3
31180000.000 	       94 	        3
31200000.000 	       94 	        3
31220000.000 	       94 	        3
31240000.000 	       94 	        3
31260000.000 	       95 	        3
31280000.000 	       94 	        3
31300000.000 	       94 	        3
31320000.000 	       94 	        3
31340000.000 	       94 	        3
31360000.000 	       94 	        3
31380000.000 	       95 	        2
31400000.000 	       94 	        3
31420000.000 	       94 	        3
31440000.000 	       95 	        3
31460000.000 	       94 	        3
31480000.000 	       95 	        3
31500000.000 	       94 	        3
31520000.000 	       94 	        3
31540000.000 	       94 	        3
31560000.000 	       94 	        3
31580000.000 	       94 	        3
31600000.000 	       94 	        3
31620000.000 	       94 	        3
31640000.000 	       94 	        3
31660000.000 	       94 	        3
31680000.000 	       94 	        3
31700000.000 	       94 	        3
31720000.000 	       94 	        3
31740000.000 	       94 	        3
31760000.000 	       94 	        3
31780000.000 	       94 	        3
31800000.000 	       94 	        3
31820000.000 	       94 	        3
31840000.000 	       95 	        3
31860000.000 	       94 	        3
31880000.000 	       94 	        3
31900000.000 	       94 	        3
31920000.000 	       94 	        3
31940000.000 	       94 	        3
31960000.000 	       94 	        3
31980000.000 	       94 	        3
32000000.000 	       94 	        3
32020000.000 	       94 	        3
32040000.000 	       94 	        3
32060000.000 	       94 	        3
32080000.000 	       94 	        3
32100000.000 	       94 	        3
32120000.000 	       95 	        3
32140000.000 	       94 	        3
32160000.000 	       94 	        3
32180000.000 	       94 	        3
32200000.000 	       95 	        3
32220000.000 	       94 	        3
32240000.000 	       94 	        3
32260000.000 	       95 	        2
32280000.000 	       94 	        3
32300000.000 	       94 	        3
32320000.000 	       94 	        3
32340000.000 	       94 	        3
32360000.000 	       95 	        3
32380000.000 	       94 	        3
32400000.000 	       94 	        3
32420000.000 	       93 	        3
32440000.000 	       93 	        3
32460000.000 	       93 	        3
32480000.000 	       93 	        3
32500000.000 	       93 	        3
32520000.000 	       93 	        3
32540000.000 	       93 	        3
32560000.000 	       94 	        3
32580000.000 	       93 	        3
32600000.000 	       93 	        3
32620000.000 	       94 	        3
32640000.000 	       93 	        3
32660000.000 	       93 	        3
32680000.000 	       93 	        3
32700000.000 	       94 	        2
32720000.000 	       94 	        3
32740000.000 	       94 	        3
32760000.000 	       93 	        3
32780000.000 	       93 	        3
32800000.000 	       94 	        3
32820000.000 	       94 	        3
32840000.000 	       93 	        3
32860000.000 	       93 	        3
32880000.000 	       93 	        3
32900000.000 	       93 	        3
32920000.000 	       93 	        3
32940000.000 	       93 	        3
32960000.000 	       93 	        3
32980000.000 	       94 	        2
33000000.000 	       93 	        3
33020000.000 	       93 	        3
33040000.000 	       93 	        3
33060000.000 	       94 	        2
33080000.000 	       93 	        3
33100000.000 	       93 	        3
33120000.000 	       93 	        3
33140000.000 	       94 	        3
33160000.000 	       93 	        3
33180000.000 	       93 	        3
33200000.000 	       93 	        3
33220000.000 	       93 	        3
33240000.000 	       93 	        3
33260000.000 	       93 	        3
33280000.000 	       93 	        3
33300000.000 	       93 	        3
33320000.000 	       93 	        3
33340000.000 	       93 	        3
33360000.000 	       93 	        3
33380000.000 	       93 	        3
33400000.000 	       93 	        3
33420000.000 	       93 	        3
33440000.000 	       93 	        3
33460000.000 	       93 	        3
33480000.000 	       94 	        3
33500000.000 	       93 	        3
33520000.000 	       94 	        2
33540000.000 	       93 	        3
33560000.000 	       93 	        3
33580000.000 	       93 	        3
33600000.000 	       93 	        3
33620000.000 	       93 	        3
33640000.000 	       93 	        3
33660000.000 	       93 	        3
33680000.000 	       93 	        3
33700000.000 	       93 	        3
33720000.000 	       93 	        3
33740000.000 	       93 	        3
33760000.000 	       93 	        3
33780000.000 	       93 	        3
33800000.000 	       93 	        3
33820000.000 	       93 	        3
33840000.000 	       93 	        3
33860000.000 	       93 	        3
33880000.000 	       93 	        3
33900000.000 	       93 	        3
33920000.000 	       93 	        3
33940000.000 	       93 	        3
33960000.000 	       93 	        3
33980000.000 	       93 	        3
34000000.000 	       93 	        3
34020000.000 	       93 	        3
34040000.000 	       93 	        3
34060000.000 	       93 	        3
34080000.000 	       93 	        3
34100000.000 	       93 	        3
34120000.000 	       94 	        2
34140000.000 	       93 	        3
34160000.000 	       93 	        3
34180000.000 	       94 	        3
34200000.000 	       93 	        3
34220000.000 	       95 	        2
34240000.000 	       93 	        3
34260000.000 	       93 	        3
34280000.000 	       93 	        3
34300000.000 	       93 	        3
34320000.000 	       94 	        2
34340000.000 	       93 	        3
34360000.000 	       93 	        3
34380000.000 	       94 	        3
34400000.000 	       93 	        3
34420000.000 	       94 	        3
34440000.000 	       93 	        3
34460000.000 	       93 	        3
34480000.000 	       93 	        3
34500000.000 	       93 	        3
34520000.000 	       94 	        3
34540000.000 	       93 	        3
34560000.000 	       94 	        3
34580000.000 	       93 	        3
34600000.000 	       93 	        3
34620000.000 	       93 	        3
34640000.000 	       93 	        3
34660000.000 	       93 	        3
34680000.000 	       93 	        3
34700000.000 	       93 	        3
34720000.000 	       93 	        3
34740000.000 	       94 	        3
34760000.000 	       93 	        3
34780000.000 	       94 	        3
34800000.000 	       93 	        3
34820000.000 	       93 	        3
34840000.000 	       93 	        3
34860000.000 	       93 	        3
34880000.000 	       93 	        3
34900000.000 	       93 	        3
34920000.000 	       93 	        3
34940000.000 	       93 	        3
34960000.000 	       94 	        3
34980000.000 	       93 	        3
35000000.000 	       93 	        3
35020000.000 	       94 	        3
35040000.000 	       94 	        2
35060000.000 	       93 	        3
35080000.000 	       93 	        3
35100000.000 	       93 	        3
35120000.000 	       94 	        3
35140000.000 	       93 	        3
35160000.000 	       93 	        3
35180000.000 	       93 	        3
35200000.000 	       94 	        2
35220000.000 	       93 	        3
35240000.000 	       94 	        3
35260000.000 	       93 	        3
35280000.000 	       93 	        3
35300000.000 	       93 	        3
35320000.000 	       94 	        3
35340000.000 	       93 	        3
35360000.000 	       94 	        3
35380000.000 	       93 	        3
35400000.000 	       93 	        3
35420000.000 	       93 	        3
35440000.000 	       93 	        3
35460000.000 	       93 	        3
35480000.000 	       93 	        3
35500000.000 	       93 	        3
35520000.000 	       93 	        3
35540000.000 	       94 	        3
35560000.000 	       93 	        3
35580000.000 	       93 	        3
35600000.000 	       93 	        3
35620000.000 	       93 	        3
35640000.000 	       93 	        3
35660000.000 	       93 	        3
35680000.000 	       93 	        3
35700000.000 	       93 	        3
35720000.000 	       93 	        3
35740000.000 	       93 	        3
35760000.000 	       93 	        3
35780000.000 	       93 	        3
35800000.000 	       93 	        3
35820000.000 	       93 	        3
35840000.000 	       94 	        3
35860000.000 	       93 	        3
35880000.000 	       93 	        3
35900000.000 	       93 	        3
35920000.000 	       93 	        3
35940000.000 	       93 	        3
35960000.000 	       93 	        3
35980000.000 	       93 	        3
36000000.000 	       93 	        3
36020000.000 	       93 	        3
36040000.000 	       94 	        3
36060000.000 	       95 	        3
36080000.000 	       93 	        3
36100000.000 	       94 	        3
36120000.000 	       93 	        3
36140000.000 	       94 	        3
36160000.000 	       94 	        3
36180000.000 	       93 	        3
36200000.000 	       93 	        3
36220000.000 	       93 	        3
36240000.000 	       93 	        3
36260000.000 	       93 	        3
36280000.000 	       93 	        3
36300000.000 	       93 	        3
36320000.000 	       93 	        3
36340000.000 	       93 	        3
36360000.000 	       94 	        3
36380000.000 	       93 	        3
36400000.000 	       93 	        3
36420000.000 	       93 	        3
36440000.000 	       93 	        3
36460000.000 	       93 	        3
36480000.000 	       93 	        3
36500000.000 	       93 	        3
36520000.000 	       93 	        3
36540000.000 	       93 	        3
36560000.000 	       93 	        3
36580000.000 	       93 	        3
36600000.000 	       93 	        3
36620000.000 	       94 	        3
36640000.000 	       93 	        3
36660000.000 	       93 	        3
36680000.000 	       93 	        3
36700000.000 	       93 	        3
36720000.000 	       93 	        3
36740000.000 	       93 	        3
36760000.000 	       93 	        3
36780000.000 	       93 	        3
36800000.000 	       93 	        3
36820000.000 	       94 	        3
36840000.000 	       93 	        3
36860000.000 	       93 	        3
36880000.000 	       94 	        2
36900000.000 	       93 	        3
36920000.000 	       93 	        3
36940000.000 	       93 	        3
36960000.000 	       94 	        2
36980000.000 	       93 	        3
37000000.000 	       93 	        3
37020000.000 	       94 	        3
37040000.000 	       93 	        3
37060000.000 	       93 	        3
37080000.000 	       93 	        3
37100000.000 	       94 	        3
37120000.000 	       93 	        3
37140000.000 	       93 	        3
37160000.000 	       93 	        3
37180000.000 	       93 	        3
37200000.000 	       93 	        3
37220000.000 	       93 	        3
37240000.000 	       93 	        3
37260000.000 	       94 	        3
37280000.000 	       94 	        3
37300000.000 	       93 	        3
37320000.000 	       93 	        3
37340000.000 	       93 	        3
37360000.000 	       94 	        3
37380000.000 	       93 	        3
37400000.000 	       93 	        3
37420000.000 	       93 	        3
37440000.000 	       93 	        3
37460000.000 	       93 	        3
37480000.000 	       93 	        3
37500000.000 	       94 	        3
37520000.000 	       93 	        3
37540000.000 	       93 	        3
37560000.000 	       93 	        3
37580000.000 	       93 	        3
37600000.000 	       94 	        3
37620000.000 	       93 	        3
37640000.000 	       94 	        3
37660000.000 	       94 	        3
37680000.000 	       94 	        3
37700000.000 	       93 	        3
37720000.000 	       94 	        3
37740000.000 	       94 	        3
37760000.000 	       93 	        3
37780000.000 	       93 	        3
37800000.000 	       94 	        3
37820000.000 	       93 	        3
37840000.000 	       93 	        3
37860000.000 	       93 	        3
37880000.000 	       93 	        3
37900000.000 	       94 	        3
37920000.000 	       93 	        3
37940000.000 	       93 	        3
37960000.000 	       93 	        3
37980000.000 	       93 	        3
38000000.000 	       93 	        3
