       0.000 	 0.980430 	 0.017169 
   20000.000 	 0.977234 	 0.023276 
   40000.000 	 0.980426 	 0.016733 
   60000.000 	 0.979019 	 0.019402 
   80000.000 	 0.977698 	 0.021199 
  100000.000 	 0.977546 	 0.025366 
  120000.000 	 0.976923 	 0.022150 
  140000.000 	 0.974981 	 0.024336 
  160000.000 	 0.977107 	 0.019445 
  180000.000 	 0.976059 	 0.020789 
  200000.000 	 0.979139 	 0.018706 
  220000.000 	 0.976784 	 0.019582 
  240000.000 	 0.978626 	 0.019126 
  260000.000 	 0.978485 	 0.020245 
  280000.000 	 0.978197 	 0.022078 
  300000.000 	 0.978541 	 0.020422 
  320000.000 	 0.974146 	 0.025632 
  340000.000 	 0.959017 	 0.037168 
  360000.000 	 0.970138 	 0.027001 
  380000.000 	 0.973606 	 0.022229 
  400000.000 	 0.973914 	 0.025224 
  420000.000 	 0.968741 	 0.029049 
  440000.000 	 0.976234 	 0.025827 
  460000.000 	 0.976687 	 0.021263 
  480000.000 	 0.975099 	 0.022180 
  500000.000 	 0.975464 	 0.022246 
  520000.000 	 0.977065 	 0.020419 
  540000.000 	 0.979043 	 0.021861 
  560000.000 	 0.971711 	 0.024778 
  580000.000 	 0.977818 	 0.018849 
  600000.000 	 0.979030 	 0.022017 
  620000.000 	 0.975236 	 0.023957 
  640000.000 	 0.977112 	 0.020302 
  660000.000 	 0.975672 	 0.023336 
  680000.000 	 0.978103 	 0.018392 
  700000.000 	 0.978038 	 0.020088 
  720000.000 	 0.978824 	 0.019700 
  740000.000 	 0.981157 	 0.016243 
  760000.000 	 0.975684 	 0.027888 
  780000.000 	 0.978395 	 0.023044 
  800000.000 	 0.980150 	 0.020165 
  820000.000 	 0.980724 	 0.019727 
  840000.000 	 0.977415 	 0.021585 
  860000.000 	 0.979320 	 0.018751 
  880000.000 	 0.979438 	 0.021539 
  900000.000 	 0.979433 	 0.020027 
  920000.000 	 0.978031 	 0.023350 
  940000.000 	 0.979696 	 0.019331 
  960000.000 	 0.979949 	 0.016614 
  980000.000 	 0.978890 	 0.019407 
 1000000.000 	 0.979444 	 0.023789 
 1020000.000 	 0.982153 	 0.013375 
 1040000.000 	 0.978668 	 0.018544 
 1060000.000 	 0.982384 	 0.015005 
 1080000.000 	 0.982202 	 0.014875 
 1100000.000 	 0.979802 	 0.019090 
 1120000.000 	 0.975536 	 0.024426 
 1140000.000 	 0.975356 	 0.021901 
 1160000.000 	 0.980710 	 0.018554 
 1180000.000 	 0.978581 	 0.020877 
 1200000.000 	 0.978753 	 0.022619 
 1220000.000 	 0.976981 	 0.019359 
 1240000.000 	 0.981599 	 0.019974 
 1260000.000 	 0.981146 	 0.017504 
 1280000.000 	 0.980277 	 0.021333 
 1300000.000 	 0.980792 	 0.019061 
 1320000.000 	 0.978864 	 0.018824 
 1340000.000 	 0.980343 	 0.022039 
 1360000.000 	 0.980562 	 0.020809 
 1380000.000 	 0.982199 	 0.020875 
 1400000.000 	 0.979212 	 0.022832 
 1420000.000 	 0.977704 	 0.022194 
 1440000.000 	 0.977690 	 0.021708 
 1460000.000 	 0.977272 	 0.023545 
 1480000.000 	 0.979580 	 0.018861 
 1500000.000 	 0.978696 	 0.021411 
 1520000.000 	 0.978796 	 0.017893 
 1540000.000 	 0.969253 	 0.031223 
 1560000.000 	 0.973892 	 0.022110 
 1580000.000 	 0.974989 	 0.020518 
 1600000.000 	 0.972464 	 0.031603 
 1620000.000 	 0.975742 	 0.022808 
 1640000.000 	 0.975369 	 0.022681 
 1660000.000 	 0.976086 	 0.020794 
 1680000.000 	 0.975799 	 0.018396 
 1700000.000 	 0.970015 	 0.026367 
 1720000.000 	 0.976789 	 0.025928 
 1740000.000 	 0.976004 	 0.025906 
 1760000.000 	 0.974648 	 0.026372 
 1780000.000 	 0.971139 	 0.029168 
 1800000.000 	 0.972096 	 0.028498 
 1820000.000 	 0.972098 	 0.029963 
 1840000.000 	 0.969793 	 0.025858 
 1860000.000 	 0.973981 	 0.024348 
 1880000.000 	 0.976059 	 0.023916 
 1900000.000 	 0.976652 	 0.020952 
 1920000.000 	 0.980963 	 0.017493 
 1940000.000 	 0.980023 	 0.019231 
 1960000.000 	 0.980999 	 0.017323 
 1980000.000 	 0.978997 	 0.021658 
 2000000.000 	 0.977876 	 0.021899 
 2020000.000 	 0.979584 	 0.019411 
 2040000.000 	 0.976748 	 0.026625 
 2060000.000 	 0.975376 	 0.027226 
 2080000.000 	 0.979043 	 0.021315 
 2100000.000 	 0.979233 	 0.016674 
 2120000.000 	 0.973746 	 0.025792 
 2140000.000 	 0.978855 	 0.018264 
 2160000.000 	 0.979525 	 0.020184 
 2180000.000 	 0.977853 	 0.022532 
 2200000.000 	 0.982795 	 0.019294 
 2220000.000 	 0.977840 	 0.016277 
 2240000.000 	 0.974347 	 0.023630 
 2260000.000 	 0.975492 	 0.023404 
 2280000.000 	 0.975708 	 0.027010 
 2300000.000 	 0.974777 	 0.022341 
 2320000.000 	 0.977762 	 0.023471 
 2340000.000 	 0.976205 	 0.022806 
 2360000.000 	 0.978864 	 0.020634 
 2380000.000 	 0.978892 	 0.018297 
 2400000.000 	 0.983098 	 0.017772 
 2420000.000 	 0.979777 	 0.018849 
 2440000.000 	 0.980830 	 0.020938 
 2460000.000 	 0.985112 	 0.015435 
 2480000.000 	 0.984614 	 0.015422 
 2500000.000 	 0.981363 	 0.023387 
 2520000.000 	 0.981921 	 0.017852 
 2540000.000 	 0.984586 	 0.015426 
 2560000.000 	 0.980552 	 0.017922 
 2580000.000 	 0.981180 	 0.019846 
 2600000.000 	 0.982148 	 0.019061 
 2620000.000 	 0.981540 	 0.018373 
 2640000.000 	 0.981119 	 0.018681 
 2660000.000 	 0.982917 	 0.022150 
 2680000.000 	 0.980967 	 0.019916 
 2700000.000 	 0.983026 	 0.019713 
 2720000.000 	 0.985821 	 0.014060 
 2740000.000 	 0.981912 	 0.018565 
 2760000.000 	 0.983924 	 0.016298 
 2780000.000 	 0.977440 	 0.021468 
 2800000.000 	 0.982501 	 0.016477 
 2820000.000 	 0.984883 	 0.015298 
 2840000.000 	 0.981091 	 0.021345 
 2860000.000 	 0.978384 	 0.018476 
 2880000.000 	 0.980975 	 0.017806 
 2900000.000 	 0.976787 	 0.021632 
 2920000.000 	 0.976294 	 0.022514 
 2940000.000 	 0.980810 	 0.020022 
 2960000.000 	 0.977956 	 0.021109 
 2980000.000 	 0.980365 	 0.018936 
 3000000.000 	 0.981546 	 0.019016 
 3020000.000 	 0.985997 	 0.016400 
 3040000.000 	 0.986567 	 0.014111 
 3060000.000 	 0.986044 	 0.017052 
 3080000.000 	 0.981448 	 0.018865 
 3100000.000 	 0.985253 	 0.014712 
 3120000.000 	 0.985286 	 0.015074 
 3140000.000 	 0.983319 	 0.014423 
 3160000.000 	 0.984081 	 0.016307 
 3180000.000 	 0.985385 	 0.012978 
 3200000.000 	 0.981405 	 0.019176 
 3220000.000 	 0.985407 	 0.014993 
 3240000.000 	 0.981597 	 0.022263 
 3260000.000 	 0.985211 	 0.015479 
 3280000.000 	 0.983185 	 0.015180 
 3300000.000 	 0.983251 	 0.014939 
 3320000.000 	 0.977391 	 0.021110 
 3340000.000 	 0.975897 	 0.024706 
 3360000.000 	 0.981209 	 0.021256 
 3380000.000 	 0.982997 	 0.015188 
 3400000.000 	 0.984254 	 0.014968 
 3420000.000 	 0.982998 	 0.018019 
 3440000.000 	 0.984189 	 0.015597 
 3460000.000 	 0.981915 	 0.018275 
 3480000.000 	 0.979341 	 0.019515 
 3500000.000 	 0.983684 	 0.014906 
 3520000.000 	 0.984156 	 0.014181 
 3540000.000 	 0.983373 	 0.015054 
 3560000.000 	 0.984419 	 0.016340 
 3580000.000 	 0.985842 	 0.012880 
 3600000.000 	 0.984245 	 0.016931 
