       0.000 	 0.969546 	 0.029414 
   20000.000 	 0.969431 	 0.026546 
   40000.000 	 0.970477 	 0.025329 
   60000.000 	 0.973301 	 0.025326 
   80000.000 	 0.970024 	 0.026224 
  100000.000 	 0.968817 	 0.024730 
  120000.000 	 0.961921 	 0.034764 
  140000.000 	 0.958573 	 0.039950 
  160000.000 	 0.967128 	 0.031299 
  180000.000 	 0.963165 	 0.031452 
  200000.000 	 0.970213 	 0.027978 
  220000.000 	 0.972603 	 0.023320 
  240000.000 	 0.967989 	 0.029133 
  260000.000 	 0.967234 	 0.034691 
  280000.000 	 0.964343 	 0.034524 
  300000.000 	 0.965783 	 0.034204 
  320000.000 	 0.961930 	 0.034806 
  340000.000 	 0.970837 	 0.026847 
  360000.000 	 0.970475 	 0.025846 
  380000.000 	 0.970601 	 0.024899 
  400000.000 	 0.965672 	 0.033185 
  420000.000 	 0.965191 	 0.032636 
  440000.000 	 0.965511 	 0.030518 
  460000.000 	 0.969825 	 0.030583 
  480000.000 	 0.968782 	 0.027661 
  500000.000 	 0.975222 	 0.023585 
  520000.000 	 0.964253 	 0.031679 
  540000.000 	 0.964230 	 0.037532 
  560000.000 	 0.973252 	 0.026347 
  580000.000 	 0.976400 	 0.024310 
  600000.000 	 0.975648 	 0.021001 
  620000.000 	 0.971926 	 0.031115 
  640000.000 	 0.973698 	 0.026198 
  660000.000 	 0.981549 	 0.017498 
  680000.000 	 0.975721 	 0.023438 
  700000.000 	 0.967319 	 0.032871 
  720000.000 	 0.977153 	 0.021516 
  740000.000 	 0.977435 	 0.020671 
  760000.000 	 0.976364 	 0.024406 
  780000.000 	 0.973220 	 0.022973 
  800000.000 	 0.978210 	 0.022007 
  820000.000 	 0.969842 	 0.029765 
  840000.000 	 0.976937 	 0.019160 
  860000.000 	 0.971303 	 0.023620 
  880000.000 	 0.978938 	 0.022364 
  900000.000 	 0.978549 	 0.020312 
  920000.000 	 0.977318 	 0.020738 
  940000.000 	 0.975931 	 0.025324 
  960000.000 	 0.979040 	 0.021755 
  980000.000 	 0.979966 	 0.025010 
 1000000.000 	 0.976144 	 0.026856 
 1020000.000 	 0.980172 	 0.019381 
 1040000.000 	 0.973807 	 0.023636 
 1060000.000 	 0.976565 	 0.023805 
 1080000.000 	 0.977183 	 0.021031 
 1100000.000 	 0.974093 	 0.032872 
 1120000.000 	 0.976952 	 0.021480 
 1140000.000 	 0.973513 	 0.026649 
 1160000.000 	 0.973494 	 0.024305 
 1180000.000 	 0.974339 	 0.027881 
 1200000.000 	 0.973758 	 0.028134 
 1220000.000 	 0.979950 	 0.021824 
 1240000.000 	 0.978572 	 0.021120 
 1260000.000 	 0.969363 	 0.038788 
 1280000.000 	 0.979346 	 0.020810 
 1300000.000 	 0.976241 	 0.021643 
 1320000.000 	 0.975495 	 0.024460 
 1340000.000 	 0.977928 	 0.022551 
 1360000.000 	 0.975697 	 0.024601 
 1380000.000 	 0.979593 	 0.025196 
 1400000.000 	 0.982352 	 0.017590 
 1420000.000 	 0.980627 	 0.022768 
 1440000.000 	 0.979293 	 0.016757 
 1460000.000 	 0.976494 	 0.020275 
 1480000.000 	 0.977787 	 0.019874 
 1500000.000 	 0.972344 	 0.034870 
 1520000.000 	 0.983849 	 0.019479 
 1540000.000 	 0.979731 	 0.020473 
 1560000.000 	 0.977624 	 0.023286 
 1580000.000 	 0.973860 	 0.024970 
 1600000.000 	 0.975697 	 0.020447 
 1620000.000 	 0.982947 	 0.015575 
 1640000.000 	 0.979052 	 0.023972 
 1660000.000 	 0.981454 	 0.019492 
 1680000.000 	 0.982555 	 0.023981 
 1700000.000 	 0.981805 	 0.018017 
 1720000.000 	 0.985210 	 0.015817 
 1740000.000 	 0.979907 	 0.018854 
 1760000.000 	 0.982915 	 0.018991 
 1780000.000 	 0.978532 	 0.020602 
 1800000.000 	 0.975769 	 0.026044 
 1820000.000 	 0.982403 	 0.017149 
 1840000.000 	 0.981003 	 0.020166 
 1860000.000 	 0.982864 	 0.017854 
 1880000.000 	 0.983167 	 0.020891 
 1900000.000 	 0.984604 	 0.015838 
 1920000.000 	 0.983673 	 0.018569 
 1940000.000 	 0.980793 	 0.020457 
 1960000.000 	 0.981009 	 0.018530 
 1980000.000 	 0.981899 	 0.024627 
 2000000.000 	 0.985397 	 0.015385 
 2020000.000 	 0.976364 	 0.023552 
 2040000.000 	 0.979931 	 0.021342 
 2060000.000 	 0.983716 	 0.017651 
 2080000.000 	 0.981891 	 0.016681 
 2100000.000 	 0.982760 	 0.017807 
 2120000.000 	 0.982468 	 0.021302 
 2140000.000 	 0.979377 	 0.025938 
 2160000.000 	 0.977707 	 0.017287 
 2180000.000 	 0.980549 	 0.024382 
 2200000.000 	 0.979849 	 0.018358 
 2220000.000 	 0.983443 	 0.016816 
 2240000.000 	 0.983928 	 0.015717 
 2260000.000 	 0.980796 	 0.020852 
 2280000.000 	 0.980958 	 0.023740 
 2300000.000 	 0.980407 	 0.018817 
 2320000.000 	 0.982990 	 0.016290 
 2340000.000 	 0.983912 	 0.016136 
 2360000.000 	 0.981645 	 0.015094 
 2380000.000 	 0.980899 	 0.028514 
 2400000.000 	 0.980829 	 0.022964 
 2420000.000 	 0.984697 	 0.015605 
 2440000.000 	 0.988108 	 0.012004 
 2460000.000 	 0.979286 	 0.016996 
 2480000.000 	 0.980260 	 0.019884 
 2500000.000 	 0.981777 	 0.018702 
 2520000.000 	 0.981813 	 0.022082 
 2540000.000 	 0.982468 	 0.018573 
 2560000.000 	 0.982349 	 0.015942 
 2580000.000 	 0.979128 	 0.022385 
 2600000.000 	 0.981775 	 0.019655 
 2620000.000 	 0.983587 	 0.020729 
 2640000.000 	 0.981206 	 0.018522 
 2660000.000 	 0.981609 	 0.019291 
 2680000.000 	 0.986569 	 0.015434 
 2700000.000 	 0.978841 	 0.020795 
 2720000.000 	 0.979788 	 0.019916 
 2740000.000 	 0.983008 	 0.020834 
 2760000.000 	 0.982970 	 0.020741 
 2780000.000 	 0.985549 	 0.013932 
 2800000.000 	 0.983115 	 0.018337 
 2820000.000 	 0.980486 	 0.020949 
 2840000.000 	 0.982651 	 0.018735 
 2860000.000 	 0.985598 	 0.017579 
 2880000.000 	 0.984330 	 0.018209 
 2900000.000 	 0.987838 	 0.013967 
 2920000.000 	 0.985570 	 0.014829 
 2940000.000 	 0.985041 	 0.018919 
 2960000.000 	 0.983595 	 0.022571 
 2980000.000 	 0.985980 	 0.016307 
 3000000.000 	 0.986179 	 0.014241 
 3020000.000 	 0.985852 	 0.015865 
 3040000.000 	 0.984621 	 0.018342 
 3060000.000 	 0.983664 	 0.017870 
 3080000.000 	 0.984484 	 0.023065 
 3100000.000 	 0.983303 	 0.023440 
 3120000.000 	 0.986219 	 0.012995 
 3140000.000 	 0.985498 	 0.018396 
 3160000.000 	 0.984109 	 0.015870 
 3180000.000 	 0.986261 	 0.016225 
 3200000.000 	 0.988137 	 0.011042 
 3220000.000 	 0.985244 	 0.012620 
 3240000.000 	 0.981674 	 0.022810 
 3260000.000 	 0.982729 	 0.018262 
 3280000.000 	 0.989654 	 0.011670 
 3300000.000 	 0.982885 	 0.019899 
 3320000.000 	 0.980487 	 0.019281 
 3340000.000 	 0.984400 	 0.021350 
 3360000.000 	 0.980629 	 0.019383 
 3380000.000 	 0.981596 	 0.020442 
 3400000.000 	 0.982025 	 0.020220 
 3420000.000 	 0.983374 	 0.018202 
 3440000.000 	 0.984046 	 0.024891 
 3460000.000 	 0.984011 	 0.023072 
 3480000.000 	 0.989450 	 0.013823 
 3500000.000 	 0.987075 	 0.013861 
 3520000.000 	 0.983393 	 0.017999 
 3540000.000 	 0.986673 	 0.013096 
 3560000.000 	 0.988525 	 0.012748 
 3580000.000 	 0.984055 	 0.014354 
 3600000.000 	 0.983644 	 0.016242 
 3620000.000 	 0.984691 	 0.018741 
 3640000.000 	 0.986459 	 0.021693 
 3660000.000 	 0.985782 	 0.019028 
 3680000.000 	 0.984117 	 0.018465 
 3700000.000 	 0.983949 	 0.017787 
 3720000.000 	 0.982438 	 0.020683 
 3740000.000 	 0.984481 	 0.016490 
 3760000.000 	 0.977162 	 0.019816 
 3780000.000 	 0.983372 	 0.015865 
 3800000.000 	 0.982606 	 0.018196 
 3820000.000 	 0.981112 	 0.018564 
 3840000.000 	 0.986581 	 0.022213 
 3860000.000 	 0.979747 	 0.019950 
 3880000.000 	 0.978824 	 0.021118 
 3900000.000 	 0.984706 	 0.017206 
 3920000.000 	 0.987307 	 0.012787 
 3940000.000 	 0.989061 	 0.010513 
 3960000.000 	 0.986480 	 0.014449 
 3980000.000 	 0.985804 	 0.018307 
 4000000.000 	 0.989130 	 0.013374 
 4020000.000 	 0.987991 	 0.014565 
 4040000.000 	 0.984397 	 0.014094 
 4060000.000 	 0.985091 	 0.020685 
 4080000.000 	 0.989441 	 0.008884 
 4100000.000 	 0.983253 	 0.020455 
 4120000.000 	 0.985710 	 0.019343 
 4140000.000 	 0.986364 	 0.016317 
 4160000.000 	 0.989495 	 0.017130 
 4180000.000 	 0.989853 	 0.015008 
 4200000.000 	 0.982771 	 0.019704 
 4220000.000 	 0.984127 	 0.018164 
 4240000.000 	 0.987271 	 0.014347 
 4260000.000 	 0.989655 	 0.016998 
 4280000.000 	 0.984329 	 0.015084 
 4300000.000 	 0.983565 	 0.014509 
 4320000.000 	 0.985204 	 0.016248 
 4340000.000 	 0.988244 	 0.014195 
 4360000.000 	 0.983096 	 0.014039 
 4380000.000 	 0.988407 	 0.012970 
 4400000.000 	 0.985547 	 0.016616 
 4420000.000 	 0.982421 	 0.017486 
 4440000.000 	 0.986013 	 0.016452 
 4460000.000 	 0.987608 	 0.015195 
 4480000.000 	 0.985573 	 0.011784 
 4500000.000 	 0.990067 	 0.012649 
 4520000.000 	 0.989934 	 0.014249 
 4540000.000 	 0.988349 	 0.016270 
 4560000.000 	 0.981324 	 0.017701 
 4580000.000 	 0.986826 	 0.014368 
 4600000.000 	 0.990223 	 0.010560 
 4620000.000 	 0.988850 	 0.011789 
 4640000.000 	 0.991335 	 0.011841 
 4660000.000 	 0.987858 	 0.015952 
 4680000.000 	 0.987081 	 0.016211 
 4700000.000 	 0.983396 	 0.016522 
 4720000.000 	 0.987423 	 0.014646 
 4740000.000 	 0.988016 	 0.013487 
 4760000.000 	 0.985379 	 0.015930 
 4780000.000 	 0.984118 	 0.016338 
 4800000.000 	 0.984608 	 0.021333 
 4820000.000 	 0.990966 	 0.011352 
 4840000.000 	 0.989372 	 0.013186 
 4860000.000 	 0.991471 	 0.015885 
 4880000.000 	 0.990065 	 0.011860 
 4900000.000 	 0.988651 	 0.013981 
 4920000.000 	 0.991905 	 0.011337 
 4940000.000 	 0.986758 	 0.012465 
 4960000.000 	 0.988378 	 0.015068 
 4980000.000 	 0.987404 	 0.017912 
 5000000.000 	 0.989244 	 0.015561 
 5020000.000 	 0.987354 	 0.021637 
 5040000.000 	 0.990576 	 0.013302 
 5060000.000 	 0.990179 	 0.017443 
 5080000.000 	 0.985027 	 0.019756 
 5100000.000 	 0.990160 	 0.015068 
 5120000.000 	 0.985494 	 0.016986 
 5140000.000 	 0.986336 	 0.019590 
 5160000.000 	 0.986350 	 0.014249 
 5180000.000 	 0.984048 	 0.018037 
 5200000.000 	 0.986518 	 0.010712 
 5220000.000 	 0.985768 	 0.014757 
 5240000.000 	 0.987456 	 0.016876 
 5260000.000 	 0.982287 	 0.020859 
 5280000.000 	 0.989143 	 0.016092 
 5300000.000 	 0.988938 	 0.015098 
 5320000.000 	 0.992378 	 0.007557 
 5340000.000 	 0.988864 	 0.013194 
 5360000.000 	 0.991412 	 0.008380 
 5380000.000 	 0.986923 	 0.011511 
 5400000.000 	 0.988610 	 0.012842 
 5420000.000 	 0.986206 	 0.014573 
 5440000.000 	 0.985232 	 0.022685 
 5460000.000 	 0.988705 	 0.012841 
 5480000.000 	 0.990013 	 0.010802 
 5500000.000 	 0.988669 	 0.014040 
 5520000.000 	 0.987500 	 0.014903 
 5540000.000 	 0.990291 	 0.013106 
 5560000.000 	 0.988491 	 0.011719 
 5580000.000 	 0.993120 	 0.009157 
 5600000.000 	 0.988998 	 0.010432 
 5620000.000 	 0.989089 	 0.012339 
 5640000.000 	 0.989145 	 0.012677 
 5660000.000 	 0.991484 	 0.012139 
 5680000.000 	 0.988043 	 0.016134 
 5700000.000 	 0.989257 	 0.013855 
 5720000.000 	 0.991701 	 0.009672 
 5740000.000 	 0.987815 	 0.015216 
 5760000.000 	 0.989432 	 0.014809 
 5780000.000 	 0.987294 	 0.016129 
 5800000.000 	 0.989039 	 0.013775 
 5820000.000 	 0.991191 	 0.008955 
 5840000.000 	 0.992681 	 0.012059 
 5860000.000 	 0.991764 	 0.009284 
 5880000.000 	 0.988696 	 0.012200 
 5900000.000 	 0.984008 	 0.014457 
 5920000.000 	 0.986226 	 0.010525 
 5940000.000 	 0.984919 	 0.021043 
 5960000.000 	 0.984747 	 0.016503 
 5980000.000 	 0.989244 	 0.011991 
 6000000.000 	 0.989174 	 0.009354 
 6020000.000 	 0.988900 	 0.013629 
 6040000.000 	 0.986958 	 0.014485 
 6060000.000 	 0.988913 	 0.014967 
 6080000.000 	 0.989481 	 0.010394 
 6100000.000 	 0.989119 	 0.011131 
 6120000.000 	 0.989298 	 0.015653 
 6140000.000 	 0.986686 	 0.014764 
 6160000.000 	 0.987692 	 0.014300 
 6180000.000 	 0.986905 	 0.013281 
 6200000.000 	 0.991173 	 0.008571 
 6220000.000 	 0.986412 	 0.020012 
 6240000.000 	 0.989815 	 0.010992 
 6260000.000 	 0.990127 	 0.011264 
 6280000.000 	 0.989970 	 0.014281 
 6300000.000 	 0.992473 	 0.010809 
 6320000.000 	 0.988674 	 0.013776 
 6340000.000 	 0.991679 	 0.006609 
 6360000.000 	 0.989203 	 0.011500 
 6380000.000 	 0.986782 	 0.018751 
 6400000.000 	 0.990197 	 0.012875 
 6420000.000 	 0.990952 	 0.010452 
 6440000.000 	 0.986175 	 0.012250 
 6460000.000 	 0.990823 	 0.012152 
 6480000.000 	 0.990070 	 0.016594 
 6500000.000 	 0.991821 	 0.011216 
 6520000.000 	 0.991170 	 0.011717 
 6540000.000 	 0.990426 	 0.014210 
 6560000.000 	 0.992958 	 0.008167 
 6580000.000 	 0.992513 	 0.009154 
 6600000.000 	 0.990581 	 0.011996 
 6620000.000 	 0.991592 	 0.014292 
 6640000.000 	 0.994313 	 0.006991 
 6660000.000 	 0.990811 	 0.009786 
 6680000.000 	 0.986585 	 0.012765 
 6700000.000 	 0.987120 	 0.021477 
 6720000.000 	 0.991146 	 0.007726 
 6740000.000 	 0.993980 	 0.009041 
 6760000.000 	 0.993346 	 0.008507 
 6780000.000 	 0.992693 	 0.011315 
 6800000.000 	 0.994211 	 0.007588 
 6820000.000 	 0.990349 	 0.010079 
 6840000.000 	 0.988704 	 0.015278 
 6860000.000 	 0.991821 	 0.009450 
 6880000.000 	 0.992501 	 0.008359 
 6900000.000 	 0.991719 	 0.010346 
 6920000.000 	 0.989375 	 0.013607 
 6940000.000 	 0.990563 	 0.012394 
 6960000.000 	 0.990526 	 0.013041 
 6980000.000 	 0.991452 	 0.008776 
 7000000.000 	 0.990464 	 0.014512 
 7020000.000 	 0.989433 	 0.015661 
 7040000.000 	 0.990767 	 0.011469 
 7060000.000 	 0.991082 	 0.010229 
 7080000.000 	 0.992007 	 0.009524 
 7100000.000 	 0.993402 	 0.007609 
 7120000.000 	 0.987648 	 0.010582 
 7140000.000 	 0.989250 	 0.015643 
 7160000.000 	 0.990205 	 0.010852 
 7180000.000 	 0.985514 	 0.014742 
 7200000.000 	 0.988651 	 0.015507 
 7220000.000 	 0.990349 	 0.013861 
 7240000.000 	 0.991181 	 0.010820 
 7260000.000 	 0.990120 	 0.009517 
 7280000.000 	 0.990092 	 0.008677 
 7300000.000 	 0.990620 	 0.011926 
 7320000.000 	 0.992792 	 0.008252 
 7340000.000 	 0.991328 	 0.010621 
 7360000.000 	 0.987730 	 0.013085 
 7380000.000 	 0.988475 	 0.011300 
 7400000.000 	 0.992395 	 0.007083 
 7420000.000 	 0.987868 	 0.011949 
 7440000.000 	 0.972466 	 0.017212 
 7460000.000 	 0.983368 	 0.014466 
 7480000.000 	 0.984993 	 0.012027 
 7500000.000 	 0.988575 	 0.011896 
 7520000.000 	 0.988267 	 0.011035 
 7540000.000 	 0.992555 	 0.009211 
 7560000.000 	 0.991084 	 0.008884 
 7580000.000 	 0.991961 	 0.008511 
 7600000.000 	 0.988914 	 0.012100 
 7620000.000 	 0.992947 	 0.013107 
 7640000.000 	 0.984597 	 0.018430 
 7660000.000 	 0.986276 	 0.014177 
 7680000.000 	 0.989955 	 0.014273 
 7700000.000 	 0.993287 	 0.008824 
 7720000.000 	 0.989704 	 0.011211 
 7740000.000 	 0.992202 	 0.010308 
 7760000.000 	 0.992810 	 0.013268 
 7780000.000 	 0.991278 	 0.011147 
 7800000.000 	 0.988847 	 0.012417 
 7820000.000 	 0.992218 	 0.010332 
 7840000.000 	 0.988695 	 0.014599 
 7860000.000 	 0.988979 	 0.013927 
 7880000.000 	 0.990089 	 0.016007 
 7900000.000 	 0.994170 	 0.011416 
 7920000.000 	 0.992204 	 0.014386 
 7940000.000 	 0.990494 	 0.016375 
 7960000.000 	 0.989932 	 0.012239 
 7980000.000 	 0.988717 	 0.010666 
 8000000.000 	 0.987952 	 0.011491 
 8020000.000 	 0.987353 	 0.012766 
 8040000.000 	 0.992928 	 0.009210 
 8060000.000 	 0.989522 	 0.010572 
 8080000.000 	 0.989345 	 0.017950 
 8100000.000 	 0.988480 	 0.008676 
 8120000.000 	 0.990304 	 0.009872 
 8140000.000 	 0.987439 	 0.014896 
 8160000.000 	 0.987624 	 0.010842 
 8180000.000 	 0.987740 	 0.016296 
 8200000.000 	 0.993077 	 0.012762 
 8220000.000 	 0.988397 	 0.007668 
 8240000.000 	 0.987745 	 0.016841 
 8260000.000 	 0.991617 	 0.010767 
 8280000.000 	 0.989458 	 0.009597 
 8300000.000 	 0.981083 	 0.018171 
 8320000.000 	 0.987649 	 0.012138 
 8340000.000 	 0.986038 	 0.019228 
 8360000.000 	 0.988540 	 0.015421 
 8380000.000 	 0.989516 	 0.011089 
 8400000.000 	 0.989301 	 0.011446 
 8420000.000 	 0.989007 	 0.011315 
 8440000.000 	 0.985954 	 0.013604 
 8460000.000 	 0.991386 	 0.010118 
 8480000.000 	 0.987798 	 0.017094 
 8500000.000 	 0.989449 	 0.012318 
 8520000.000 	 0.990594 	 0.007937 
 8540000.000 	 0.988749 	 0.011321 
 8560000.000 	 0.988041 	 0.013602 
 8580000.000 	 0.990063 	 0.009434 
 8600000.000 	 0.990823 	 0.013330 
 8620000.000 	 0.994283 	 0.007288 
 8640000.000 	 0.988212 	 0.015462 
 8660000.000 	 0.986110 	 0.013973 
 8680000.000 	 0.987544 	 0.017773 
 8700000.000 	 0.993872 	 0.006518 
 8720000.000 	 0.989013 	 0.011963 
 8740000.000 	 0.990288 	 0.009384 
 8760000.000 	 0.991863 	 0.014075 
 8780000.000 	 0.990378 	 0.015534 
 8800000.000 	 0.992669 	 0.013762 
 8820000.000 	 0.993530 	 0.006698 
 8840000.000 	 0.992468 	 0.008857 
 8860000.000 	 0.990810 	 0.010024 
 8880000.000 	 0.984988 	 0.021532 
 8900000.000 	 0.992954 	 0.006900 
 8920000.000 	 0.989103 	 0.018419 
 8940000.000 	 0.989653 	 0.011921 
 8960000.000 	 0.990515 	 0.013175 
 8980000.000 	 0.990159 	 0.011605 
 9000000.000 	 0.991790 	 0.011676 
 9020000.000 	 0.989001 	 0.011619 
 9040000.000 	 0.989971 	 0.013909 
 9060000.000 	 0.986151 	 0.014405 
 9080000.000 	 0.989969 	 0.011811 
 9100000.000 	 0.994014 	 0.005217 
 9120000.000 	 0.991901 	 0.016365 
 9140000.000 	 0.989611 	 0.013633 
 9160000.000 	 0.989008 	 0.013549 
 9180000.000 	 0.990021 	 0.010457 
 9200000.000 	 0.989933 	 0.009622 
 9220000.000 	 0.989420 	 0.015697 
 9240000.000 	 0.988300 	 0.012928 
 9260000.000 	 0.989386 	 0.014415 
 9280000.000 	 0.993279 	 0.012190 
 9300000.000 	 0.992645 	 0.008781 
 9320000.000 	 0.992643 	 0.013960 
 9340000.000 	 0.992228 	 0.010565 
 9360000.000 	 0.993601 	 0.012880 
 9380000.000 	 0.991808 	 0.012048 
 9400000.000 	 0.990606 	 0.007661 
 9420000.000 	 0.993805 	 0.005720 
 9440000.000 	 0.992417 	 0.012891 
 9460000.000 	 0.991436 	 0.013623 
 9480000.000 	 0.995176 	 0.006937 
 9500000.000 	 0.990264 	 0.010140 
 9520000.000 	 0.991160 	 0.010793 
 9540000.000 	 0.988935 	 0.015926 
 9560000.000 	 0.989496 	 0.012650 
 9580000.000 	 0.993521 	 0.006932 
 9600000.000 	 0.992061 	 0.008510 
 9620000.000 	 0.991192 	 0.012110 
 9640000.000 	 0.992627 	 0.010172 
 9660000.000 	 0.990384 	 0.014686 
 9680000.000 	 0.990649 	 0.013300 
 9700000.000 	 0.988047 	 0.012582 
 9720000.000 	 0.991090 	 0.009912 
 9740000.000 	 0.992074 	 0.009650 
 9760000.000 	 0.991873 	 0.012676 
 9780000.000 	 0.992437 	 0.010408 
 9800000.000 	 0.993013 	 0.009754 
 9820000.000 	 0.993810 	 0.006362 
 9840000.000 	 0.993232 	 0.006378 
 9860000.000 	 0.990232 	 0.011348 
 9880000.000 	 0.990729 	 0.013447 
 9900000.000 	 0.992349 	 0.013904 
 9920000.000 	 0.991432 	 0.009296 
 9940000.000 	 0.991627 	 0.011612 
 9960000.000 	 0.993104 	 0.005903 
 9980000.000 	 0.992334 	 0.011445 
10000000.000 	 0.992407 	 0.008618 
10020000.000 	 0.992664 	 0.007936 
10040000.000 	 0.991983 	 0.008040 
10060000.000 	 0.988305 	 0.015614 
10080000.000 	 0.985756 	 0.019864 
10100000.000 	 0.991211 	 0.014692 
10120000.000 	 0.992474 	 0.010371 
10140000.000 	 0.988270 	 0.013128 
10160000.000 	 0.992231 	 0.006248 
10180000.000 	 0.992607 	 0.006494 
10200000.000 	 0.988819 	 0.016556 
10220000.000 	 0.992441 	 0.010864 
10240000.000 	 0.990868 	 0.010668 
10260000.000 	 0.986059 	 0.015862 
10280000.000 	 0.993886 	 0.007003 
10300000.000 	 0.993594 	 0.012061 
10320000.000 	 0.992448 	 0.008989 
10340000.000 	 0.992452 	 0.010892 
10360000.000 	 0.992824 	 0.012432 
10380000.000 	 0.990297 	 0.011374 
10400000.000 	 0.991597 	 0.008421 
10420000.000 	 0.993368 	 0.006630 
10440000.000 	 0.992294 	 0.010531 
10460000.000 	 0.989415 	 0.010424 
10480000.000 	 0.987456 	 0.009539 
10500000.000 	 0.989000 	 0.010931 
10520000.000 	 0.988261 	 0.014832 
10540000.000 	 0.993290 	 0.013039 
10560000.000 	 0.992265 	 0.016557 
10580000.000 	 0.991686 	 0.014315 
10600000.000 	 0.990412 	 0.007916 
10620000.000 	 0.992027 	 0.008314 
10640000.000 	 0.990384 	 0.010944 
10660000.000 	 0.993606 	 0.007136 
10680000.000 	 0.994223 	 0.006806 
10700000.000 	 0.992905 	 0.008600 
10720000.000 	 0.988229 	 0.012979 
10740000.000 	 0.989294 	 0.009418 
10760000.000 	 0.990625 	 0.015949 
10780000.000 	 0.994163 	 0.009111 
10800000.000 	 0.991941 	 0.017613 
10820000.000 	 0.989572 	 0.016963 
10840000.000 	 0.986079 	 0.016098 
10860000.000 	 0.989322 	 0.011823 
10880000.000 	 0.993711 	 0.011185 
10900000.000 	 0.992820 	 0.014255 
10920000.000 	 0.992558 	 0.012860 
10940000.000 	 0.990457 	 0.007984 
10960000.000 	 0.988960 	 0.010373 
10980000.000 	 0.991382 	 0.008969 
11000000.000 	 0.988858 	 0.016414 
11020000.000 	 0.981393 	 0.015063 
11040000.000 	 0.988492 	 0.015582 
11060000.000 	 0.985027 	 0.012832 
11080000.000 	 0.989553 	 0.010187 
11100000.000 	 0.992216 	 0.006869 
11120000.000 	 0.987698 	 0.013745 
11140000.000 	 0.993082 	 0.008938 
11160000.000 	 0.990050 	 0.008053 
11180000.000 	 0.988412 	 0.009516 
11200000.000 	 0.992806 	 0.010149 
11220000.000 	 0.994747 	 0.010357 
11240000.000 	 0.993127 	 0.007301 
11260000.000 	 0.993597 	 0.011563 
11280000.000 	 0.990298 	 0.012254 
11300000.000 	 0.993919 	 0.005797 
11320000.000 	 0.989406 	 0.008818 
11340000.000 	 0.990378 	 0.010870 
11360000.000 	 0.993214 	 0.006896 
11380000.000 	 0.994486 	 0.006135 
11400000.000 	 0.993957 	 0.005741 
11420000.000 	 0.992282 	 0.009679 
11440000.000 	 0.995217 	 0.005381 
11460000.000 	 0.995358 	 0.008602 
11480000.000 	 0.995444 	 0.007178 
11500000.000 	 0.995353 	 0.005388 
11520000.000 	 0.991879 	 0.009408 
11540000.000 	 0.990142 	 0.010712 
11560000.000 	 0.991893 	 0.008391 
11580000.000 	 0.992571 	 0.007822 
11600000.000 	 0.991889 	 0.008114 
11620000.000 	 0.992784 	 0.011237 
11640000.000 	 0.994359 	 0.005897 
11660000.000 	 0.993835 	 0.010287 
11680000.000 	 0.993178 	 0.006842 
11700000.000 	 0.984661 	 0.015881 
11720000.000 	 0.986583 	 0.014818 
11740000.000 	 0.991910 	 0.006197 
11760000.000 	 0.989799 	 0.011395 
11780000.000 	 0.990805 	 0.012302 
11800000.000 	 0.991222 	 0.007337 
11820000.000 	 0.986296 	 0.011208 
11840000.000 	 0.992146 	 0.008068 
11860000.000 	 0.994462 	 0.005833 
11880000.000 	 0.986335 	 0.013420 
11900000.000 	 0.987784 	 0.018713 
11920000.000 	 0.989600 	 0.011096 
11940000.000 	 0.989591 	 0.020230 
11960000.000 	 0.990216 	 0.013520 
11980000.000 	 0.991153 	 0.009207 
12000000.000 	 0.990792 	 0.010602 
12020000.000 	 0.994404 	 0.007088 
12040000.000 	 0.993111 	 0.006736 
12060000.000 	 0.990861 	 0.011927 
12080000.000 	 0.993407 	 0.007199 
12100000.000 	 0.987820 	 0.013552 
12120000.000 	 0.992018 	 0.007490 
12140000.000 	 0.992851 	 0.010703 
12160000.000 	 0.990364 	 0.008990 
12180000.000 	 0.995535 	 0.005516 
12200000.000 	 0.995679 	 0.005029 
12220000.000 	 0.993850 	 0.008754 
12240000.000 	 0.994060 	 0.006424 
12260000.000 	 0.995789 	 0.008174 
12280000.000 	 0.993961 	 0.004845 
12300000.000 	 0.989897 	 0.012200 
12320000.000 	 0.992177 	 0.012684 
12340000.000 	 0.993912 	 0.007488 
12360000.000 	 0.994653 	 0.007238 
12380000.000 	 0.991181 	 0.013364 
12400000.000 	 0.994679 	 0.006332 
12420000.000 	 0.992880 	 0.011137 
12440000.000 	 0.994031 	 0.005475 
12460000.000 	 0.994962 	 0.008297 
12480000.000 	 0.994781 	 0.005272 
12500000.000 	 0.992398 	 0.008973 
12520000.000 	 0.993722 	 0.010440 
12540000.000 	 0.993976 	 0.005946 
12560000.000 	 0.994531 	 0.004863 
12580000.000 	 0.993809 	 0.013184 
12600000.000 	 0.987875 	 0.016647 
12620000.000 	 0.989677 	 0.009778 
12640000.000 	 0.992259 	 0.007154 
12660000.000 	 0.991509 	 0.013019 
12680000.000 	 0.989222 	 0.017996 
12700000.000 	 0.994019 	 0.007937 
12720000.000 	 0.995070 	 0.006562 
12740000.000 	 0.993954 	 0.010474 
12760000.000 	 0.992982 	 0.012051 
12780000.000 	 0.991274 	 0.010050 
12800000.000 	 0.993229 	 0.007371 
12820000.000 	 0.991824 	 0.009671 
12840000.000 	 0.990401 	 0.009505 
12860000.000 	 0.990583 	 0.009665 
12880000.000 	 0.991555 	 0.008154 
12900000.000 	 0.992568 	 0.007416 
12920000.000 	 0.990388 	 0.013856 
12940000.000 	 0.995370 	 0.005537 
12960000.000 	 0.995212 	 0.006034 
12980000.000 	 0.992817 	 0.008057 
13000000.000 	 0.988655 	 0.014879 
13020000.000 	 0.991234 	 0.008479 
13040000.000 	 0.992799 	 0.007722 
13060000.000 	 0.990696 	 0.010133 
13080000.000 	 0.990481 	 0.009981 
13100000.000 	 0.992784 	 0.012657 
13120000.000 	 0.993378 	 0.008542 
13140000.000 	 0.989970 	 0.011045 
13160000.000 	 0.995566 	 0.004728 
13180000.000 	 0.992465 	 0.007060 
13200000.000 	 0.990930 	 0.011944 
13220000.000 	 0.993126 	 0.008480 
13240000.000 	 0.995114 	 0.007119 
13260000.000 	 0.993068 	 0.009929 
13280000.000 	 0.987160 	 0.007694 
13300000.000 	 0.989873 	 0.014455 
13320000.000 	 0.992073 	 0.006406 
13340000.000 	 0.992241 	 0.008161 
13360000.000 	 0.986598 	 0.015243 
13380000.000 	 0.991905 	 0.007089 
13400000.000 	 0.994369 	 0.008923 
13420000.000 	 0.985014 	 0.018899 
13440000.000 	 0.988062 	 0.015339 
13460000.000 	 0.984767 	 0.009288 
13480000.000 	 0.987512 	 0.011380 
13500000.000 	 0.994134 	 0.007369 
13520000.000 	 0.993960 	 0.006252 
13540000.000 	 0.989463 	 0.009272 
13560000.000 	 0.991317 	 0.009286 
13580000.000 	 0.996114 	 0.007067 
13600000.000 	 0.994730 	 0.008284 
13620000.000 	 0.992631 	 0.010712 
13640000.000 	 0.988531 	 0.009020 
13660000.000 	 0.992913 	 0.008225 
13680000.000 	 0.989491 	 0.013179 
13700000.000 	 0.993302 	 0.006608 
13720000.000 	 0.990275 	 0.009460 
13740000.000 	 0.986347 	 0.015827 
13760000.000 	 0.994044 	 0.006519 
13780000.000 	 0.994285 	 0.008567 
13800000.000 	 0.989489 	 0.009255 
13820000.000 	 0.990583 	 0.010507 
13840000.000 	 0.990137 	 0.012052 
13860000.000 	 0.988678 	 0.013069 
13880000.000 	 0.993087 	 0.008927 
13900000.000 	 0.994081 	 0.005176 
13920000.000 	 0.992415 	 0.010614 
13940000.000 	 0.994132 	 0.007180 
13960000.000 	 0.996051 	 0.006340 
13980000.000 	 0.990246 	 0.007840 
14000000.000 	 0.993557 	 0.006070 
14020000.000 	 0.992710 	 0.008787 
14040000.000 	 0.993541 	 0.007001 
14060000.000 	 0.994663 	 0.009311 
14080000.000 	 0.993138 	 0.008463 
14100000.000 	 0.993652 	 0.006632 
14120000.000 	 0.990357 	 0.013837 
14140000.000 	 0.989526 	 0.010608 
14160000.000 	 0.989890 	 0.008819 
14180000.000 	 0.989950 	 0.011143 
14200000.000 	 0.992921 	 0.006203 
14220000.000 	 0.993561 	 0.008432 
14240000.000 	 0.995261 	 0.004771 
14260000.000 	 0.993834 	 0.009880 
14280000.000 	 0.991873 	 0.007306 
14300000.000 	 0.992029 	 0.013947 
14320000.000 	 0.991243 	 0.015120 
14340000.000 	 0.989861 	 0.010166 
14360000.000 	 0.991432 	 0.017071 
14380000.000 	 0.994104 	 0.005406 
14400000.000 	 0.994744 	 0.004886 
