       0.000 	 0.969175 	 0.025879 
   20000.000 	 0.965663 	 0.031838 
   40000.000 	 0.965047 	 0.027513 
   60000.000 	 0.965325 	 0.027912 
   80000.000 	 0.966342 	 0.026534 
  100000.000 	 0.970850 	 0.026712 
  120000.000 	 0.965391 	 0.032284 
  140000.000 	 0.967786 	 0.028100 
  160000.000 	 0.966673 	 0.036088 
  180000.000 	 0.965758 	 0.028791 
  200000.000 	 0.971578 	 0.024391 
  220000.000 	 0.967070 	 0.030578 
  240000.000 	 0.969587 	 0.028301 
  260000.000 	 0.967571 	 0.032722 
  280000.000 	 0.965968 	 0.032127 
  300000.000 	 0.964418 	 0.032146 
  320000.000 	 0.964462 	 0.031416 
  340000.000 	 0.971791 	 0.026647 
  360000.000 	 0.966887 	 0.028681 
  380000.000 	 0.966383 	 0.036171 
  400000.000 	 0.970655 	 0.026179 
  420000.000 	 0.972714 	 0.028124 
  440000.000 	 0.965253 	 0.030562 
  460000.000 	 0.971333 	 0.027059 
  480000.000 	 0.966971 	 0.033989 
  500000.000 	 0.968456 	 0.029540 
  520000.000 	 0.969443 	 0.029599 
  540000.000 	 0.973114 	 0.025045 
  560000.000 	 0.973077 	 0.023036 
  580000.000 	 0.971945 	 0.026027 
  600000.000 	 0.968342 	 0.033560 
  620000.000 	 0.973059 	 0.026455 
  640000.000 	 0.973496 	 0.025844 
  660000.000 	 0.967646 	 0.028032 
  680000.000 	 0.967550 	 0.031478 
  700000.000 	 0.971626 	 0.032606 
  720000.000 	 0.974706 	 0.021843 
  740000.000 	 0.974713 	 0.022359 
  760000.000 	 0.971318 	 0.029826 
  780000.000 	 0.973195 	 0.022816 
  800000.000 	 0.973044 	 0.024886 
  820000.000 	 0.970662 	 0.030014 
  840000.000 	 0.975796 	 0.022407 
  860000.000 	 0.973285 	 0.024493 
  880000.000 	 0.972938 	 0.025654 
  900000.000 	 0.970537 	 0.029364 
  920000.000 	 0.981447 	 0.018253 
  940000.000 	 0.979012 	 0.017507 
  960000.000 	 0.972355 	 0.025391 
  980000.000 	 0.973271 	 0.027406 
 1000000.000 	 0.977445 	 0.024289 
 1020000.000 	 0.974456 	 0.025650 
 1040000.000 	 0.973363 	 0.024947 
 1060000.000 	 0.974131 	 0.029078 
 1080000.000 	 0.979142 	 0.019242 
 1100000.000 	 0.981726 	 0.021908 
 1120000.000 	 0.978495 	 0.022538 
 1140000.000 	 0.970764 	 0.024198 
 1160000.000 	 0.974375 	 0.027021 
 1180000.000 	 0.974444 	 0.022915 
 1200000.000 	 0.973828 	 0.020378 
 1220000.000 	 0.977840 	 0.019242 
 1240000.000 	 0.978860 	 0.020500 
 1260000.000 	 0.970261 	 0.027924 
 1280000.000 	 0.971498 	 0.030766 
 1300000.000 	 0.970857 	 0.027603 
 1320000.000 	 0.970990 	 0.028916 
 1340000.000 	 0.975243 	 0.022847 
 1360000.000 	 0.976643 	 0.018493 
 1380000.000 	 0.980044 	 0.018102 
 1400000.000 	 0.977065 	 0.021718 
 1420000.000 	 0.977298 	 0.022164 
 1440000.000 	 0.980432 	 0.022331 
 1460000.000 	 0.980937 	 0.019115 
 1480000.000 	 0.982036 	 0.017230 
 1500000.000 	 0.976899 	 0.025425 
 1520000.000 	 0.981881 	 0.019170 
 1540000.000 	 0.978939 	 0.020378 
 1560000.000 	 0.980513 	 0.017893 
 1580000.000 	 0.980725 	 0.017491 
 1600000.000 	 0.971327 	 0.027373 
 1620000.000 	 0.972852 	 0.021458 
 1640000.000 	 0.976198 	 0.021468 
 1660000.000 	 0.979628 	 0.022674 
 1680000.000 	 0.972335 	 0.027763 
 1700000.000 	 0.984271 	 0.015810 
 1720000.000 	 0.978653 	 0.020579 
 1740000.000 	 0.982173 	 0.018543 
 1760000.000 	 0.981685 	 0.016724 
 1780000.000 	 0.980809 	 0.016950 
 1800000.000 	 0.982384 	 0.016563 
 1820000.000 	 0.979110 	 0.022809 
 1840000.000 	 0.979031 	 0.021553 
 1860000.000 	 0.979808 	 0.021799 
 1880000.000 	 0.981044 	 0.017139 
 1900000.000 	 0.979588 	 0.017403 
 1920000.000 	 0.979420 	 0.020027 
 1940000.000 	 0.979461 	 0.024338 
 1960000.000 	 0.977718 	 0.023249 
 1980000.000 	 0.981450 	 0.026658 
 2000000.000 	 0.980952 	 0.014727 
 2020000.000 	 0.984098 	 0.018558 
 2040000.000 	 0.984653 	 0.013044 
 2060000.000 	 0.983008 	 0.018469 
 2080000.000 	 0.983868 	 0.016946 
 2100000.000 	 0.982430 	 0.022350 
 2120000.000 	 0.980284 	 0.024483 
 2140000.000 	 0.979850 	 0.022860 
 2160000.000 	 0.984442 	 0.020284 
 2180000.000 	 0.982022 	 0.021008 
 2200000.000 	 0.979533 	 0.018670 
 2220000.000 	 0.976822 	 0.026566 
 2240000.000 	 0.977910 	 0.024136 
 2260000.000 	 0.979914 	 0.025787 
 2280000.000 	 0.976781 	 0.024808 
 2300000.000 	 0.982791 	 0.019263 
 2320000.000 	 0.981725 	 0.023200 
 2340000.000 	 0.981945 	 0.018125 
 2360000.000 	 0.980990 	 0.021099 
 2380000.000 	 0.982756 	 0.018099 
 2400000.000 	 0.983978 	 0.020913 
 2420000.000 	 0.983248 	 0.016347 
 2440000.000 	 0.988035 	 0.015640 
 2460000.000 	 0.983789 	 0.016846 
 2480000.000 	 0.975995 	 0.032399 
 2500000.000 	 0.984555 	 0.019742 
 2520000.000 	 0.980243 	 0.020275 
 2540000.000 	 0.986275 	 0.019742 
 2560000.000 	 0.980107 	 0.020234 
 2580000.000 	 0.983143 	 0.019320 
 2600000.000 	 0.984875 	 0.012604 
 2620000.000 	 0.984127 	 0.018185 
 2640000.000 	 0.977529 	 0.021605 
 2660000.000 	 0.980763 	 0.017404 
 2680000.000 	 0.982823 	 0.017217 
 2700000.000 	 0.983660 	 0.020920 
 2720000.000 	 0.985526 	 0.015915 
 2740000.000 	 0.980815 	 0.023398 
 2760000.000 	 0.975343 	 0.028388 
 2780000.000 	 0.982869 	 0.019094 
 2800000.000 	 0.984469 	 0.017859 
 2820000.000 	 0.979134 	 0.020664 
 2840000.000 	 0.983869 	 0.020911 
 2860000.000 	 0.981859 	 0.022859 
 2880000.000 	 0.983701 	 0.018269 
 2900000.000 	 0.982719 	 0.017703 
 2920000.000 	 0.980708 	 0.022565 
 2940000.000 	 0.975258 	 0.021053 
 2960000.000 	 0.978764 	 0.019894 
 2980000.000 	 0.977657 	 0.023831 
 3000000.000 	 0.984258 	 0.016626 
 3020000.000 	 0.977492 	 0.020529 
 3040000.000 	 0.981703 	 0.021859 
 3060000.000 	 0.984736 	 0.016071 
 3080000.000 	 0.978400 	 0.025262 
 3100000.000 	 0.980231 	 0.021799 
 3120000.000 	 0.985691 	 0.018562 
 3140000.000 	 0.983355 	 0.021675 
 3160000.000 	 0.984031 	 0.020513 
 3180000.000 	 0.987442 	 0.014634 
 3200000.000 	 0.982222 	 0.023519 
 3220000.000 	 0.983882 	 0.018277 
 3240000.000 	 0.986561 	 0.014734 
 3260000.000 	 0.985563 	 0.018304 
 3280000.000 	 0.986571 	 0.014568 
 3300000.000 	 0.983997 	 0.019485 
 3320000.000 	 0.986140 	 0.016793 
 3340000.000 	 0.986080 	 0.013186 
 3360000.000 	 0.978319 	 0.020698 
 3380000.000 	 0.985159 	 0.015826 
 3400000.000 	 0.980381 	 0.022449 
 3420000.000 	 0.986497 	 0.016451 
 3440000.000 	 0.980999 	 0.021483 
 3460000.000 	 0.979140 	 0.025988 
 3480000.000 	 0.980047 	 0.027708 
 3500000.000 	 0.979864 	 0.030151 
 3520000.000 	 0.982647 	 0.029333 
 3540000.000 	 0.987263 	 0.015715 
 3560000.000 	 0.986887 	 0.013375 
 3580000.000 	 0.986192 	 0.014679 
 3600000.000 	 0.984817 	 0.017647 
 3620000.000 	 0.983799 	 0.020784 
 3640000.000 	 0.983841 	 0.019540 
 3660000.000 	 0.984964 	 0.018405 
 3680000.000 	 0.989159 	 0.013474 
 3700000.000 	 0.987363 	 0.014288 
 3720000.000 	 0.984293 	 0.017173 
 3740000.000 	 0.987629 	 0.015603 
 3760000.000 	 0.987755 	 0.014372 
 3780000.000 	 0.985083 	 0.019566 
 3800000.000 	 0.986468 	 0.015827 
 3820000.000 	 0.987720 	 0.014131 
 3840000.000 	 0.989270 	 0.012834 
 3860000.000 	 0.984295 	 0.017580 
 3880000.000 	 0.982922 	 0.014023 
 3900000.000 	 0.982364 	 0.015612 
 3920000.000 	 0.983702 	 0.016508 
 3940000.000 	 0.984484 	 0.013084 
 3960000.000 	 0.982235 	 0.015441 
 3980000.000 	 0.983575 	 0.013396 
 4000000.000 	 0.984549 	 0.016435 
 4020000.000 	 0.987161 	 0.013747 
 4040000.000 	 0.987210 	 0.013986 
 4060000.000 	 0.989407 	 0.014355 
 4080000.000 	 0.985291 	 0.019040 
 4100000.000 	 0.985293 	 0.021674 
 4120000.000 	 0.988691 	 0.013380 
 4140000.000 	 0.987527 	 0.012931 
 4160000.000 	 0.990749 	 0.011316 
 4180000.000 	 0.985348 	 0.015581 
 4200000.000 	 0.990071 	 0.013182 
 4220000.000 	 0.989142 	 0.011955 
 4240000.000 	 0.987256 	 0.016688 
 4260000.000 	 0.987362 	 0.011797 
 4280000.000 	 0.983842 	 0.014053 
 4300000.000 	 0.979030 	 0.020357 
 4320000.000 	 0.985522 	 0.019137 
 4340000.000 	 0.991211 	 0.012250 
 4360000.000 	 0.981835 	 0.020847 
 4380000.000 	 0.988224 	 0.011731 
 4400000.000 	 0.988325 	 0.011967 
 4420000.000 	 0.985835 	 0.012428 
 4440000.000 	 0.988050 	 0.014180 
 4460000.000 	 0.983610 	 0.014314 
 4480000.000 	 0.978491 	 0.014178 
 4500000.000 	 0.987028 	 0.011827 
 4520000.000 	 0.985535 	 0.015853 
 4540000.000 	 0.988573 	 0.010689 
 4560000.000 	 0.986852 	 0.012953 
 4580000.000 	 0.986928 	 0.020451 
 4600000.000 	 0.986068 	 0.014207 
 4620000.000 	 0.988465 	 0.012767 
 4640000.000 	 0.986056 	 0.014831 
 4660000.000 	 0.988152 	 0.014776 
 4680000.000 	 0.989240 	 0.012246 
 4700000.000 	 0.983647 	 0.017147 
 4720000.000 	 0.988381 	 0.013395 
 4740000.000 	 0.985204 	 0.015618 
 4760000.000 	 0.989411 	 0.011155 
 4780000.000 	 0.988030 	 0.012867 
 4800000.000 	 0.990731 	 0.013287 
 4820000.000 	 0.985107 	 0.016073 
 4840000.000 	 0.990947 	 0.010238 
 4860000.000 	 0.987147 	 0.016256 
 4880000.000 	 0.988828 	 0.013766 
 4900000.000 	 0.985978 	 0.014999 
 4920000.000 	 0.985849 	 0.015448 
 4940000.000 	 0.988650 	 0.013167 
 4960000.000 	 0.986655 	 0.017842 
 4980000.000 	 0.987876 	 0.013318 
 5000000.000 	 0.987095 	 0.014132 
 5020000.000 	 0.983875 	 0.015435 
 5040000.000 	 0.982388 	 0.020877 
 5060000.000 	 0.988347 	 0.014266 
 5080000.000 	 0.985918 	 0.016137 
 5100000.000 	 0.983642 	 0.021667 
 5120000.000 	 0.989419 	 0.013122 
 5140000.000 	 0.987185 	 0.014615 
 5160000.000 	 0.984854 	 0.017161 
 5180000.000 	 0.985311 	 0.015260 
 5200000.000 	 0.987396 	 0.011303 
 5220000.000 	 0.990882 	 0.009031 
 5240000.000 	 0.983354 	 0.012957 
 5260000.000 	 0.984688 	 0.017222 
 5280000.000 	 0.980755 	 0.022805 
 5300000.000 	 0.986161 	 0.020260 
 5320000.000 	 0.987918 	 0.012177 
 5340000.000 	 0.988847 	 0.009244 
 5360000.000 	 0.987891 	 0.009692 
 5380000.000 	 0.979609 	 0.019348 
 5400000.000 	 0.985607 	 0.017193 
 5420000.000 	 0.977552 	 0.017024 
 5440000.000 	 0.985448 	 0.015926 
 5460000.000 	 0.985441 	 0.015355 
 5480000.000 	 0.985917 	 0.019042 
 5500000.000 	 0.988875 	 0.013915 
 5520000.000 	 0.985671 	 0.014706 
 5540000.000 	 0.987759 	 0.012585 
 5560000.000 	 0.991476 	 0.011056 
 5580000.000 	 0.980423 	 0.016766 
 5600000.000 	 0.982802 	 0.014930 
 5620000.000 	 0.986291 	 0.022078 
 5640000.000 	 0.993122 	 0.007080 
 5660000.000 	 0.988616 	 0.017078 
 5680000.000 	 0.986441 	 0.014560 
 5700000.000 	 0.989241 	 0.013540 
 5720000.000 	 0.991321 	 0.013723 
 5740000.000 	 0.989579 	 0.013631 
 5760000.000 	 0.988917 	 0.016248 
 5780000.000 	 0.989627 	 0.013113 
 5800000.000 	 0.987901 	 0.011256 
 5820000.000 	 0.988374 	 0.017746 
 5840000.000 	 0.988980 	 0.016694 
 5860000.000 	 0.984540 	 0.011394 
 5880000.000 	 0.988715 	 0.011227 
 5900000.000 	 0.986931 	 0.013774 
 5920000.000 	 0.987318 	 0.014597 
 5940000.000 	 0.987387 	 0.012772 
 5960000.000 	 0.990859 	 0.009856 
 5980000.000 	 0.991717 	 0.009968 
 6000000.000 	 0.991037 	 0.009820 
 6020000.000 	 0.989741 	 0.008723 
 6040000.000 	 0.990869 	 0.010943 
 6060000.000 	 0.989968 	 0.012247 
 6080000.000 	 0.985524 	 0.016932 
 6100000.000 	 0.993454 	 0.008642 
 6120000.000 	 0.988128 	 0.016134 
 6140000.000 	 0.985030 	 0.012594 
 6160000.000 	 0.990446 	 0.009986 
 6180000.000 	 0.993850 	 0.006699 
 6200000.000 	 0.989912 	 0.007768 
 6220000.000 	 0.990026 	 0.011197 
 6240000.000 	 0.988927 	 0.012900 
 6260000.000 	 0.987991 	 0.010829 
 6280000.000 	 0.989861 	 0.009847 
 6300000.000 	 0.989995 	 0.012870 
 6320000.000 	 0.988774 	 0.010608 
 6340000.000 	 0.991848 	 0.009982 
 6360000.000 	 0.989075 	 0.012076 
 6380000.000 	 0.988567 	 0.009139 
 6400000.000 	 0.989368 	 0.011923 
 6420000.000 	 0.993548 	 0.008412 
 6440000.000 	 0.992118 	 0.010408 
 6460000.000 	 0.990863 	 0.016323 
 6480000.000 	 0.991160 	 0.011717 
 6500000.000 	 0.991540 	 0.009156 
 6520000.000 	 0.989314 	 0.014373 
 6540000.000 	 0.990647 	 0.011676 
 6560000.000 	 0.986427 	 0.016049 
 6580000.000 	 0.985118 	 0.017494 
 6600000.000 	 0.991880 	 0.011192 
 6620000.000 	 0.987133 	 0.012046 
 6640000.000 	 0.989732 	 0.008682 
 6660000.000 	 0.987974 	 0.015030 
 6680000.000 	 0.989785 	 0.010131 
 6700000.000 	 0.991172 	 0.008215 
 6720000.000 	 0.990243 	 0.010466 
 6740000.000 	 0.991786 	 0.009760 
 6760000.000 	 0.988272 	 0.015614 
 6780000.000 	 0.989932 	 0.010195 
 6800000.000 	 0.986485 	 0.020428 
 6820000.000 	 0.987562 	 0.010920 
 6840000.000 	 0.990812 	 0.009780 
 6860000.000 	 0.988155 	 0.015587 
 6880000.000 	 0.989645 	 0.014951 
 6900000.000 	 0.989803 	 0.011240 
 6920000.000 	 0.988800 	 0.011321 
 6940000.000 	 0.987029 	 0.013828 
 6960000.000 	 0.990835 	 0.007059 
 6980000.000 	 0.987899 	 0.011063 
 7000000.000 	 0.992260 	 0.009665 
 7020000.000 	 0.993207 	 0.009666 
 7040000.000 	 0.992590 	 0.010441 
 7060000.000 	 0.988365 	 0.016544 
 7080000.000 	 0.990995 	 0.011994 
 7100000.000 	 0.992491 	 0.009168 
 7120000.000 	 0.987998 	 0.009311 
 7140000.000 	 0.992570 	 0.007631 
 7160000.000 	 0.987792 	 0.011943 
 7180000.000 	 0.991315 	 0.009037 
 7200000.000 	 0.992027 	 0.009304 
 7220000.000 	 0.992321 	 0.008160 
 7240000.000 	 0.991608 	 0.011757 
 7260000.000 	 0.987961 	 0.012592 
 7280000.000 	 0.991421 	 0.009413 
 7300000.000 	 0.989964 	 0.013857 
 7320000.000 	 0.989268 	 0.015215 
 7340000.000 	 0.989099 	 0.009964 
 7360000.000 	 0.991284 	 0.009679 
 7380000.000 	 0.989317 	 0.010625 
 7400000.000 	 0.988626 	 0.012404 
 7420000.000 	 0.987682 	 0.015428 
 7440000.000 	 0.986911 	 0.016701 
 7460000.000 	 0.991794 	 0.013667 
 7480000.000 	 0.989503 	 0.009593 
 7500000.000 	 0.987709 	 0.011784 
 7520000.000 	 0.989439 	 0.012640 
 7540000.000 	 0.988224 	 0.013471 
 7560000.000 	 0.988117 	 0.014053 
 7580000.000 	 0.989934 	 0.012098 
 7600000.000 	 0.984457 	 0.013078 
 7620000.000 	 0.992644 	 0.009633 
 7640000.000 	 0.992730 	 0.010664 
 7660000.000 	 0.994109 	 0.007702 
 7680000.000 	 0.993403 	 0.011457 
 7700000.000 	 0.991647 	 0.011712 
 7720000.000 	 0.995083 	 0.005717 
 7740000.000 	 0.991264 	 0.010680 
 7760000.000 	 0.990927 	 0.011580 
 7780000.000 	 0.991193 	 0.008546 
 7800000.000 	 0.987838 	 0.018181 
 7820000.000 	 0.992173 	 0.008918 
 7840000.000 	 0.993210 	 0.009202 
 7860000.000 	 0.992997 	 0.009162 
 7880000.000 	 0.992185 	 0.008923 
 7900000.000 	 0.990252 	 0.019373 
 7920000.000 	 0.988078 	 0.015488 
 7940000.000 	 0.991864 	 0.010503 
 7960000.000 	 0.984653 	 0.013299 
 7980000.000 	 0.990988 	 0.009634 
 8000000.000 	 0.989415 	 0.007816 
 8020000.000 	 0.989727 	 0.011738 
 8040000.000 	 0.993962 	 0.004396 
 8060000.000 	 0.991435 	 0.014514 
 8080000.000 	 0.990435 	 0.011137 
 8100000.000 	 0.988899 	 0.010691 
 8120000.000 	 0.989798 	 0.010769 
 8140000.000 	 0.988779 	 0.010485 
 8160000.000 	 0.989143 	 0.012049 
 8180000.000 	 0.990334 	 0.013574 
 8200000.000 	 0.991987 	 0.010661 
 8220000.000 	 0.991981 	 0.009766 
 8240000.000 	 0.989098 	 0.011362 
 8260000.000 	 0.991873 	 0.010870 
 8280000.000 	 0.989048 	 0.012035 
 8300000.000 	 0.989088 	 0.011385 
 8320000.000 	 0.980517 	 0.017283 
 8340000.000 	 0.990145 	 0.009751 
 8360000.000 	 0.985224 	 0.015799 
 8380000.000 	 0.985479 	 0.018684 
 8400000.000 	 0.990655 	 0.009580 
 8420000.000 	 0.989282 	 0.014512 
 8440000.000 	 0.984247 	 0.010488 
 8460000.000 	 0.982610 	 0.014153 
 8480000.000 	 0.989444 	 0.012244 
 8500000.000 	 0.994680 	 0.007576 
 8520000.000 	 0.991360 	 0.010109 
 8540000.000 	 0.989853 	 0.012367 
 8560000.000 	 0.995415 	 0.004868 
 8580000.000 	 0.991776 	 0.012198 
 8600000.000 	 0.992726 	 0.007548 
 8620000.000 	 0.992385 	 0.011736 
 8640000.000 	 0.992524 	 0.011600 
 8660000.000 	 0.989611 	 0.012245 
 8680000.000 	 0.988643 	 0.011225 
 8700000.000 	 0.983734 	 0.019395 
 8720000.000 	 0.992659 	 0.010218 
 8740000.000 	 0.990580 	 0.010712 
 8760000.000 	 0.989970 	 0.012526 
 8780000.000 	 0.989707 	 0.009654 
 8800000.000 	 0.991439 	 0.016489 
 8820000.000 	 0.993129 	 0.007392 
 8840000.000 	 0.990052 	 0.013929 
 8860000.000 	 0.991130 	 0.008931 
 8880000.000 	 0.991774 	 0.008995 
 8900000.000 	 0.986472 	 0.014222 
 8920000.000 	 0.991980 	 0.012875 
 8940000.000 	 0.993605 	 0.005856 
 8960000.000 	 0.991737 	 0.010432 
 8980000.000 	 0.992388 	 0.009887 
 9000000.000 	 0.990967 	 0.007700 
 9020000.000 	 0.991241 	 0.009022 
 9040000.000 	 0.987546 	 0.012619 
 9060000.000 	 0.990330 	 0.014221 
 9080000.000 	 0.985011 	 0.020348 
 9100000.000 	 0.985672 	 0.015792 
 9120000.000 	 0.988938 	 0.017207 
 9140000.000 	 0.993824 	 0.007200 
 9160000.000 	 0.990121 	 0.008830 
 9180000.000 	 0.990494 	 0.007885 
 9200000.000 	 0.987072 	 0.006969 
 9220000.000 	 0.988775 	 0.008691 
 9240000.000 	 0.989699 	 0.008547 
 9260000.000 	 0.991650 	 0.009323 
 9280000.000 	 0.992581 	 0.008421 
 9300000.000 	 0.992731 	 0.010143 
 9320000.000 	 0.994022 	 0.007719 
 9340000.000 	 0.993862 	 0.008475 
 9360000.000 	 0.994556 	 0.006921 
 9380000.000 	 0.989840 	 0.008782 
 9400000.000 	 0.991966 	 0.007638 
 9420000.000 	 0.987793 	 0.013824 
 9440000.000 	 0.991312 	 0.008283 
 9460000.000 	 0.993136 	 0.009863 
 9480000.000 	 0.990779 	 0.010120 
 9500000.000 	 0.990364 	 0.016514 
 9520000.000 	 0.989221 	 0.012634 
 9540000.000 	 0.990586 	 0.009793 
 9560000.000 	 0.989859 	 0.010117 
 9580000.000 	 0.991477 	 0.007718 
 9600000.000 	 0.992692 	 0.006933 
 9620000.000 	 0.989731 	 0.009724 
 9640000.000 	 0.993101 	 0.006470 
 9660000.000 	 0.988883 	 0.012645 
 9680000.000 	 0.994469 	 0.007125 
 9700000.000 	 0.992828 	 0.010378 
 9720000.000 	 0.996449 	 0.003877 
 9740000.000 	 0.993656 	 0.005286 
 9760000.000 	 0.986280 	 0.011017 
 9780000.000 	 0.992358 	 0.007742 
 9800000.000 	 0.993508 	 0.006577 
 9820000.000 	 0.994679 	 0.004925 
 9840000.000 	 0.990945 	 0.007759 
 9860000.000 	 0.994265 	 0.006495 
 9880000.000 	 0.992505 	 0.007355 
 9900000.000 	 0.991353 	 0.009923 
 9920000.000 	 0.991533 	 0.007691 
 9940000.000 	 0.992316 	 0.009192 
 9960000.000 	 0.993923 	 0.009447 
 9980000.000 	 0.992745 	 0.009250 
10000000.000 	 0.992174 	 0.010438 
10020000.000 	 0.991151 	 0.010594 
10040000.000 	 0.990734 	 0.005485 
10060000.000 	 0.995019 	 0.008054 
10080000.000 	 0.991824 	 0.007855 
10100000.000 	 0.991856 	 0.010363 
10120000.000 	 0.991052 	 0.008111 
10140000.000 	 0.991025 	 0.010462 
10160000.000 	 0.991490 	 0.013188 
10180000.000 	 0.993813 	 0.006284 
10200000.000 	 0.989665 	 0.009223 
10220000.000 	 0.994335 	 0.006734 
10240000.000 	 0.989350 	 0.010873 
10260000.000 	 0.990645 	 0.009334 
10280000.000 	 0.990722 	 0.013231 
10300000.000 	 0.994995 	 0.004477 
10320000.000 	 0.994082 	 0.007919 
10340000.000 	 0.989785 	 0.009905 
10360000.000 	 0.995036 	 0.004678 
10380000.000 	 0.988277 	 0.013593 
10400000.000 	 0.984623 	 0.016049 
10420000.000 	 0.988826 	 0.012630 
10440000.000 	 0.991137 	 0.009398 
10460000.000 	 0.988187 	 0.014098 
10480000.000 	 0.993099 	 0.006732 
10500000.000 	 0.993371 	 0.008389 
10520000.000 	 0.993605 	 0.006435 
10540000.000 	 0.994783 	 0.009450 
10560000.000 	 0.994745 	 0.005180 
10580000.000 	 0.993008 	 0.006686 
10600000.000 	 0.993449 	 0.005676 
10620000.000 	 0.994595 	 0.004828 
10640000.000 	 0.994015 	 0.006618 
10660000.000 	 0.991282 	 0.009778 
10680000.000 	 0.990925 	 0.008427 
10700000.000 	 0.990384 	 0.010126 
10720000.000 	 0.993666 	 0.008050 
10740000.000 	 0.990801 	 0.007785 
10760000.000 	 0.993219 	 0.007542 
10780000.000 	 0.991030 	 0.009677 
10800000.000 	 0.991602 	 0.008065 
10820000.000 	 0.990293 	 0.016601 
10840000.000 	 0.989798 	 0.011914 
10860000.000 	 0.990460 	 0.014216 
10880000.000 	 0.990446 	 0.008379 
10900000.000 	 0.993907 	 0.005305 
10920000.000 	 0.992438 	 0.011292 
10940000.000 	 0.992522 	 0.006895 
10960000.000 	 0.993723 	 0.007527 
10980000.000 	 0.991813 	 0.012269 
11000000.000 	 0.994586 	 0.008007 
11020000.000 	 0.994358 	 0.010546 
11040000.000 	 0.993035 	 0.008911 
11060000.000 	 0.995892 	 0.005632 
11080000.000 	 0.992587 	 0.009808 
11100000.000 	 0.992623 	 0.009979 
11120000.000 	 0.992979 	 0.008819 
11140000.000 	 0.988653 	 0.011289 
11160000.000 	 0.993911 	 0.006020 
11180000.000 	 0.988691 	 0.012259 
11200000.000 	 0.991235 	 0.011844 
11220000.000 	 0.990784 	 0.011358 
11240000.000 	 0.991392 	 0.011055 
11260000.000 	 0.987742 	 0.015634 
11280000.000 	 0.987743 	 0.015949 
11300000.000 	 0.992440 	 0.006889 
11320000.000 	 0.990833 	 0.008205 
11340000.000 	 0.994283 	 0.009460 
11360000.000 	 0.994326 	 0.010112 
11380000.000 	 0.991765 	 0.007705 
11400000.000 	 0.989136 	 0.011450 
11420000.000 	 0.988510 	 0.009666 
11440000.000 	 0.988487 	 0.013265 
11460000.000 	 0.991278 	 0.009740 
11480000.000 	 0.991561 	 0.007719 
11500000.000 	 0.992805 	 0.005510 
11520000.000 	 0.993383 	 0.007486 
11540000.000 	 0.994934 	 0.006393 
11560000.000 	 0.993116 	 0.007805 
11580000.000 	 0.994482 	 0.007972 
11600000.000 	 0.992089 	 0.010058 
11620000.000 	 0.994599 	 0.007119 
11640000.000 	 0.993634 	 0.011505 
11660000.000 	 0.993998 	 0.005075 
11680000.000 	 0.995089 	 0.005890 
11700000.000 	 0.993663 	 0.007134 
11720000.000 	 0.992309 	 0.013547 
11740000.000 	 0.988578 	 0.014732 
11760000.000 	 0.992494 	 0.009827 
11780000.000 	 0.993294 	 0.008089 
11800000.000 	 0.986399 	 0.010595 
11820000.000 	 0.990724 	 0.008383 
11840000.000 	 0.992815 	 0.006506 
11860000.000 	 0.992174 	 0.007708 
11880000.000 	 0.988742 	 0.008148 
11900000.000 	 0.988477 	 0.008136 
11920000.000 	 0.990983 	 0.012133 
11940000.000 	 0.990373 	 0.007990 
11960000.000 	 0.989295 	 0.009852 
11980000.000 	 0.991983 	 0.009330 
12000000.000 	 0.989858 	 0.010098 
12020000.000 	 0.995779 	 0.005040 
12040000.000 	 0.988159 	 0.010098 
12060000.000 	 0.988184 	 0.014741 
12080000.000 	 0.993944 	 0.006795 
12100000.000 	 0.990062 	 0.010117 
12120000.000 	 0.989110 	 0.008686 
12140000.000 	 0.986954 	 0.010299 
12160000.000 	 0.989994 	 0.009918 
12180000.000 	 0.987977 	 0.015199 
12200000.000 	 0.990614 	 0.012783 
12220000.000 	 0.990844 	 0.006887 
12240000.000 	 0.992661 	 0.008855 
12260000.000 	 0.992679 	 0.006128 
12280000.000 	 0.991180 	 0.006909 
12300000.000 	 0.988298 	 0.012940 
12320000.000 	 0.990820 	 0.011318 
12340000.000 	 0.986400 	 0.009115 
12360000.000 	 0.990828 	 0.007049 
12380000.000 	 0.986231 	 0.013119 
12400000.000 	 0.995092 	 0.006502 
12420000.000 	 0.994297 	 0.006550 
12440000.000 	 0.993266 	 0.006922 
12460000.000 	 0.990331 	 0.008388 
12480000.000 	 0.993828 	 0.009846 
12500000.000 	 0.992331 	 0.009865 
12520000.000 	 0.990684 	 0.010442 
12540000.000 	 0.989216 	 0.013023 
12560000.000 	 0.994955 	 0.004751 
12580000.000 	 0.992894 	 0.006187 
12600000.000 	 0.994602 	 0.007060 
12620000.000 	 0.993878 	 0.006339 
12640000.000 	 0.987481 	 0.011310 
12660000.000 	 0.994923 	 0.004740 
12680000.000 	 0.991813 	 0.009602 
12700000.000 	 0.995907 	 0.005251 
12720000.000 	 0.995040 	 0.003898 
12740000.000 	 0.995704 	 0.004602 
12760000.000 	 0.995261 	 0.004212 
12780000.000 	 0.995116 	 0.006440 
12800000.000 	 0.993105 	 0.009923 
12820000.000 	 0.995139 	 0.004560 
12840000.000 	 0.996036 	 0.004220 
12860000.000 	 0.991155 	 0.008586 
12880000.000 	 0.989749 	 0.011033 
12900000.000 	 0.989749 	 0.010212 
12920000.000 	 0.988459 	 0.008597 
12940000.000 	 0.991482 	 0.007704 
12960000.000 	 0.991860 	 0.006365 
12980000.000 	 0.992891 	 0.004429 
13000000.000 	 0.988287 	 0.011529 
13020000.000 	 0.991014 	 0.006686 
13040000.000 	 0.993867 	 0.004932 
13060000.000 	 0.994753 	 0.004895 
13080000.000 	 0.989442 	 0.008286 
13100000.000 	 0.990729 	 0.006910 
13120000.000 	 0.993073 	 0.005934 
13140000.000 	 0.994606 	 0.005165 
13160000.000 	 0.992141 	 0.006902 
13180000.000 	 0.990835 	 0.008031 
13200000.000 	 0.993367 	 0.007613 
13220000.000 	 0.988705 	 0.007610 
13240000.000 	 0.994984 	 0.004591 
13260000.000 	 0.994629 	 0.004865 
13280000.000 	 0.995260 	 0.006512 
13300000.000 	 0.995921 	 0.004310 
13320000.000 	 0.994025 	 0.006137 
13340000.000 	 0.991203 	 0.006595 
13360000.000 	 0.995132 	 0.007212 
13380000.000 	 0.994844 	 0.006578 
13400000.000 	 0.994885 	 0.006336 
13420000.000 	 0.990262 	 0.007622 
13440000.000 	 0.993644 	 0.006678 
13460000.000 	 0.992165 	 0.007884 
13480000.000 	 0.989360 	 0.009089 
13500000.000 	 0.993928 	 0.006402 
13520000.000 	 0.983854 	 0.010367 
13540000.000 	 0.990340 	 0.009613 
13560000.000 	 0.994025 	 0.005460 
13580000.000 	 0.993458 	 0.005334 
13600000.000 	 0.995135 	 0.004831 
13620000.000 	 0.995999 	 0.005236 
13640000.000 	 0.996128 	 0.004564 
13660000.000 	 0.994614 	 0.006289 
13680000.000 	 0.993773 	 0.004377 
13700000.000 	 0.995082 	 0.004759 
13720000.000 	 0.993461 	 0.007323 
13740000.000 	 0.991783 	 0.006950 
13760000.000 	 0.988730 	 0.010381 
13780000.000 	 0.993769 	 0.005473 
13800000.000 	 0.990497 	 0.008654 
13820000.000 	 0.993929 	 0.005299 
13840000.000 	 0.993992 	 0.005762 
13860000.000 	 0.991844 	 0.006404 
13880000.000 	 0.994902 	 0.005820 
13900000.000 	 0.993446 	 0.007185 
13920000.000 	 0.994218 	 0.005157 
13940000.000 	 0.993468 	 0.005590 
13960000.000 	 0.994350 	 0.009096 
13980000.000 	 0.994345 	 0.006318 
14000000.000 	 0.993506 	 0.006644 
14020000.000 	 0.990716 	 0.011507 
14040000.000 	 0.992247 	 0.006442 
14060000.000 	 0.989711 	 0.008138 
14080000.000 	 0.991421 	 0.011000 
14100000.000 	 0.989064 	 0.011543 
14120000.000 	 0.991348 	 0.009359 
14140000.000 	 0.994205 	 0.003861 
14160000.000 	 0.991499 	 0.008185 
14180000.000 	 0.992064 	 0.009600 
14200000.000 	 0.994386 	 0.004983 
14220000.000 	 0.993666 	 0.008775 
14240000.000 	 0.995253 	 0.007280 
14260000.000 	 0.993954 	 0.005660 
14280000.000 	 0.989252 	 0.006993 
14300000.000 	 0.996080 	 0.003186 
14320000.000 	 0.992610 	 0.008757 
14340000.000 	 0.993088 	 0.005482 
14360000.000 	 0.990094 	 0.011203 
14380000.000 	 0.989487 	 0.009154 
14400000.000 	 0.991105 	 0.010916 
