       0.000 	 0.937512 	 0.041119 
   20000.000 	 0.943010 	 0.043943 
   40000.000 	 0.929392 	 0.043547 
   60000.000 	 0.940201 	 0.040988 
   80000.000 	 0.936763 	 0.045600 
  100000.000 	 0.929689 	 0.046744 
  120000.000 	 0.944959 	 0.039177 
  140000.000 	 0.943766 	 0.043387 
  160000.000 	 0.943184 	 0.053170 
  180000.000 	 0.943297 	 0.036890 
  200000.000 	 0.945489 	 0.039924 
  220000.000 	 0.944018 	 0.045273 
  240000.000 	 0.942328 	 0.040438 
  260000.000 	 0.943190 	 0.042933 
  280000.000 	 0.947097 	 0.041890 
  300000.000 	 0.939801 	 0.049701 
  320000.000 	 0.939693 	 0.053277 
  340000.000 	 0.943369 	 0.046836 
  360000.000 	 0.945295 	 0.040498 
  380000.000 	 0.941025 	 0.043799 
  400000.000 	 0.952377 	 0.038258 
  420000.000 	 0.948878 	 0.051609 
  440000.000 	 0.952550 	 0.043849 
  460000.000 	 0.945980 	 0.047139 
  480000.000 	 0.956799 	 0.039154 
  500000.000 	 0.950386 	 0.037938 
  520000.000 	 0.949119 	 0.042383 
  540000.000 	 0.952481 	 0.042608 
  560000.000 	 0.951651 	 0.035804 
  580000.000 	 0.960507 	 0.034995 
  600000.000 	 0.962111 	 0.033929 
  620000.000 	 0.956453 	 0.036505 
  640000.000 	 0.955183 	 0.047148 
  660000.000 	 0.961905 	 0.034985 
  680000.000 	 0.952468 	 0.040777 
  700000.000 	 0.963015 	 0.029731 
  720000.000 	 0.958354 	 0.035360 
  740000.000 	 0.962741 	 0.032205 
  760000.000 	 0.962063 	 0.035052 
  780000.000 	 0.959463 	 0.036576 
  800000.000 	 0.958378 	 0.041539 
  820000.000 	 0.964192 	 0.032054 
  840000.000 	 0.965832 	 0.033727 
  860000.000 	 0.967291 	 0.029074 
  880000.000 	 0.968608 	 0.035199 
  900000.000 	 0.967178 	 0.034529 
  920000.000 	 0.968710 	 0.033621 
  940000.000 	 0.963318 	 0.040698 
  960000.000 	 0.968114 	 0.028376 
  980000.000 	 0.965932 	 0.038381 
 1000000.000 	 0.962019 	 0.037977 
 1020000.000 	 0.964401 	 0.035551 
 1040000.000 	 0.971951 	 0.033952 
 1060000.000 	 0.958377 	 0.038949 
 1080000.000 	 0.964185 	 0.036264 
 1100000.000 	 0.963602 	 0.036894 
 1120000.000 	 0.975445 	 0.029335 
 1140000.000 	 0.968210 	 0.033616 
 1160000.000 	 0.969590 	 0.031738 
 1180000.000 	 0.973212 	 0.028732 
 1200000.000 	 0.970607 	 0.029968 
 1220000.000 	 0.972872 	 0.028107 
 1240000.000 	 0.971307 	 0.024395 
 1260000.000 	 0.970341 	 0.029140 
 1280000.000 	 0.966360 	 0.037358 
 1300000.000 	 0.972607 	 0.030560 
 1320000.000 	 0.970079 	 0.036311 
 1340000.000 	 0.974491 	 0.031255 
 1360000.000 	 0.973244 	 0.029408 
 1380000.000 	 0.972748 	 0.027438 
 1400000.000 	 0.973542 	 0.027874 
 1420000.000 	 0.977688 	 0.032844 
 1440000.000 	 0.973407 	 0.033886 
 1460000.000 	 0.968154 	 0.034906 
 1480000.000 	 0.978173 	 0.023428 
 1500000.000 	 0.972926 	 0.036017 
 1520000.000 	 0.974630 	 0.029521 
 1540000.000 	 0.980896 	 0.019694 
 1560000.000 	 0.972455 	 0.029617 
 1580000.000 	 0.976713 	 0.025842 
 1600000.000 	 0.975222 	 0.028226 
 1620000.000 	 0.978709 	 0.024659 
 1640000.000 	 0.970049 	 0.033053 
 1660000.000 	 0.968399 	 0.037421 
 1680000.000 	 0.976201 	 0.031478 
 1700000.000 	 0.978708 	 0.022890 
 1720000.000 	 0.976242 	 0.027240 
 1740000.000 	 0.971698 	 0.030965 
 1760000.000 	 0.977882 	 0.029334 
 1780000.000 	 0.976419 	 0.027607 
 1800000.000 	 0.980146 	 0.029810 
 1820000.000 	 0.977392 	 0.024224 
 1840000.000 	 0.978179 	 0.028550 
 1860000.000 	 0.980124 	 0.029584 
 1880000.000 	 0.980615 	 0.024603 
 1900000.000 	 0.974503 	 0.030479 
 1920000.000 	 0.975170 	 0.032733 
 1940000.000 	 0.979394 	 0.018875 
 1960000.000 	 0.979687 	 0.025619 
 1980000.000 	 0.980772 	 0.021360 
 2000000.000 	 0.971286 	 0.033795 
 2020000.000 	 0.981844 	 0.024746 
 2040000.000 	 0.978657 	 0.022553 
 2060000.000 	 0.977178 	 0.027427 
 2080000.000 	 0.985177 	 0.018606 
 2100000.000 	 0.977451 	 0.023190 
 2120000.000 	 0.977523 	 0.028392 
 2140000.000 	 0.978000 	 0.028578 
 2160000.000 	 0.980077 	 0.024398 
 2180000.000 	 0.975117 	 0.029395 
 2200000.000 	 0.981745 	 0.024336 
 2220000.000 	 0.978111 	 0.033168 
 2240000.000 	 0.982395 	 0.022588 
 2260000.000 	 0.974000 	 0.023908 
 2280000.000 	 0.976577 	 0.026989 
 2300000.000 	 0.981221 	 0.024586 
 2320000.000 	 0.980235 	 0.026359 
 2340000.000 	 0.980731 	 0.025869 
 2360000.000 	 0.978480 	 0.025995 
 2380000.000 	 0.982158 	 0.025191 
 2400000.000 	 0.984043 	 0.027276 
 2420000.000 	 0.980661 	 0.024987 
 2440000.000 	 0.985490 	 0.020241 
 2460000.000 	 0.985761 	 0.020184 
 2480000.000 	 0.983326 	 0.024342 
 2500000.000 	 0.980485 	 0.021670 
 2520000.000 	 0.979911 	 0.027175 
 2540000.000 	 0.981307 	 0.025737 
 2560000.000 	 0.977639 	 0.028746 
 2580000.000 	 0.976500 	 0.032440 
 2600000.000 	 0.981874 	 0.023660 
 2620000.000 	 0.982205 	 0.027194 
 2640000.000 	 0.981539 	 0.022888 
 2660000.000 	 0.982216 	 0.025943 
 2680000.000 	 0.984241 	 0.018834 
 2700000.000 	 0.987754 	 0.019005 
 2720000.000 	 0.984470 	 0.022278 
 2740000.000 	 0.987570 	 0.018381 
 2760000.000 	 0.986054 	 0.021322 
 2780000.000 	 0.985251 	 0.019053 
 2800000.000 	 0.984084 	 0.024222 
 2820000.000 	 0.985272 	 0.019084 
 2840000.000 	 0.979270 	 0.023225 
 2860000.000 	 0.983854 	 0.023863 
 2880000.000 	 0.983033 	 0.024408 
 2900000.000 	 0.975223 	 0.030106 
 2920000.000 	 0.984495 	 0.024623 
 2940000.000 	 0.986522 	 0.017495 
 2960000.000 	 0.983730 	 0.020293 
 2980000.000 	 0.982746 	 0.018352 
 3000000.000 	 0.980433 	 0.018092 
 3020000.000 	 0.981965 	 0.022424 
 3040000.000 	 0.981109 	 0.031526 
 3060000.000 	 0.984521 	 0.020044 
 3080000.000 	 0.988138 	 0.014790 
 3100000.000 	 0.989072 	 0.018320 
 3120000.000 	 0.983879 	 0.025458 
 3140000.000 	 0.981950 	 0.030043 
 3160000.000 	 0.983668 	 0.022304 
 3180000.000 	 0.987501 	 0.016171 
 3200000.000 	 0.985862 	 0.019431 
 3220000.000 	 0.984419 	 0.019453 
 3240000.000 	 0.986227 	 0.021903 
 3260000.000 	 0.990268 	 0.019570 
 3280000.000 	 0.985667 	 0.022663 
 3300000.000 	 0.981047 	 0.026150 
 3320000.000 	 0.982861 	 0.020815 
 3340000.000 	 0.987818 	 0.013518 
 3360000.000 	 0.987333 	 0.020143 
 3380000.000 	 0.986621 	 0.019609 
 3400000.000 	 0.986772 	 0.021186 
 3420000.000 	 0.985805 	 0.023962 
 3440000.000 	 0.985057 	 0.025095 
 3460000.000 	 0.982825 	 0.023915 
 3480000.000 	 0.986021 	 0.016624 
 3500000.000 	 0.985613 	 0.019199 
 3520000.000 	 0.983762 	 0.020328 
 3540000.000 	 0.984491 	 0.017087 
 3560000.000 	 0.983544 	 0.020654 
 3580000.000 	 0.987899 	 0.015417 
 3600000.000 	 0.983996 	 0.020693 
 3620000.000 	 0.982373 	 0.020483 
 3640000.000 	 0.991715 	 0.014322 
 3660000.000 	 0.984136 	 0.023173 
 3680000.000 	 0.988469 	 0.018148 
 3700000.000 	 0.988692 	 0.018897 
 3720000.000 	 0.982081 	 0.026804 
 3740000.000 	 0.984797 	 0.019222 
 3760000.000 	 0.988716 	 0.017915 
 3780000.000 	 0.986185 	 0.020375 
 3800000.000 	 0.989260 	 0.015147 
 3820000.000 	 0.983240 	 0.018991 
 3840000.000 	 0.983443 	 0.019699 
 3860000.000 	 0.984920 	 0.021037 
 3880000.000 	 0.983652 	 0.028272 
 3900000.000 	 0.984371 	 0.024366 
 3920000.000 	 0.985929 	 0.022879 
 3940000.000 	 0.986765 	 0.022378 
 3960000.000 	 0.988898 	 0.017147 
 3980000.000 	 0.988373 	 0.015902 
 4000000.000 	 0.991066 	 0.014779 
 4020000.000 	 0.987207 	 0.014821 
 4040000.000 	 0.987397 	 0.015236 
 4060000.000 	 0.989693 	 0.014535 
 4080000.000 	 0.987493 	 0.021378 
 4100000.000 	 0.987028 	 0.015159 
 4120000.000 	 0.990348 	 0.010858 
 4140000.000 	 0.987981 	 0.014270 
 4160000.000 	 0.989169 	 0.020836 
 4180000.000 	 0.991265 	 0.011401 
 4200000.000 	 0.989627 	 0.019972 
 4220000.000 	 0.989518 	 0.012427 
 4240000.000 	 0.988579 	 0.017595 
 4260000.000 	 0.987869 	 0.024977 
 4280000.000 	 0.983895 	 0.022104 
 4300000.000 	 0.989536 	 0.013550 
 4320000.000 	 0.991942 	 0.010696 
 4340000.000 	 0.987300 	 0.014769 
 4360000.000 	 0.990485 	 0.013683 
 4380000.000 	 0.991400 	 0.012863 
 4400000.000 	 0.988547 	 0.018876 
 4420000.000 	 0.989285 	 0.015392 
 4440000.000 	 0.989398 	 0.016184 
 4460000.000 	 0.989714 	 0.023126 
 4480000.000 	 0.988043 	 0.012294 
 4500000.000 	 0.985801 	 0.015681 
 4520000.000 	 0.991777 	 0.009766 
 4540000.000 	 0.985695 	 0.016336 
 4560000.000 	 0.987850 	 0.013382 
 4580000.000 	 0.992121 	 0.008697 
 4600000.000 	 0.991033 	 0.016045 
 4620000.000 	 0.988052 	 0.020089 
 4640000.000 	 0.992596 	 0.009978 
 4660000.000 	 0.987817 	 0.018628 
 4680000.000 	 0.986225 	 0.019709 
 4700000.000 	 0.987829 	 0.014481 
 4720000.000 	 0.986888 	 0.018548 
 4740000.000 	 0.988834 	 0.013381 
 4760000.000 	 0.988756 	 0.019631 
 4780000.000 	 0.988156 	 0.025855 
 4800000.000 	 0.985710 	 0.019119 
 4820000.000 	 0.987298 	 0.019701 
 4840000.000 	 0.987212 	 0.014232 
 4860000.000 	 0.987488 	 0.018831 
 4880000.000 	 0.987846 	 0.017966 
 4900000.000 	 0.984918 	 0.020043 
 4920000.000 	 0.988106 	 0.015265 
 4940000.000 	 0.988829 	 0.014630 
 4960000.000 	 0.985661 	 0.014082 
 4980000.000 	 0.982880 	 0.018503 
 5000000.000 	 0.988921 	 0.012876 
 5020000.000 	 0.990028 	 0.013737 
 5040000.000 	 0.985256 	 0.012692 
 5060000.000 	 0.987905 	 0.015320 
 5080000.000 	 0.987950 	 0.016801 
 5100000.000 	 0.987909 	 0.015979 
 5120000.000 	 0.989176 	 0.013056 
 5140000.000 	 0.987013 	 0.017985 
 5160000.000 	 0.989474 	 0.022812 
 5180000.000 	 0.993168 	 0.011941 
 5200000.000 	 0.988375 	 0.014271 
 5220000.000 	 0.992773 	 0.011962 
 5240000.000 	 0.989210 	 0.010756 
 5260000.000 	 0.991569 	 0.012946 
 5280000.000 	 0.990969 	 0.015005 
 5300000.000 	 0.992269 	 0.011922 
 5320000.000 	 0.984904 	 0.019574 
 5340000.000 	 0.986339 	 0.018211 
 5360000.000 	 0.987855 	 0.017712 
 5380000.000 	 0.983561 	 0.016452 
 5400000.000 	 0.988439 	 0.015979 
 5420000.000 	 0.987766 	 0.017146 
 5440000.000 	 0.987807 	 0.019496 
 5460000.000 	 0.989676 	 0.013774 
 5480000.000 	 0.985633 	 0.020384 
 5500000.000 	 0.988132 	 0.017819 
 5520000.000 	 0.988214 	 0.011453 
 5540000.000 	 0.993354 	 0.011084 
 5560000.000 	 0.993197 	 0.006149 
 5580000.000 	 0.991459 	 0.007692 
 5600000.000 	 0.989586 	 0.011623 
 5620000.000 	 0.991933 	 0.011898 
 5640000.000 	 0.990819 	 0.015431 
 5660000.000 	 0.991984 	 0.012217 
 5680000.000 	 0.993070 	 0.011903 
 5700000.000 	 0.992187 	 0.014591 
 5720000.000 	 0.994100 	 0.006409 
 5740000.000 	 0.992210 	 0.011414 
 5760000.000 	 0.994186 	 0.008559 
 5780000.000 	 0.992450 	 0.013517 
 5800000.000 	 0.994900 	 0.006369 
 5820000.000 	 0.992888 	 0.016847 
 5840000.000 	 0.992304 	 0.009808 
 5860000.000 	 0.991124 	 0.012174 
 5880000.000 	 0.990318 	 0.015873 
 5900000.000 	 0.989664 	 0.014171 
 5920000.000 	 0.990157 	 0.012452 
 5940000.000 	 0.990673 	 0.009367 
 5960000.000 	 0.984772 	 0.021364 
 5980000.000 	 0.989658 	 0.014569 
 6000000.000 	 0.991248 	 0.011160 
 6020000.000 	 0.990977 	 0.011781 
 6040000.000 	 0.991940 	 0.009028 
 6060000.000 	 0.988291 	 0.017135 
 6080000.000 	 0.988472 	 0.010899 
 6100000.000 	 0.993949 	 0.011991 
 6120000.000 	 0.990936 	 0.008461 
 6140000.000 	 0.991988 	 0.013475 
 6160000.000 	 0.988504 	 0.016230 
 6180000.000 	 0.990042 	 0.011878 
 6200000.000 	 0.992024 	 0.009180 
 6220000.000 	 0.989422 	 0.014174 
 6240000.000 	 0.981349 	 0.018312 
 6260000.000 	 0.988015 	 0.014378 
 6280000.000 	 0.992838 	 0.007444 
 6300000.000 	 0.991069 	 0.010904 
 6320000.000 	 0.988133 	 0.008818 
 6340000.000 	 0.992027 	 0.010145 
 6360000.000 	 0.988234 	 0.016919 
 6380000.000 	 0.991944 	 0.012734 
 6400000.000 	 0.989877 	 0.023127 
 6420000.000 	 0.991310 	 0.017383 
 6440000.000 	 0.992950 	 0.012948 
 6460000.000 	 0.991733 	 0.010023 
 6480000.000 	 0.992667 	 0.010433 
 6500000.000 	 0.995286 	 0.006361 
 6520000.000 	 0.990453 	 0.013995 
 6540000.000 	 0.991268 	 0.009765 
 6560000.000 	 0.990824 	 0.015873 
 6580000.000 	 0.989460 	 0.017428 
 6600000.000 	 0.991432 	 0.013281 
 6620000.000 	 0.993418 	 0.008193 
 6640000.000 	 0.991539 	 0.015898 
 6660000.000 	 0.991333 	 0.010909 
 6680000.000 	 0.990336 	 0.011957 
 6700000.000 	 0.989398 	 0.008972 
 6720000.000 	 0.995525 	 0.005436 
 6740000.000 	 0.992850 	 0.007145 
 6760000.000 	 0.989697 	 0.015363 
 6780000.000 	 0.991236 	 0.016688 
 6800000.000 	 0.993915 	 0.017165 
 6820000.000 	 0.988970 	 0.010098 
 6840000.000 	 0.993861 	 0.012119 
 6860000.000 	 0.992132 	 0.010236 
 6880000.000 	 0.990331 	 0.017721 
 6900000.000 	 0.989640 	 0.014528 
 6920000.000 	 0.989608 	 0.011694 
 6940000.000 	 0.992971 	 0.008193 
 6960000.000 	 0.993041 	 0.012895 
 6980000.000 	 0.992053 	 0.020276 
 7000000.000 	 0.994283 	 0.006552 
 7020000.000 	 0.993254 	 0.014504 
 7040000.000 	 0.990555 	 0.011197 
 7060000.000 	 0.985697 	 0.017947 
 7080000.000 	 0.991040 	 0.009808 
 7100000.000 	 0.992164 	 0.012839 
 7120000.000 	 0.990005 	 0.010508 
 7140000.000 	 0.990739 	 0.016149 
 7160000.000 	 0.993532 	 0.012071 
 7180000.000 	 0.994128 	 0.008354 
 7200000.000 	 0.992975 	 0.010239 
 7220000.000 	 0.988241 	 0.011603 
 7240000.000 	 0.992615 	 0.014702 
 7260000.000 	 0.988822 	 0.017723 
 7280000.000 	 0.992280 	 0.010009 
 7300000.000 	 0.991073 	 0.008204 
 7320000.000 	 0.994360 	 0.007041 
 7340000.000 	 0.993925 	 0.008173 
 7360000.000 	 0.990574 	 0.009454 
 7380000.000 	 0.990922 	 0.013652 
 7400000.000 	 0.991378 	 0.009174 
 7420000.000 	 0.993128 	 0.013663 
 7440000.000 	 0.991299 	 0.008663 
 7460000.000 	 0.990538 	 0.015205 
 7480000.000 	 0.990974 	 0.015027 
 7500000.000 	 0.990881 	 0.011525 
 7520000.000 	 0.989258 	 0.012899 
 7540000.000 	 0.990148 	 0.009367 
 7560000.000 	 0.988554 	 0.013481 
 7580000.000 	 0.990205 	 0.010067 
 7600000.000 	 0.994393 	 0.006353 
 7620000.000 	 0.993184 	 0.015482 
 7640000.000 	 0.992238 	 0.006919 
 7660000.000 	 0.992455 	 0.009583 
 7680000.000 	 0.994269 	 0.007954 
 7700000.000 	 0.990902 	 0.012024 
 7720000.000 	 0.989575 	 0.012205 
 7740000.000 	 0.992558 	 0.010424 
 7760000.000 	 0.991039 	 0.010135 
 7780000.000 	 0.992519 	 0.009058 
 7800000.000 	 0.996441 	 0.004043 
 7820000.000 	 0.995760 	 0.005309 
 7840000.000 	 0.995430 	 0.004633 
 7860000.000 	 0.994409 	 0.008418 
 7880000.000 	 0.990122 	 0.010861 
 7900000.000 	 0.992601 	 0.009729 
 7920000.000 	 0.992191 	 0.007450 
 7940000.000 	 0.995674 	 0.012172 
 7960000.000 	 0.990230 	 0.017118 
 7980000.000 	 0.995656 	 0.009213 
 8000000.000 	 0.994516 	 0.008940 
 8020000.000 	 0.994254 	 0.006188 
 8040000.000 	 0.994689 	 0.007122 
 8060000.000 	 0.990274 	 0.011926 
 8080000.000 	 0.996653 	 0.004147 
 8100000.000 	 0.992205 	 0.007031 
 8120000.000 	 0.995899 	 0.008720 
 8140000.000 	 0.994337 	 0.007940 
 8160000.000 	 0.994243 	 0.012292 
 8180000.000 	 0.994845 	 0.007683 
 8200000.000 	 0.995739 	 0.009353 
 8220000.000 	 0.994389 	 0.008830 
 8240000.000 	 0.994658 	 0.009458 
 8260000.000 	 0.994271 	 0.006778 
 8280000.000 	 0.993537 	 0.015489 
 8300000.000 	 0.992578 	 0.013227 
 8320000.000 	 0.993108 	 0.008224 
 8340000.000 	 0.994353 	 0.007035 
 8360000.000 	 0.993047 	 0.008687 
 8380000.000 	 0.993002 	 0.008819 
 8400000.000 	 0.993888 	 0.005578 
 8420000.000 	 0.993250 	 0.008179 
 8440000.000 	 0.994612 	 0.006726 
 8460000.000 	 0.991468 	 0.007029 
 8480000.000 	 0.996380 	 0.006073 
 8500000.000 	 0.990667 	 0.018259 
 8520000.000 	 0.992658 	 0.012604 
 8540000.000 	 0.992563 	 0.013036 
 8560000.000 	 0.992974 	 0.012396 
 8580000.000 	 0.994588 	 0.015439 
 8600000.000 	 0.994002 	 0.016148 
 8620000.000 	 0.987972 	 0.013084 
 8640000.000 	 0.995533 	 0.012171 
 8660000.000 	 0.994530 	 0.011377 
 8680000.000 	 0.996106 	 0.009466 
 8700000.000 	 0.995002 	 0.007732 
 8720000.000 	 0.994823 	 0.007843 
 8740000.000 	 0.994720 	 0.010653 
 8760000.000 	 0.989991 	 0.022255 
 8780000.000 	 0.993602 	 0.013642 
 8800000.000 	 0.994813 	 0.011470 
 8820000.000 	 0.995974 	 0.005620 
 8840000.000 	 0.992998 	 0.006864 
 8860000.000 	 0.994253 	 0.010087 
 8880000.000 	 0.993901 	 0.013447 
 8900000.000 	 0.995146 	 0.010095 
 8920000.000 	 0.994472 	 0.009303 
 8940000.000 	 0.993729 	 0.006285 
 8960000.000 	 0.995060 	 0.007669 
 8980000.000 	 0.994964 	 0.005163 
 9000000.000 	 0.996321 	 0.008368 
 9020000.000 	 0.993341 	 0.019896 
 9040000.000 	 0.991539 	 0.014887 
 9060000.000 	 0.995498 	 0.005781 
 9080000.000 	 0.994207 	 0.007604 
 9100000.000 	 0.994476 	 0.009177 
 9120000.000 	 0.994521 	 0.015078 
 9140000.000 	 0.993274 	 0.009455 
 9160000.000 	 0.995637 	 0.007246 
 9180000.000 	 0.994110 	 0.011496 
 9200000.000 	 0.994795 	 0.007100 
 9220000.000 	 0.994880 	 0.008659 
 9240000.000 	 0.995130 	 0.008599 
 9260000.000 	 0.994338 	 0.011273 
 9280000.000 	 0.993767 	 0.011031 
 9300000.000 	 0.993691 	 0.016421 
 9320000.000 	 0.994869 	 0.010630 
 9340000.000 	 0.993253 	 0.012934 
 9360000.000 	 0.992970 	 0.011587 
 9380000.000 	 0.996760 	 0.004012 
 9400000.000 	 0.995120 	 0.004796 
 9420000.000 	 0.995075 	 0.010135 
 9440000.000 	 0.992890 	 0.011314 
 9460000.000 	 0.991061 	 0.010701 
 9480000.000 	 0.993157 	 0.015680 
 9500000.000 	 0.994369 	 0.007779 
 9520000.000 	 0.992194 	 0.008954 
 9540000.000 	 0.990619 	 0.016685 
 9560000.000 	 0.993491 	 0.008453 
 9580000.000 	 0.991392 	 0.010832 
 9600000.000 	 0.995711 	 0.004469 
 9620000.000 	 0.994779 	 0.009726 
 9640000.000 	 0.995636 	 0.010250 
 9660000.000 	 0.995358 	 0.009522 
 9680000.000 	 0.993163 	 0.010512 
 9700000.000 	 0.991659 	 0.015647 
 9720000.000 	 0.989965 	 0.016857 
 9740000.000 	 0.992812 	 0.006301 
 9760000.000 	 0.996797 	 0.005477 
 9780000.000 	 0.995522 	 0.005969 
 9800000.000 	 0.996914 	 0.004620 
 9820000.000 	 0.995097 	 0.007874 
 9840000.000 	 0.991716 	 0.011615 
 9860000.000 	 0.994884 	 0.005129 
 9880000.000 	 0.993539 	 0.008046 
 9900000.000 	 0.993736 	 0.011221 
 9920000.000 	 0.995367 	 0.006777 
 9940000.000 	 0.993077 	 0.013634 
 9960000.000 	 0.995270 	 0.007228 
 9980000.000 	 0.994082 	 0.008974 
10000000.000 	 0.996238 	 0.004396 
10020000.000 	 0.994999 	 0.006600 
10040000.000 	 0.996655 	 0.005469 
10060000.000 	 0.996479 	 0.005564 
10080000.000 	 0.993399 	 0.005257 
10100000.000 	 0.996022 	 0.004687 
10120000.000 	 0.995024 	 0.005352 
10140000.000 	 0.997382 	 0.002271 
10160000.000 	 0.994763 	 0.005232 
10180000.000 	 0.995838 	 0.005470 
10200000.000 	 0.994453 	 0.005936 
10220000.000 	 0.996589 	 0.004065 
10240000.000 	 0.996866 	 0.005168 
10260000.000 	 0.995907 	 0.006958 
10280000.000 	 0.994649 	 0.010257 
10300000.000 	 0.993948 	 0.010342 
10320000.000 	 0.994047 	 0.009980 
10340000.000 	 0.994540 	 0.006563 
10360000.000 	 0.994953 	 0.008387 
10380000.000 	 0.995374 	 0.006656 
10400000.000 	 0.992090 	 0.006463 
10420000.000 	 0.996276 	 0.005154 
10440000.000 	 0.994544 	 0.004700 
10460000.000 	 0.997282 	 0.004394 
10480000.000 	 0.996267 	 0.002999 
10500000.000 	 0.997378 	 0.002298 
10520000.000 	 0.996302 	 0.005227 
10540000.000 	 0.996414 	 0.004005 
10560000.000 	 0.998016 	 0.002459 
10580000.000 	 0.994248 	 0.005009 
10600000.000 	 0.995439 	 0.004208 
10620000.000 	 0.996092 	 0.003624 
10640000.000 	 0.994807 	 0.004496 
10660000.000 	 0.993002 	 0.005892 
10680000.000 	 0.994483 	 0.005999 
10700000.000 	 0.996201 	 0.004229 
10720000.000 	 0.996626 	 0.002755 
10740000.000 	 0.992628 	 0.005334 
10760000.000 	 0.994007 	 0.005248 
10780000.000 	 0.992779 	 0.004863 
10800000.000 	 0.996290 	 0.003305 
10820000.000 	 0.996366 	 0.003272 
10840000.000 	 0.996550 	 0.003649 
10860000.000 	 0.994739 	 0.005376 
10880000.000 	 0.996354 	 0.004283 
10900000.000 	 0.996235 	 0.004148 
10920000.000 	 0.993539 	 0.004620 
10940000.000 	 0.992698 	 0.006780 
10960000.000 	 0.993690 	 0.013611 
10980000.000 	 0.992807 	 0.006824 
11000000.000 	 0.993345 	 0.006574 
11020000.000 	 0.992758 	 0.006088 
11040000.000 	 0.995232 	 0.003507 
11060000.000 	 0.995890 	 0.003036 
11080000.000 	 0.993853 	 0.006062 
11100000.000 	 0.996892 	 0.004447 
11120000.000 	 0.994268 	 0.007728 
11140000.000 	 0.994911 	 0.004466 
11160000.000 	 0.995418 	 0.004934 
11180000.000 	 0.992598 	 0.008332 
11200000.000 	 0.994704 	 0.005759 
11220000.000 	 0.997011 	 0.001915 
11240000.000 	 0.996168 	 0.005079 
11260000.000 	 0.994336 	 0.004441 
11280000.000 	 0.994389 	 0.003838 
11300000.000 	 0.995523 	 0.004318 
11320000.000 	 0.995287 	 0.005713 
11340000.000 	 0.997399 	 0.003831 
11360000.000 	 0.996866 	 0.002664 
11380000.000 	 0.995511 	 0.005145 
11400000.000 	 0.996576 	 0.004311 
11420000.000 	 0.994991 	 0.004169 
11440000.000 	 0.995772 	 0.004671 
11460000.000 	 0.996930 	 0.003973 
11480000.000 	 0.997499 	 0.002158 
11500000.000 	 0.993161 	 0.006692 
11520000.000 	 0.995114 	 0.004454 
11540000.000 	 0.996377 	 0.003467 
11560000.000 	 0.993034 	 0.007908 
11580000.000 	 0.994990 	 0.005025 
11600000.000 	 0.996701 	 0.003071 
11620000.000 	 0.994844 	 0.004344 
11640000.000 	 0.994718 	 0.005282 
11660000.000 	 0.996441 	 0.004477 
11680000.000 	 0.995100 	 0.004283 
11700000.000 	 0.991509 	 0.006159 
11720000.000 	 0.994760 	 0.003940 
11740000.000 	 0.992961 	 0.009360 
11760000.000 	 0.997596 	 0.002679 
11780000.000 	 0.994979 	 0.004802 
11800000.000 	 0.994624 	 0.005345 
11820000.000 	 0.994449 	 0.008213 
11840000.000 	 0.997945 	 0.002989 
11860000.000 	 0.994311 	 0.005889 
11880000.000 	 0.996459 	 0.004168 
11900000.000 	 0.993529 	 0.005559 
11920000.000 	 0.995280 	 0.005507 
11940000.000 	 0.994361 	 0.007175 
11960000.000 	 0.997552 	 0.002150 
11980000.000 	 0.993819 	 0.003914 
12000000.000 	 0.996585 	 0.003406 
12020000.000 	 0.994854 	 0.006616 
12040000.000 	 0.992859 	 0.005481 
12060000.000 	 0.995596 	 0.006287 
12080000.000 	 0.995449 	 0.003487 
12100000.000 	 0.993859 	 0.005232 
12120000.000 	 0.995237 	 0.007610 
12140000.000 	 0.996298 	 0.005031 
12160000.000 	 0.992114 	 0.007992 
12180000.000 	 0.995484 	 0.004127 
12200000.000 	 0.996530 	 0.005915 
12220000.000 	 0.996611 	 0.002883 
12240000.000 	 0.995323 	 0.005172 
12260000.000 	 0.995982 	 0.003010 
12280000.000 	 0.993387 	 0.005260 
12300000.000 	 0.995217 	 0.003455 
12320000.000 	 0.993858 	 0.005761 
12340000.000 	 0.993223 	 0.007468 
12360000.000 	 0.997866 	 0.002814 
12380000.000 	 0.993340 	 0.005295 
12400000.000 	 0.996962 	 0.003403 
12420000.000 	 0.996302 	 0.003178 
12440000.000 	 0.993854 	 0.005254 
12460000.000 	 0.995457 	 0.004453 
12480000.000 	 0.990906 	 0.013522 
12500000.000 	 0.997498 	 0.003251 
12520000.000 	 0.996264 	 0.003199 
12540000.000 	 0.996896 	 0.005746 
12560000.000 	 0.995404 	 0.004929 
12580000.000 	 0.993697 	 0.005178 
12600000.000 	 0.996508 	 0.003859 
12620000.000 	 0.993642 	 0.008010 
12640000.000 	 0.993724 	 0.003526 
12660000.000 	 0.996505 	 0.004260 
12680000.000 	 0.994154 	 0.004105 
12700000.000 	 0.996227 	 0.005419 
12720000.000 	 0.996417 	 0.003464 
12740000.000 	 0.995329 	 0.004652 
12760000.000 	 0.992625 	 0.006292 
12780000.000 	 0.991030 	 0.007993 
12800000.000 	 0.992509 	 0.007524 
12820000.000 	 0.996163 	 0.003014 
12840000.000 	 0.993830 	 0.005511 
12860000.000 	 0.996278 	 0.004499 
12880000.000 	 0.996174 	 0.003515 
12900000.000 	 0.994340 	 0.005692 
12920000.000 	 0.992655 	 0.009305 
12940000.000 	 0.992842 	 0.006000 
12960000.000 	 0.997732 	 0.002447 
12980000.000 	 0.993983 	 0.004629 
13000000.000 	 0.995290 	 0.005358 
13020000.000 	 0.995746 	 0.003778 
13040000.000 	 0.992490 	 0.006398 
13060000.000 	 0.996264 	 0.004287 
13080000.000 	 0.995789 	 0.005045 
13100000.000 	 0.994446 	 0.007164 
13120000.000 	 0.991256 	 0.008237 
13140000.000 	 0.995899 	 0.005421 
13160000.000 	 0.993562 	 0.005277 
13180000.000 	 0.994356 	 0.006958 
13200000.000 	 0.995576 	 0.006018 
13220000.000 	 0.994777 	 0.008859 
13240000.000 	 0.993706 	 0.006386 
13260000.000 	 0.993749 	 0.006741 
13280000.000 	 0.992780 	 0.005352 
13300000.000 	 0.996678 	 0.003608 
13320000.000 	 0.996336 	 0.003058 
13340000.000 	 0.995516 	 0.003945 
13360000.000 	 0.994680 	 0.004337 
13380000.000 	 0.996521 	 0.002869 
13400000.000 	 0.994864 	 0.004302 
13420000.000 	 0.995528 	 0.003289 
13440000.000 	 0.989791 	 0.007585 
13460000.000 	 0.996072 	 0.005663 
13480000.000 	 0.995132 	 0.004350 
13500000.000 	 0.991372 	 0.005202 
13520000.000 	 0.995663 	 0.003467 
13540000.000 	 0.995774 	 0.004543 
13560000.000 	 0.995333 	 0.002994 
13580000.000 	 0.993834 	 0.008565 
13600000.000 	 0.996052 	 0.005052 
13620000.000 	 0.998224 	 0.003167 
13640000.000 	 0.995235 	 0.003642 
13660000.000 	 0.995510 	 0.002761 
13680000.000 	 0.997849 	 0.001760 
13700000.000 	 0.993944 	 0.006704 
13720000.000 	 0.995340 	 0.004759 
13740000.000 	 0.994760 	 0.005169 
13760000.000 	 0.994572 	 0.006284 
13780000.000 	 0.996384 	 0.003897 
13800000.000 	 0.996702 	 0.002969 
13820000.000 	 0.995022 	 0.005975 
13840000.000 	 0.995620 	 0.004041 
13860000.000 	 0.997800 	 0.002401 
13880000.000 	 0.996279 	 0.002743 
13900000.000 	 0.995596 	 0.003825 
13920000.000 	 0.995783 	 0.004922 
13940000.000 	 0.992256 	 0.006094 
13960000.000 	 0.995745 	 0.004082 
13980000.000 	 0.996598 	 0.003543 
14000000.000 	 0.996103 	 0.005040 
14020000.000 	 0.993569 	 0.005432 
14040000.000 	 0.995095 	 0.004797 
14060000.000 	 0.996619 	 0.003907 
14080000.000 	 0.994605 	 0.004688 
14100000.000 	 0.997142 	 0.003099 
14120000.000 	 0.994879 	 0.007094 
14140000.000 	 0.996661 	 0.004940 
14160000.000 	 0.997408 	 0.003032 
14180000.000 	 0.996539 	 0.004802 
14200000.000 	 0.995494 	 0.004754 
14220000.000 	 0.996843 	 0.002852 
14240000.000 	 0.998213 	 0.002820 
14260000.000 	 0.993205 	 0.006398 
14280000.000 	 0.997620 	 0.004087 
14300000.000 	 0.995529 	 0.004365 
14320000.000 	 0.997111 	 0.003316 
14340000.000 	 0.996489 	 0.004183 
14360000.000 	 0.994246 	 0.003889 
14380000.000 	 0.995799 	 0.005816 
14400000.000 	 0.994609 	 0.004982 
