       0.000 	 0.969487 	 0.025928 
   20000.000 	 0.966242 	 0.026936 
   40000.000 	 0.971179 	 0.025643 
   60000.000 	 0.963090 	 0.030775 
   80000.000 	 0.966765 	 0.034666 
  100000.000 	 0.965953 	 0.031957 
  120000.000 	 0.965516 	 0.025406 
  140000.000 	 0.964353 	 0.027320 
  160000.000 	 0.962011 	 0.034816 
  180000.000 	 0.968259 	 0.026705 
  200000.000 	 0.965956 	 0.029549 
  220000.000 	 0.971775 	 0.028254 
  240000.000 	 0.967217 	 0.026871 
  260000.000 	 0.970934 	 0.024505 
  280000.000 	 0.969741 	 0.027917 
  300000.000 	 0.963701 	 0.031624 
  320000.000 	 0.966629 	 0.028301 
  340000.000 	 0.968354 	 0.031912 
  360000.000 	 0.969711 	 0.028125 
  380000.000 	 0.968477 	 0.028091 
  400000.000 	 0.970416 	 0.027421 
  420000.000 	 0.965599 	 0.030909 
  440000.000 	 0.964024 	 0.034216 
  460000.000 	 0.973026 	 0.026865 
  480000.000 	 0.968375 	 0.032627 
  500000.000 	 0.964179 	 0.033419 
  520000.000 	 0.966014 	 0.031450 
  540000.000 	 0.961445 	 0.036030 
  560000.000 	 0.971959 	 0.026938 
  580000.000 	 0.969252 	 0.030841 
  600000.000 	 0.972250 	 0.026288 
  620000.000 	 0.972171 	 0.027988 
  640000.000 	 0.965328 	 0.029751 
  660000.000 	 0.973659 	 0.024879 
  680000.000 	 0.974601 	 0.022348 
  700000.000 	 0.970504 	 0.030382 
  720000.000 	 0.970130 	 0.028912 
  740000.000 	 0.974477 	 0.022985 
  760000.000 	 0.967717 	 0.033351 
  780000.000 	 0.973004 	 0.025808 
  800000.000 	 0.974535 	 0.026149 
  820000.000 	 0.975894 	 0.027264 
  840000.000 	 0.976446 	 0.025453 
  860000.000 	 0.974359 	 0.025961 
  880000.000 	 0.973193 	 0.025528 
  900000.000 	 0.975281 	 0.027257 
  920000.000 	 0.973079 	 0.031257 
  940000.000 	 0.972467 	 0.028111 
  960000.000 	 0.974188 	 0.025722 
  980000.000 	 0.975266 	 0.025603 
 1000000.000 	 0.970251 	 0.028429 
 1020000.000 	 0.973438 	 0.024616 
 1040000.000 	 0.975777 	 0.022686 
 1060000.000 	 0.973613 	 0.025845 
 1080000.000 	 0.978216 	 0.023010 
 1100000.000 	 0.973205 	 0.028020 
 1120000.000 	 0.972380 	 0.025067 
 1140000.000 	 0.969357 	 0.029655 
 1160000.000 	 0.976687 	 0.021309 
 1180000.000 	 0.973187 	 0.027091 
 1200000.000 	 0.979459 	 0.019878 
 1220000.000 	 0.978438 	 0.026954 
 1240000.000 	 0.979456 	 0.021001 
 1260000.000 	 0.975535 	 0.021485 
 1280000.000 	 0.977024 	 0.029031 
 1300000.000 	 0.974562 	 0.024244 
 1320000.000 	 0.975084 	 0.027518 
 1340000.000 	 0.968026 	 0.033706 
 1360000.000 	 0.976232 	 0.030101 
 1380000.000 	 0.976213 	 0.023717 
 1400000.000 	 0.977170 	 0.020380 
 1420000.000 	 0.977963 	 0.020546 
 1440000.000 	 0.979095 	 0.023272 
 1460000.000 	 0.983756 	 0.018481 
 1480000.000 	 0.980664 	 0.021707 
 1500000.000 	 0.983470 	 0.015628 
 1520000.000 	 0.981918 	 0.016158 
 1540000.000 	 0.978505 	 0.025171 
 1560000.000 	 0.977641 	 0.021398 
 1580000.000 	 0.983505 	 0.016333 
 1600000.000 	 0.982968 	 0.018059 
 1620000.000 	 0.982267 	 0.019721 
 1640000.000 	 0.980634 	 0.019444 
 1660000.000 	 0.977318 	 0.023066 
 1680000.000 	 0.978925 	 0.025615 
 1700000.000 	 0.974763 	 0.024712 
 1720000.000 	 0.978574 	 0.021160 
 1740000.000 	 0.980967 	 0.018313 
 1760000.000 	 0.985097 	 0.014687 
 1780000.000 	 0.978999 	 0.020159 
 1800000.000 	 0.981663 	 0.016676 
 1820000.000 	 0.982654 	 0.015526 
 1840000.000 	 0.976437 	 0.020670 
 1860000.000 	 0.983436 	 0.019083 
 1880000.000 	 0.978429 	 0.018047 
 1900000.000 	 0.982714 	 0.016452 
 1920000.000 	 0.974959 	 0.027308 
 1940000.000 	 0.981428 	 0.024948 
 1960000.000 	 0.980740 	 0.019109 
 1980000.000 	 0.978498 	 0.019036 
 2000000.000 	 0.982987 	 0.020577 
 2020000.000 	 0.981599 	 0.018006 
 2040000.000 	 0.979065 	 0.024273 
 2060000.000 	 0.982645 	 0.016506 
 2080000.000 	 0.983812 	 0.018901 
 2100000.000 	 0.980703 	 0.022453 
 2120000.000 	 0.987487 	 0.015279 
 2140000.000 	 0.980178 	 0.018680 
 2160000.000 	 0.981064 	 0.020371 
 2180000.000 	 0.981139 	 0.023152 
 2200000.000 	 0.987450 	 0.012926 
 2220000.000 	 0.983801 	 0.016406 
 2240000.000 	 0.979076 	 0.021170 
 2260000.000 	 0.979462 	 0.019555 
 2280000.000 	 0.983028 	 0.015981 
 2300000.000 	 0.982953 	 0.017530 
 2320000.000 	 0.982022 	 0.022178 
 2340000.000 	 0.977860 	 0.023142 
 2360000.000 	 0.980223 	 0.018438 
 2380000.000 	 0.984987 	 0.019296 
 2400000.000 	 0.983456 	 0.017032 
 2420000.000 	 0.984486 	 0.021808 
 2440000.000 	 0.983544 	 0.013634 
 2460000.000 	 0.986702 	 0.015239 
 2480000.000 	 0.987165 	 0.014508 
 2500000.000 	 0.983539 	 0.015695 
 2520000.000 	 0.984101 	 0.014264 
 2540000.000 	 0.985903 	 0.015488 
 2560000.000 	 0.973448 	 0.024305 
 2580000.000 	 0.982152 	 0.017066 
 2600000.000 	 0.983642 	 0.014890 
 2620000.000 	 0.985542 	 0.012130 
 2640000.000 	 0.988101 	 0.015314 
 2660000.000 	 0.977714 	 0.032024 
 2680000.000 	 0.979830 	 0.019673 
 2700000.000 	 0.983126 	 0.014409 
 2720000.000 	 0.986518 	 0.013711 
 2740000.000 	 0.981855 	 0.022314 
 2760000.000 	 0.986317 	 0.014509 
 2780000.000 	 0.984287 	 0.023881 
 2800000.000 	 0.984520 	 0.019201 
 2820000.000 	 0.983116 	 0.021366 
 2840000.000 	 0.985925 	 0.012530 
 2860000.000 	 0.987042 	 0.025336 
 2880000.000 	 0.982381 	 0.022820 
 2900000.000 	 0.984907 	 0.020716 
 2920000.000 	 0.986813 	 0.013772 
 2940000.000 	 0.983310 	 0.015559 
 2960000.000 	 0.973721 	 0.025186 
 2980000.000 	 0.975258 	 0.024084 
 3000000.000 	 0.985085 	 0.016606 
 3020000.000 	 0.981784 	 0.015418 
 3040000.000 	 0.982730 	 0.014855 
 3060000.000 	 0.983632 	 0.016687 
 3080000.000 	 0.980384 	 0.020159 
 3100000.000 	 0.985389 	 0.014879 
 3120000.000 	 0.983815 	 0.020761 
 3140000.000 	 0.984613 	 0.014178 
 3160000.000 	 0.983399 	 0.017068 
 3180000.000 	 0.986421 	 0.013129 
 3200000.000 	 0.977824 	 0.020559 
 3220000.000 	 0.974640 	 0.024467 
 3240000.000 	 0.982918 	 0.016125 
 3260000.000 	 0.983511 	 0.014877 
 3280000.000 	 0.979623 	 0.017655 
 3300000.000 	 0.981318 	 0.015470 
 3320000.000 	 0.980842 	 0.016177 
 3340000.000 	 0.983051 	 0.018502 
 3360000.000 	 0.982996 	 0.016479 
 3380000.000 	 0.986566 	 0.021675 
 3400000.000 	 0.983427 	 0.014229 
 3420000.000 	 0.983992 	 0.017089 
 3440000.000 	 0.981358 	 0.022769 
 3460000.000 	 0.982327 	 0.019321 
 3480000.000 	 0.982067 	 0.018607 
 3500000.000 	 0.977131 	 0.021325 
 3520000.000 	 0.984342 	 0.017269 
 3540000.000 	 0.983814 	 0.012003 
 3560000.000 	 0.990202 	 0.011978 
 3580000.000 	 0.986984 	 0.014994 
 3600000.000 	 0.977295 	 0.023406 
 3620000.000 	 0.984814 	 0.015158 
 3640000.000 	 0.985685 	 0.014197 
 3660000.000 	 0.986840 	 0.015713 
 3680000.000 	 0.984448 	 0.015563 
 3700000.000 	 0.986118 	 0.014993 
 3720000.000 	 0.986928 	 0.017522 
 3740000.000 	 0.979611 	 0.021046 
 3760000.000 	 0.986456 	 0.013696 
 3780000.000 	 0.988456 	 0.014775 
 3800000.000 	 0.984142 	 0.015496 
 3820000.000 	 0.987112 	 0.014216 
 3840000.000 	 0.986252 	 0.014992 
 3860000.000 	 0.984627 	 0.021754 
 3880000.000 	 0.979171 	 0.025547 
 3900000.000 	 0.980379 	 0.017497 
 3920000.000 	 0.982263 	 0.016660 
 3940000.000 	 0.983776 	 0.019240 
 3960000.000 	 0.982978 	 0.013105 
 3980000.000 	 0.985436 	 0.011351 
 4000000.000 	 0.988031 	 0.013442 
 4020000.000 	 0.983926 	 0.018508 
 4040000.000 	 0.986183 	 0.012529 
 4060000.000 	 0.988792 	 0.013531 
 4080000.000 	 0.985990 	 0.013578 
 4100000.000 	 0.988349 	 0.012908 
 4120000.000 	 0.985428 	 0.015806 
 4140000.000 	 0.985552 	 0.014488 
 4160000.000 	 0.990261 	 0.014106 
 4180000.000 	 0.983104 	 0.023367 
 4200000.000 	 0.987222 	 0.015850 
 4220000.000 	 0.990668 	 0.010772 
 4240000.000 	 0.988811 	 0.016439 
 4260000.000 	 0.989888 	 0.011467 
 4280000.000 	 0.987562 	 0.013237 
 4300000.000 	 0.988576 	 0.011975 
 4320000.000 	 0.988961 	 0.015449 
 4340000.000 	 0.987179 	 0.014918 
 4360000.000 	 0.985368 	 0.015291 
 4380000.000 	 0.982642 	 0.021026 
 4400000.000 	 0.993571 	 0.009065 
 4420000.000 	 0.987359 	 0.013679 
 4440000.000 	 0.984477 	 0.016313 
 4460000.000 	 0.986564 	 0.018632 
 4480000.000 	 0.983873 	 0.019325 
 4500000.000 	 0.984198 	 0.019388 
 4520000.000 	 0.986794 	 0.016154 
 4540000.000 	 0.989993 	 0.013875 
 4560000.000 	 0.986481 	 0.013161 
 4580000.000 	 0.986561 	 0.013067 
 4600000.000 	 0.984630 	 0.015950 
 4620000.000 	 0.986171 	 0.013118 
 4640000.000 	 0.984068 	 0.020741 
 4660000.000 	 0.988874 	 0.012093 
 4680000.000 	 0.983553 	 0.017230 
 4700000.000 	 0.988736 	 0.015738 
 4720000.000 	 0.985643 	 0.014372 
 4740000.000 	 0.985645 	 0.013010 
 4760000.000 	 0.989917 	 0.012676 
 4780000.000 	 0.989455 	 0.012912 
 4800000.000 	 0.984000 	 0.016311 
 4820000.000 	 0.986041 	 0.016402 
 4840000.000 	 0.985840 	 0.019671 
 4860000.000 	 0.990412 	 0.018416 
 4880000.000 	 0.985040 	 0.019552 
 4900000.000 	 0.984436 	 0.018945 
 4920000.000 	 0.988201 	 0.013742 
 4940000.000 	 0.984067 	 0.019783 
 4960000.000 	 0.989238 	 0.011960 
 4980000.000 	 0.986813 	 0.013463 
 5000000.000 	 0.985909 	 0.021080 
 5020000.000 	 0.989021 	 0.016713 
 5040000.000 	 0.987966 	 0.010919 
 5060000.000 	 0.992471 	 0.007561 
 5080000.000 	 0.989528 	 0.013002 
 5100000.000 	 0.990774 	 0.009978 
 5120000.000 	 0.992372 	 0.011851 
 5140000.000 	 0.991456 	 0.011275 
 5160000.000 	 0.989267 	 0.011864 
 5180000.000 	 0.983741 	 0.015367 
 5200000.000 	 0.988219 	 0.012990 
 5220000.000 	 0.984153 	 0.016014 
 5240000.000 	 0.984478 	 0.014843 
 5260000.000 	 0.987207 	 0.013398 
 5280000.000 	 0.989285 	 0.011705 
 5300000.000 	 0.989357 	 0.013214 
 5320000.000 	 0.988703 	 0.012124 
 5340000.000 	 0.988757 	 0.011655 
 5360000.000 	 0.991151 	 0.014378 
 5380000.000 	 0.986925 	 0.014531 
 5400000.000 	 0.987175 	 0.014866 
 5420000.000 	 0.990505 	 0.009137 
 5440000.000 	 0.985976 	 0.014748 
 5460000.000 	 0.991598 	 0.009839 
 5480000.000 	 0.986543 	 0.015838 
 5500000.000 	 0.981560 	 0.018977 
 5520000.000 	 0.979496 	 0.018959 
 5540000.000 	 0.978614 	 0.021624 
 5560000.000 	 0.988273 	 0.015344 
 5580000.000 	 0.988728 	 0.013891 
 5600000.000 	 0.986700 	 0.011871 
 5620000.000 	 0.989149 	 0.013058 
 5640000.000 	 0.991506 	 0.009986 
 5660000.000 	 0.990122 	 0.008721 
 5680000.000 	 0.983689 	 0.014637 
 5700000.000 	 0.983773 	 0.016279 
 5720000.000 	 0.990986 	 0.022970 
 5740000.000 	 0.988871 	 0.013762 
 5760000.000 	 0.983533 	 0.015342 
 5780000.000 	 0.981764 	 0.017186 
 5800000.000 	 0.986023 	 0.015964 
 5820000.000 	 0.985519 	 0.019546 
 5840000.000 	 0.989752 	 0.011828 
 5860000.000 	 0.986184 	 0.010514 
 5880000.000 	 0.991136 	 0.012156 
 5900000.000 	 0.990427 	 0.009587 
 5920000.000 	 0.990660 	 0.011618 
 5940000.000 	 0.989832 	 0.010214 
 5960000.000 	 0.991574 	 0.007343 
 5980000.000 	 0.986542 	 0.017235 
 6000000.000 	 0.987464 	 0.013652 
 6020000.000 	 0.987694 	 0.014839 
 6040000.000 	 0.987316 	 0.015556 
 6060000.000 	 0.988899 	 0.014305 
 6080000.000 	 0.983910 	 0.017757 
 6100000.000 	 0.985204 	 0.015601 
 6120000.000 	 0.990202 	 0.011941 
 6140000.000 	 0.988001 	 0.018451 
 6160000.000 	 0.987225 	 0.013174 
 6180000.000 	 0.992660 	 0.013175 
 6200000.000 	 0.992327 	 0.011890 
 6220000.000 	 0.990992 	 0.013155 
 6240000.000 	 0.990814 	 0.012325 
 6260000.000 	 0.989977 	 0.010555 
 6280000.000 	 0.985212 	 0.018127 
 6300000.000 	 0.982201 	 0.015343 
 6320000.000 	 0.987559 	 0.012323 
 6340000.000 	 0.986226 	 0.013451 
 6360000.000 	 0.990283 	 0.010468 
 6380000.000 	 0.987530 	 0.016030 
 6400000.000 	 0.990122 	 0.009536 
 6420000.000 	 0.984145 	 0.019948 
 6440000.000 	 0.987615 	 0.010738 
 6460000.000 	 0.988707 	 0.013487 
 6480000.000 	 0.988371 	 0.014976 
 6500000.000 	 0.991814 	 0.010316 
 6520000.000 	 0.983899 	 0.011795 
 6540000.000 	 0.984521 	 0.011043 
 6560000.000 	 0.986417 	 0.011156 
 6580000.000 	 0.987760 	 0.011063 
 6600000.000 	 0.985923 	 0.011013 
 6620000.000 	 0.991261 	 0.011704 
 6640000.000 	 0.992105 	 0.012220 
 6660000.000 	 0.990459 	 0.011225 
 6680000.000 	 0.990665 	 0.010144 
 6700000.000 	 0.987001 	 0.011234 
 6720000.000 	 0.991001 	 0.008074 
 6740000.000 	 0.983725 	 0.014190 
 6760000.000 	 0.987568 	 0.012314 
 6780000.000 	 0.985881 	 0.016510 
 6800000.000 	 0.985673 	 0.011720 
 6820000.000 	 0.993185 	 0.006472 
 6840000.000 	 0.988306 	 0.013310 
 6860000.000 	 0.988939 	 0.010000 
 6880000.000 	 0.989173 	 0.012681 
 6900000.000 	 0.986503 	 0.015030 
 6920000.000 	 0.993252 	 0.007444 
 6940000.000 	 0.988117 	 0.011339 
 6960000.000 	 0.990689 	 0.009042 
 6980000.000 	 0.988471 	 0.013441 
 7000000.000 	 0.990686 	 0.011534 
 7020000.000 	 0.989951 	 0.008808 
 7040000.000 	 0.988167 	 0.013815 
 7060000.000 	 0.991010 	 0.012890 
 7080000.000 	 0.991103 	 0.009492 
 7100000.000 	 0.984673 	 0.013314 
 7120000.000 	 0.978716 	 0.013880 
 7140000.000 	 0.986044 	 0.012171 
 7160000.000 	 0.990619 	 0.011538 
 7180000.000 	 0.989332 	 0.012680 
 7200000.000 	 0.990518 	 0.008552 
 7220000.000 	 0.990173 	 0.008017 
 7240000.000 	 0.989144 	 0.012062 
 7260000.000 	 0.992069 	 0.010595 
 7280000.000 	 0.991219 	 0.013878 
 7300000.000 	 0.988001 	 0.012445 
 7320000.000 	 0.991992 	 0.015573 
 7340000.000 	 0.986623 	 0.014006 
 7360000.000 	 0.990038 	 0.011589 
 7380000.000 	 0.988018 	 0.013853 
 7400000.000 	 0.991235 	 0.011116 
 7420000.000 	 0.990040 	 0.012268 
 7440000.000 	 0.989880 	 0.009231 
 7460000.000 	 0.993423 	 0.011565 
 7480000.000 	 0.989128 	 0.009234 
 7500000.000 	 0.990256 	 0.010165 
 7520000.000 	 0.992150 	 0.008454 
 7540000.000 	 0.991045 	 0.008176 
 7560000.000 	 0.990037 	 0.012019 
 7580000.000 	 0.991770 	 0.008991 
 7600000.000 	 0.986311 	 0.014500 
 7620000.000 	 0.993223 	 0.010804 
 7640000.000 	 0.990843 	 0.012360 
 7660000.000 	 0.987750 	 0.014123 
 7680000.000 	 0.992495 	 0.007190 
 7700000.000 	 0.989253 	 0.011052 
 7720000.000 	 0.989603 	 0.010209 
 7740000.000 	 0.988475 	 0.011400 
 7760000.000 	 0.989787 	 0.012440 
 7780000.000 	 0.990421 	 0.010977 
 7800000.000 	 0.990440 	 0.012374 
 7820000.000 	 0.993994 	 0.007766 
 7840000.000 	 0.993234 	 0.005628 
 7860000.000 	 0.992230 	 0.010767 
 7880000.000 	 0.986982 	 0.015715 
 7900000.000 	 0.990828 	 0.008158 
 7920000.000 	 0.990321 	 0.009347 
 7940000.000 	 0.990931 	 0.013404 
 7960000.000 	 0.987459 	 0.013894 
 7980000.000 	 0.987845 	 0.010069 
 8000000.000 	 0.994367 	 0.009967 
 8020000.000 	 0.990675 	 0.009326 
 8040000.000 	 0.992534 	 0.007986 
 8060000.000 	 0.991297 	 0.008846 
 8080000.000 	 0.992962 	 0.006441 
 8100000.000 	 0.992868 	 0.011366 
 8120000.000 	 0.987640 	 0.018553 
 8140000.000 	 0.988791 	 0.010770 
 8160000.000 	 0.989363 	 0.018125 
 8180000.000 	 0.990691 	 0.009729 
 8200000.000 	 0.986187 	 0.013062 
 8220000.000 	 0.982576 	 0.014040 
 8240000.000 	 0.986330 	 0.013866 
 8260000.000 	 0.990523 	 0.010571 
 8280000.000 	 0.988820 	 0.009601 
 8300000.000 	 0.987386 	 0.013214 
 8320000.000 	 0.989387 	 0.010226 
 8340000.000 	 0.987829 	 0.011265 
 8360000.000 	 0.988552 	 0.010347 
 8380000.000 	 0.991386 	 0.007072 
 8400000.000 	 0.993257 	 0.008181 
 8420000.000 	 0.991673 	 0.009109 
 8440000.000 	 0.990036 	 0.008423 
 8460000.000 	 0.989025 	 0.010896 
 8480000.000 	 0.991014 	 0.010370 
 8500000.000 	 0.993164 	 0.008114 
 8520000.000 	 0.988478 	 0.009221 
 8540000.000 	 0.991862 	 0.008209 
 8560000.000 	 0.990845 	 0.007522 
 8580000.000 	 0.987539 	 0.014795 
 8600000.000 	 0.985850 	 0.011129 
 8620000.000 	 0.987422 	 0.011302 
 8640000.000 	 0.987872 	 0.015795 
 8660000.000 	 0.987285 	 0.013254 
 8680000.000 	 0.987459 	 0.011661 
 8700000.000 	 0.989423 	 0.013450 
 8720000.000 	 0.990242 	 0.009288 
 8740000.000 	 0.989717 	 0.008742 
 8760000.000 	 0.993414 	 0.007215 
 8780000.000 	 0.991071 	 0.008562 
 8800000.000 	 0.990998 	 0.009917 
 8820000.000 	 0.993570 	 0.006738 
 8840000.000 	 0.992865 	 0.006852 
 8860000.000 	 0.988637 	 0.009347 
 8880000.000 	 0.986200 	 0.014686 
 8900000.000 	 0.987397 	 0.012922 
 8920000.000 	 0.987756 	 0.014720 
 8940000.000 	 0.990566 	 0.012408 
 8960000.000 	 0.989283 	 0.014528 
 8980000.000 	 0.989905 	 0.011958 
 9000000.000 	 0.988607 	 0.014492 
 9020000.000 	 0.988678 	 0.012433 
 9040000.000 	 0.988134 	 0.011207 
 9060000.000 	 0.992708 	 0.008697 
 9080000.000 	 0.989701 	 0.010147 
 9100000.000 	 0.990603 	 0.010291 
 9120000.000 	 0.992097 	 0.010500 
 9140000.000 	 0.992316 	 0.008701 
 9160000.000 	 0.985477 	 0.010929 
 9180000.000 	 0.991414 	 0.007913 
 9200000.000 	 0.993122 	 0.008021 
 9220000.000 	 0.992610 	 0.010294 
 9240000.000 	 0.985641 	 0.018836 
 9260000.000 	 0.991720 	 0.008724 
 9280000.000 	 0.990171 	 0.013086 
 9300000.000 	 0.994243 	 0.005648 
 9320000.000 	 0.985807 	 0.013865 
 9340000.000 	 0.991009 	 0.008767 
 9360000.000 	 0.992961 	 0.008224 
 9380000.000 	 0.993483 	 0.006429 
 9400000.000 	 0.990168 	 0.007694 
 9420000.000 	 0.991076 	 0.014421 
 9440000.000 	 0.992592 	 0.008493 
 9460000.000 	 0.991641 	 0.009837 
 9480000.000 	 0.989538 	 0.012512 
 9500000.000 	 0.992273 	 0.005344 
 9520000.000 	 0.993137 	 0.006365 
 9540000.000 	 0.989199 	 0.010564 
 9560000.000 	 0.991807 	 0.009442 
 9580000.000 	 0.986125 	 0.011912 
 9600000.000 	 0.988267 	 0.010852 
 9620000.000 	 0.993827 	 0.006679 
 9640000.000 	 0.990041 	 0.015663 
 9660000.000 	 0.989705 	 0.018599 
 9680000.000 	 0.991292 	 0.008576 
 9700000.000 	 0.985245 	 0.013725 
 9720000.000 	 0.992791 	 0.007808 
 9740000.000 	 0.992867 	 0.006974 
 9760000.000 	 0.991857 	 0.012412 
 9780000.000 	 0.987352 	 0.009923 
 9800000.000 	 0.990091 	 0.010730 
 9820000.000 	 0.990626 	 0.015735 
 9840000.000 	 0.989734 	 0.010356 
 9860000.000 	 0.993929 	 0.006250 
 9880000.000 	 0.990585 	 0.010888 
 9900000.000 	 0.987313 	 0.012863 
 9920000.000 	 0.988645 	 0.011694 
 9940000.000 	 0.992098 	 0.017329 
 9960000.000 	 0.991832 	 0.006667 
 9980000.000 	 0.991198 	 0.011934 
10000000.000 	 0.989510 	 0.011441 
10020000.000 	 0.990909 	 0.007211 
10040000.000 	 0.989590 	 0.008825 
10060000.000 	 0.989150 	 0.010183 
10080000.000 	 0.982713 	 0.017747 
10100000.000 	 0.991935 	 0.007388 
10120000.000 	 0.989157 	 0.009683 
10140000.000 	 0.991814 	 0.007913 
10160000.000 	 0.991818 	 0.007311 
10180000.000 	 0.993279 	 0.007096 
10200000.000 	 0.989974 	 0.010093 
10220000.000 	 0.990820 	 0.009059 
10240000.000 	 0.995836 	 0.003600 
10260000.000 	 0.991839 	 0.009020 
10280000.000 	 0.993131 	 0.004925 
10300000.000 	 0.989971 	 0.006699 
10320000.000 	 0.986517 	 0.012901 
10340000.000 	 0.991834 	 0.005894 
10360000.000 	 0.990501 	 0.008175 
10380000.000 	 0.990096 	 0.008486 
10400000.000 	 0.992618 	 0.008214 
10420000.000 	 0.993489 	 0.009723 
10440000.000 	 0.991366 	 0.007249 
10460000.000 	 0.992577 	 0.009458 
10480000.000 	 0.991277 	 0.009047 
10500000.000 	 0.992047 	 0.005734 
10520000.000 	 0.993867 	 0.006347 
10540000.000 	 0.991735 	 0.007683 
10560000.000 	 0.984827 	 0.012413 
10580000.000 	 0.990652 	 0.009837 
10600000.000 	 0.988887 	 0.012162 
10620000.000 	 0.987105 	 0.012075 
10640000.000 	 0.986017 	 0.012361 
10660000.000 	 0.991852 	 0.010920 
10680000.000 	 0.988914 	 0.010899 
10700000.000 	 0.989337 	 0.009497 
10720000.000 	 0.988930 	 0.010580 
10740000.000 	 0.992069 	 0.010584 
10760000.000 	 0.992869 	 0.007059 
10780000.000 	 0.993117 	 0.007920 
10800000.000 	 0.993330 	 0.006296 
10820000.000 	 0.993249 	 0.009253 
10840000.000 	 0.993025 	 0.006374 
10860000.000 	 0.994114 	 0.006615 
10880000.000 	 0.993915 	 0.009034 
10900000.000 	 0.987765 	 0.014738 
10920000.000 	 0.993766 	 0.005171 
10940000.000 	 0.991973 	 0.006971 
10960000.000 	 0.992968 	 0.006638 
10980000.000 	 0.993130 	 0.005852 
11000000.000 	 0.992631 	 0.007789 
11020000.000 	 0.993226 	 0.008515 
11040000.000 	 0.993208 	 0.007368 
11060000.000 	 0.992873 	 0.012474 
11080000.000 	 0.991496 	 0.005579 
11100000.000 	 0.989532 	 0.010060 
11120000.000 	 0.991999 	 0.008817 
11140000.000 	 0.990470 	 0.010352 
11160000.000 	 0.989530 	 0.011637 
11180000.000 	 0.990721 	 0.009102 
11200000.000 	 0.991651 	 0.010638 
11220000.000 	 0.988706 	 0.010710 
11240000.000 	 0.990587 	 0.009888 
11260000.000 	 0.994040 	 0.004958 
11280000.000 	 0.994951 	 0.009578 
11300000.000 	 0.989687 	 0.013499 
11320000.000 	 0.994400 	 0.008172 
11340000.000 	 0.991448 	 0.006888 
11360000.000 	 0.979001 	 0.014931 
11380000.000 	 0.984584 	 0.012924 
11400000.000 	 0.987498 	 0.010569 
11420000.000 	 0.990814 	 0.006429 
11440000.000 	 0.992927 	 0.007776 
11460000.000 	 0.992610 	 0.006738 
11480000.000 	 0.990885 	 0.010076 
11500000.000 	 0.989498 	 0.012408 
11520000.000 	 0.987250 	 0.011447 
11540000.000 	 0.993371 	 0.009946 
11560000.000 	 0.989536 	 0.010787 
11580000.000 	 0.992121 	 0.007277 
11600000.000 	 0.989101 	 0.010390 
11620000.000 	 0.995187 	 0.005429 
11640000.000 	 0.992561 	 0.009845 
11660000.000 	 0.993351 	 0.007452 
11680000.000 	 0.990872 	 0.008386 
11700000.000 	 0.993005 	 0.006410 
11720000.000 	 0.993740 	 0.008765 
11740000.000 	 0.991124 	 0.006949 
11760000.000 	 0.993586 	 0.006724 
11780000.000 	 0.993537 	 0.006344 
11800000.000 	 0.992152 	 0.008477 
11820000.000 	 0.992984 	 0.005613 
11840000.000 	 0.993265 	 0.005567 
11860000.000 	 0.992942 	 0.006136 
11880000.000 	 0.993011 	 0.006041 
11900000.000 	 0.987424 	 0.022269 
11920000.000 	 0.992203 	 0.008247 
11940000.000 	 0.983956 	 0.013087 
11960000.000 	 0.988509 	 0.007099 
11980000.000 	 0.987874 	 0.011047 
12000000.000 	 0.994455 	 0.006267 
12020000.000 	 0.992231 	 0.012704 
12040000.000 	 0.992397 	 0.005897 
12060000.000 	 0.989630 	 0.009681 
12080000.000 	 0.992889 	 0.006249 
12100000.000 	 0.991063 	 0.007626 
12120000.000 	 0.994144 	 0.006572 
12140000.000 	 0.987159 	 0.015058 
12160000.000 	 0.995061 	 0.006203 
12180000.000 	 0.993183 	 0.006994 
12200000.000 	 0.991527 	 0.008282 
12220000.000 	 0.989456 	 0.007927 
12240000.000 	 0.988723 	 0.013231 
12260000.000 	 0.984360 	 0.012348 
12280000.000 	 0.986788 	 0.012450 
12300000.000 	 0.983237 	 0.015667 
12320000.000 	 0.991855 	 0.012195 
12340000.000 	 0.991226 	 0.014366 
12360000.000 	 0.983819 	 0.016839 
12380000.000 	 0.991060 	 0.008004 
12400000.000 	 0.990686 	 0.011266 
12420000.000 	 0.988089 	 0.011970 
12440000.000 	 0.987611 	 0.009623 
12460000.000 	 0.986355 	 0.013799 
12480000.000 	 0.987591 	 0.013357 
12500000.000 	 0.990984 	 0.008231 
12520000.000 	 0.992601 	 0.006751 
12540000.000 	 0.993000 	 0.006733 
12560000.000 	 0.994952 	 0.006161 
12580000.000 	 0.994415 	 0.007374 
12600000.000 	 0.992597 	 0.006273 
12620000.000 	 0.992879 	 0.018313 
12640000.000 	 0.993689 	 0.005406 
12660000.000 	 0.993497 	 0.007098 
12680000.000 	 0.990019 	 0.010927 
12700000.000 	 0.994443 	 0.005710 
12720000.000 	 0.990603 	 0.012654 
12740000.000 	 0.992010 	 0.007247 
12760000.000 	 0.988400 	 0.008230 
12780000.000 	 0.987417 	 0.009980 
12800000.000 	 0.987174 	 0.011837 
12820000.000 	 0.988406 	 0.008597 
12840000.000 	 0.981732 	 0.015061 
12860000.000 	 0.984589 	 0.016456 
12880000.000 	 0.994960 	 0.007348 
12900000.000 	 0.990742 	 0.012532 
12920000.000 	 0.991517 	 0.011416 
12940000.000 	 0.994512 	 0.007337 
12960000.000 	 0.989337 	 0.013160 
12980000.000 	 0.992882 	 0.007998 
13000000.000 	 0.991185 	 0.008760 
13020000.000 	 0.990730 	 0.013997 
13040000.000 	 0.992969 	 0.007149 
13060000.000 	 0.994923 	 0.006019 
13080000.000 	 0.990341 	 0.007466 
13100000.000 	 0.990312 	 0.010050 
13120000.000 	 0.992008 	 0.005812 
13140000.000 	 0.988181 	 0.010426 
13160000.000 	 0.991566 	 0.007757 
13180000.000 	 0.992179 	 0.007671 
13200000.000 	 0.988072 	 0.013250 
13220000.000 	 0.987235 	 0.011264 
13240000.000 	 0.994313 	 0.005563 
13260000.000 	 0.988480 	 0.010496 
13280000.000 	 0.991473 	 0.008455 
13300000.000 	 0.987434 	 0.012409 
13320000.000 	 0.988094 	 0.011452 
13340000.000 	 0.992080 	 0.006593 
13360000.000 	 0.991822 	 0.005773 
13380000.000 	 0.991396 	 0.006900 
13400000.000 	 0.991263 	 0.009925 
13420000.000 	 0.995414 	 0.005382 
13440000.000 	 0.993083 	 0.007606 
13460000.000 	 0.991931 	 0.006226 
13480000.000 	 0.993147 	 0.008320 
13500000.000 	 0.989723 	 0.015985 
13520000.000 	 0.993458 	 0.005602 
13540000.000 	 0.988140 	 0.009689 
13560000.000 	 0.994599 	 0.004634 
13580000.000 	 0.990794 	 0.010345 
13600000.000 	 0.991157 	 0.014823 
13620000.000 	 0.993012 	 0.006486 
13640000.000 	 0.990154 	 0.010818 
13660000.000 	 0.989640 	 0.011569 
13680000.000 	 0.990625 	 0.010042 
13700000.000 	 0.993982 	 0.012781 
13720000.000 	 0.992112 	 0.010129 
13740000.000 	 0.992620 	 0.009751 
13760000.000 	 0.990088 	 0.014028 
13780000.000 	 0.993413 	 0.010092 
13800000.000 	 0.992072 	 0.006884 
13820000.000 	 0.991292 	 0.009001 
13840000.000 	 0.989505 	 0.009776 
13860000.000 	 0.992822 	 0.008802 
13880000.000 	 0.993960 	 0.007292 
13900000.000 	 0.997006 	 0.004537 
13920000.000 	 0.994649 	 0.003955 
13940000.000 	 0.994723 	 0.006371 
13960000.000 	 0.989463 	 0.010087 
13980000.000 	 0.991599 	 0.008394 
14000000.000 	 0.994351 	 0.009334 
14020000.000 	 0.993347 	 0.005517 
14040000.000 	 0.987382 	 0.006731 
14060000.000 	 0.993197 	 0.006279 
14080000.000 	 0.991539 	 0.009800 
14100000.000 	 0.995428 	 0.007500 
14120000.000 	 0.993083 	 0.008002 
14140000.000 	 0.995846 	 0.004840 
14160000.000 	 0.994333 	 0.010074 
14180000.000 	 0.993594 	 0.011339 
14200000.000 	 0.995042 	 0.007802 
14220000.000 	 0.996100 	 0.006347 
14240000.000 	 0.993038 	 0.005941 
14260000.000 	 0.991270 	 0.008577 
14280000.000 	 0.992321 	 0.007123 
14300000.000 	 0.996732 	 0.004472 
14320000.000 	 0.993741 	 0.007439 
14340000.000 	 0.995992 	 0.004793 
14360000.000 	 0.994470 	 0.009679 
14380000.000 	 0.994589 	 0.008789 
14400000.000 	 0.991610 	 0.007848 
