       0.000 	 0.821403 	 0.076194 
   20000.000 	 0.797244 	 0.105414 
   40000.000 	 0.805664 	 0.084465 
   60000.000 	 0.784344 	 0.108863 
   80000.000 	 0.799955 	 0.128253 
  100000.000 	 0.800263 	 0.113284 
  120000.000 	 0.787446 	 0.128489 
  140000.000 	 0.787534 	 0.123336 
  160000.000 	 0.789533 	 0.118223 
  180000.000 	 0.774073 	 0.120546 
  200000.000 	 0.766275 	 0.124385 
  220000.000 	 0.798743 	 0.108173 
  240000.000 	 0.765668 	 0.121763 
  260000.000 	 0.773436 	 0.100460 
  280000.000 	 0.774997 	 0.129037 
  300000.000 	 0.773443 	 0.126184 
  320000.000 	 0.777724 	 0.115099 
  340000.000 	 0.763902 	 0.131464 
  360000.000 	 0.753879 	 0.121528 
  380000.000 	 0.761249 	 0.115504 
  400000.000 	 0.758979 	 0.111173 
  420000.000 	 0.768867 	 0.109328 
  440000.000 	 0.777131 	 0.106242 
  460000.000 	 0.780484 	 0.117210 
  480000.000 	 0.800095 	 0.107471 
  500000.000 	 0.781630 	 0.109026 
  520000.000 	 0.764267 	 0.099904 
  540000.000 	 0.758442 	 0.105684 
  560000.000 	 0.748719 	 0.113252 
  580000.000 	 0.762676 	 0.113502 
  600000.000 	 0.748810 	 0.117766 
  620000.000 	 0.759557 	 0.134225 
  640000.000 	 0.757641 	 0.109109 
  660000.000 	 0.754407 	 0.095962 
  680000.000 	 0.752273 	 0.094847 
  700000.000 	 0.762562 	 0.107539 
  720000.000 	 0.765796 	 0.100967 
  740000.000 	 0.768398 	 0.086287 
  760000.000 	 0.766701 	 0.121219 
  780000.000 	 0.744116 	 0.108279 
  800000.000 	 0.764025 	 0.102370 
  820000.000 	 0.754485 	 0.103133 
  840000.000 	 0.723088 	 0.118034 
  860000.000 	 0.739718 	 0.120184 
  880000.000 	 0.749655 	 0.104265 
  900000.000 	 0.754204 	 0.116079 
  920000.000 	 0.741553 	 0.129084 
  940000.000 	 0.745716 	 0.123368 
  960000.000 	 0.762903 	 0.104825 
  980000.000 	 0.766119 	 0.096848 
 1000000.000 	 0.745621 	 0.122023 
 1020000.000 	 0.749554 	 0.115409 
 1040000.000 	 0.749988 	 0.117944 
 1060000.000 	 0.736030 	 0.078165 
 1080000.000 	 0.752134 	 0.102121 
 1100000.000 	 0.750798 	 0.105471 
 1120000.000 	 0.752319 	 0.095022 
 1140000.000 	 0.763097 	 0.099204 
 1160000.000 	 0.770897 	 0.095343 
 1180000.000 	 0.766902 	 0.095247 
 1200000.000 	 0.767516 	 0.099064 
 1220000.000 	 0.749615 	 0.095217 
 1240000.000 	 0.754664 	 0.117294 
 1260000.000 	 0.743578 	 0.101837 
 1280000.000 	 0.774475 	 0.083456 
 1300000.000 	 0.764667 	 0.092488 
 1320000.000 	 0.753706 	 0.094582 
 1340000.000 	 0.761554 	 0.106396 
 1360000.000 	 0.759798 	 0.104662 
 1380000.000 	 0.759779 	 0.084148 
 1400000.000 	 0.739530 	 0.096557 
 1420000.000 	 0.764006 	 0.100380 
 1440000.000 	 0.756266 	 0.101249 
 1460000.000 	 0.754802 	 0.091276 
 1480000.000 	 0.742613 	 0.099540 
 1500000.000 	 0.760126 	 0.100872 
 1520000.000 	 0.745698 	 0.105697 
 1540000.000 	 0.740927 	 0.103247 
 1560000.000 	 0.730880 	 0.099715 
 1580000.000 	 0.722601 	 0.083636 
 1600000.000 	 0.757427 	 0.102815 
 1620000.000 	 0.753637 	 0.085713 
 1640000.000 	 0.730279 	 0.095446 
 1660000.000 	 0.743444 	 0.096718 
 1680000.000 	 0.737947 	 0.077985 
 1700000.000 	 0.732624 	 0.088885 
 1720000.000 	 0.729841 	 0.100137 
 1740000.000 	 0.733451 	 0.088051 
 1760000.000 	 0.765704 	 0.091659 
 1780000.000 	 0.740036 	 0.106236 
 1800000.000 	 0.736484 	 0.074136 
 1820000.000 	 0.746664 	 0.107644 
 1840000.000 	 0.751974 	 0.101175 
 1860000.000 	 0.756048 	 0.093236 
 1880000.000 	 0.740714 	 0.099524 
 1900000.000 	 0.741368 	 0.077106 
 1920000.000 	 0.752989 	 0.083765 
 1940000.000 	 0.742792 	 0.086110 
 1960000.000 	 0.747138 	 0.100937 
 1980000.000 	 0.796040 	 0.091165 
 2000000.000 	 0.740516 	 0.088555 
 2020000.000 	 0.740185 	 0.099725 
 2040000.000 	 0.753992 	 0.102859 
 2060000.000 	 0.732914 	 0.107163 
 2080000.000 	 0.735576 	 0.082885 
 2100000.000 	 0.745027 	 0.083893 
 2120000.000 	 0.745777 	 0.097283 
 2140000.000 	 0.748263 	 0.081823 
 2160000.000 	 0.753642 	 0.105006 
 2180000.000 	 0.752265 	 0.077087 
 2200000.000 	 0.782984 	 0.092713 
 2220000.000 	 0.771613 	 0.100707 
 2240000.000 	 0.766680 	 0.090968 
 2260000.000 	 0.767090 	 0.093157 
 2280000.000 	 0.768574 	 0.101302 
 2300000.000 	 0.773748 	 0.087323 
 2320000.000 	 0.754284 	 0.093368 
 2340000.000 	 0.752808 	 0.091069 
 2360000.000 	 0.767606 	 0.092983 
 2380000.000 	 0.770944 	 0.081817 
 2400000.000 	 0.769431 	 0.084749 
 2420000.000 	 0.766227 	 0.074600 
 2440000.000 	 0.764813 	 0.091748 
 2460000.000 	 0.735713 	 0.085038 
 2480000.000 	 0.755122 	 0.092526 
 2500000.000 	 0.771790 	 0.092904 
 2520000.000 	 0.752732 	 0.102389 
 2540000.000 	 0.732414 	 0.072901 
 2560000.000 	 0.740529 	 0.082176 
 2580000.000 	 0.763192 	 0.069416 
 2600000.000 	 0.738356 	 0.089432 
 2620000.000 	 0.739062 	 0.074611 
 2640000.000 	 0.737144 	 0.081200 
 2660000.000 	 0.721823 	 0.102267 
 2680000.000 	 0.745297 	 0.079251 
 2700000.000 	 0.730035 	 0.094104 
 2720000.000 	 0.771789 	 0.087392 
 2740000.000 	 0.763114 	 0.092120 
 2760000.000 	 0.773740 	 0.085479 
 2780000.000 	 0.772213 	 0.081202 
 2800000.000 	 0.756774 	 0.085157 
 2820000.000 	 0.750169 	 0.079101 
 2840000.000 	 0.763718 	 0.073836 
 2860000.000 	 0.732422 	 0.102641 
 2880000.000 	 0.741332 	 0.096920 
 2900000.000 	 0.749062 	 0.059863 
 2920000.000 	 0.748594 	 0.085862 
 2940000.000 	 0.750214 	 0.072043 
 2960000.000 	 0.735543 	 0.079488 
 2980000.000 	 0.730116 	 0.075041 
 3000000.000 	 0.739091 	 0.076810 
 3020000.000 	 0.739905 	 0.078225 
 3040000.000 	 0.754607 	 0.090440 
 3060000.000 	 0.773777 	 0.074690 
 3080000.000 	 0.754942 	 0.097917 
 3100000.000 	 0.760329 	 0.079029 
 3120000.000 	 0.771757 	 0.064040 
 3140000.000 	 0.769594 	 0.094726 
 3160000.000 	 0.792893 	 0.091064 
 3180000.000 	 0.758632 	 0.085842 
 3200000.000 	 0.775784 	 0.075932 
 3220000.000 	 0.762349 	 0.068025 
 3240000.000 	 0.768007 	 0.075562 
 3260000.000 	 0.742621 	 0.086430 
 3280000.000 	 0.757959 	 0.075177 
 3300000.000 	 0.762255 	 0.077397 
 3320000.000 	 0.740478 	 0.074758 
 3340000.000 	 0.732818 	 0.096787 
 3360000.000 	 0.746222 	 0.085745 
 3380000.000 	 0.745295 	 0.070622 
 3400000.000 	 0.766137 	 0.070031 
 3420000.000 	 0.747021 	 0.075465 
 3440000.000 	 0.774944 	 0.070756 
 3460000.000 	 0.754175 	 0.065901 
 3480000.000 	 0.743379 	 0.066189 
 3500000.000 	 0.759523 	 0.070477 
 3520000.000 	 0.765920 	 0.073169 
 3540000.000 	 0.771574 	 0.080267 
 3560000.000 	 0.769458 	 0.086876 
 3580000.000 	 0.744113 	 0.080702 
 3600000.000 	 0.746624 	 0.075895 
 3620000.000 	 0.759144 	 0.087576 
 3640000.000 	 0.784542 	 0.069050 
 3660000.000 	 0.755290 	 0.072374 
 3680000.000 	 0.764632 	 0.084732 
 3700000.000 	 0.776550 	 0.079678 
 3720000.000 	 0.738764 	 0.086239 
 3740000.000 	 0.775704 	 0.068589 
 3760000.000 	 0.778734 	 0.075543 
 3780000.000 	 0.759979 	 0.060339 
 3800000.000 	 0.773821 	 0.058528 
 3820000.000 	 0.775768 	 0.075312 
 3840000.000 	 0.776214 	 0.078668 
 3860000.000 	 0.769515 	 0.056934 
 3880000.000 	 0.758032 	 0.080274 
 3900000.000 	 0.750971 	 0.093505 
 3920000.000 	 0.759041 	 0.066262 
 3940000.000 	 0.755847 	 0.083051 
 3960000.000 	 0.758168 	 0.083566 
 3980000.000 	 0.773009 	 0.071292 
 4000000.000 	 0.763724 	 0.084968 
 4020000.000 	 0.794828 	 0.073910 
 4040000.000 	 0.784085 	 0.084042 
 4060000.000 	 0.769197 	 0.084137 
 4080000.000 	 0.780292 	 0.072170 
 4100000.000 	 0.766644 	 0.071426 
 4120000.000 	 0.786602 	 0.067760 
 4140000.000 	 0.785704 	 0.090663 
 4160000.000 	 0.780746 	 0.092154 
 4180000.000 	 0.777032 	 0.081842 
 4200000.000 	 0.767755 	 0.083876 
 4220000.000 	 0.760412 	 0.080497 
 4240000.000 	 0.753099 	 0.085069 
 4260000.000 	 0.761402 	 0.074075 
 4280000.000 	 0.751009 	 0.080332 
 4300000.000 	 0.774245 	 0.091355 
 4320000.000 	 0.747144 	 0.094452 
 4340000.000 	 0.781550 	 0.093985 
 4360000.000 	 0.770000 	 0.077305 
 4380000.000 	 0.768688 	 0.067934 
 4400000.000 	 0.757961 	 0.081699 
 4420000.000 	 0.786732 	 0.069496 
 4440000.000 	 0.773201 	 0.076989 
 4460000.000 	 0.766455 	 0.081799 
 4480000.000 	 0.763526 	 0.084290 
 4500000.000 	 0.763908 	 0.079527 
 4520000.000 	 0.769848 	 0.068220 
 4540000.000 	 0.762669 	 0.064044 
 4560000.000 	 0.779476 	 0.061804 
 4580000.000 	 0.774947 	 0.074523 
 4600000.000 	 0.755239 	 0.060603 
 4620000.000 	 0.744656 	 0.069756 
 4640000.000 	 0.762933 	 0.083973 
 4660000.000 	 0.786583 	 0.070252 
 4680000.000 	 0.785774 	 0.069380 
 4700000.000 	 0.789689 	 0.066820 
 4720000.000 	 0.791441 	 0.069793 
 4740000.000 	 0.788671 	 0.073957 
 4760000.000 	 0.755399 	 0.087773 
 4780000.000 	 0.768978 	 0.068770 
 4800000.000 	 0.765936 	 0.066014 
 4820000.000 	 0.755270 	 0.075518 
 4840000.000 	 0.769144 	 0.071450 
 4860000.000 	 0.775930 	 0.077485 
 4880000.000 	 0.770019 	 0.078182 
 4900000.000 	 0.755902 	 0.083711 
 4920000.000 	 0.772992 	 0.069034 
 4940000.000 	 0.786452 	 0.058259 
 4960000.000 	 0.778975 	 0.078558 
 4980000.000 	 0.765347 	 0.099840 
 5000000.000 	 0.745992 	 0.072243 
 5020000.000 	 0.788398 	 0.082663 
 5040000.000 	 0.763429 	 0.072451 
 5060000.000 	 0.789228 	 0.070983 
 5080000.000 	 0.773342 	 0.055804 
 5100000.000 	 0.780515 	 0.055043 
 5120000.000 	 0.786351 	 0.063703 
 5140000.000 	 0.774051 	 0.077618 
 5160000.000 	 0.768387 	 0.075732 
 5180000.000 	 0.768647 	 0.061018 
 5200000.000 	 0.792754 	 0.064967 
 5220000.000 	 0.760678 	 0.075579 
 5240000.000 	 0.745682 	 0.055857 
 5260000.000 	 0.764320 	 0.083265 
 5280000.000 	 0.801510 	 0.087516 
 5300000.000 	 0.785452 	 0.102844 
 5320000.000 	 0.784473 	 0.072273 
 5340000.000 	 0.771386 	 0.077891 
 5360000.000 	 0.759887 	 0.058580 
 5380000.000 	 0.766025 	 0.064399 
 5400000.000 	 0.785582 	 0.074864 
 5420000.000 	 0.790540 	 0.074762 
 5440000.000 	 0.786287 	 0.068158 
 5460000.000 	 0.787262 	 0.068221 
 5480000.000 	 0.802617 	 0.070130 
 5500000.000 	 0.769930 	 0.066929 
 5520000.000 	 0.764329 	 0.067549 
 5540000.000 	 0.774837 	 0.075575 
 5560000.000 	 0.767042 	 0.069753 
 5580000.000 	 0.777639 	 0.058299 
 5600000.000 	 0.775063 	 0.049954 
 5620000.000 	 0.766155 	 0.082201 
 5640000.000 	 0.777572 	 0.067430 
 5660000.000 	 0.781740 	 0.058236 
 5680000.000 	 0.757892 	 0.073758 
 5700000.000 	 0.777162 	 0.062304 
 5720000.000 	 0.771852 	 0.092406 
 5740000.000 	 0.776932 	 0.054427 
 5760000.000 	 0.781768 	 0.046594 
 5780000.000 	 0.759501 	 0.042991 
 5800000.000 	 0.764406 	 0.058047 
 5820000.000 	 0.786234 	 0.053729 
 5840000.000 	 0.784095 	 0.076991 
 5860000.000 	 0.759638 	 0.073287 
 5880000.000 	 0.767943 	 0.076137 
 5900000.000 	 0.783441 	 0.080186 
 5920000.000 	 0.772504 	 0.084883 
 5940000.000 	 0.785310 	 0.073382 
 5960000.000 	 0.771608 	 0.065855 
 5980000.000 	 0.786356 	 0.061202 
 6000000.000 	 0.782191 	 0.063441 
 6020000.000 	 0.783044 	 0.064995 
 6040000.000 	 0.780064 	 0.082627 
 6060000.000 	 0.755878 	 0.078772 
 6080000.000 	 0.760525 	 0.065826 
 6100000.000 	 0.752752 	 0.075120 
 6120000.000 	 0.746966 	 0.074834 
 6140000.000 	 0.766636 	 0.074876 
 6160000.000 	 0.811390 	 0.054146 
 6180000.000 	 0.771322 	 0.054646 
 6200000.000 	 0.783055 	 0.075326 
 6220000.000 	 0.765444 	 0.084035 
 6240000.000 	 0.787697 	 0.088035 
 6260000.000 	 0.780380 	 0.083841 
 6280000.000 	 0.787073 	 0.060758 
 6300000.000 	 0.794049 	 0.074646 
 6320000.000 	 0.782282 	 0.068754 
 6340000.000 	 0.776368 	 0.063943 
 6360000.000 	 0.766912 	 0.056737 
 6380000.000 	 0.771599 	 0.070469 
 6400000.000 	 0.759525 	 0.079267 
 6420000.000 	 0.777101 	 0.062508 
 6440000.000 	 0.780501 	 0.067916 
 6460000.000 	 0.778877 	 0.064118 
 6480000.000 	 0.771844 	 0.072055 
 6500000.000 	 0.775522 	 0.088411 
 6520000.000 	 0.774138 	 0.083560 
 6540000.000 	 0.774400 	 0.075984 
 6560000.000 	 0.756433 	 0.066870 
 6580000.000 	 0.751434 	 0.068676 
 6600000.000 	 0.778744 	 0.076862 
 6620000.000 	 0.787065 	 0.087198 
 6640000.000 	 0.771051 	 0.069369 
 6660000.000 	 0.778483 	 0.091340 
 6680000.000 	 0.780799 	 0.067508 
 6700000.000 	 0.802041 	 0.074445 
 6720000.000 	 0.778367 	 0.071822 
 6740000.000 	 0.781418 	 0.047846 
 6760000.000 	 0.763146 	 0.099317 
 6780000.000 	 0.778390 	 0.083618 
 6800000.000 	 0.753156 	 0.075726 
 6820000.000 	 0.769370 	 0.068623 
 6840000.000 	 0.767483 	 0.079049 
 6860000.000 	 0.779630 	 0.073895 
 6880000.000 	 0.773186 	 0.083910 
 6900000.000 	 0.752278 	 0.079686 
 6920000.000 	 0.751923 	 0.077371 
 6940000.000 	 0.759988 	 0.066015 
 6960000.000 	 0.761056 	 0.078802 
 6980000.000 	 0.768581 	 0.074494 
 7000000.000 	 0.729440 	 0.090835 
 7020000.000 	 0.739348 	 0.079822 
 7040000.000 	 0.751020 	 0.062529 
 7060000.000 	 0.756724 	 0.081961 
 7080000.000 	 0.764723 	 0.063444 
 7100000.000 	 0.791561 	 0.082705 
 7120000.000 	 0.781373 	 0.082908 
 7140000.000 	 0.765712 	 0.068494 
 7160000.000 	 0.771603 	 0.087424 
 7180000.000 	 0.779773 	 0.092657 
 7200000.000 	 0.787516 	 0.063695 
 7220000.000 	 0.767558 	 0.075130 
 7240000.000 	 0.776153 	 0.074206 
 7260000.000 	 0.764803 	 0.066045 
 7280000.000 	 0.779638 	 0.074519 
 7300000.000 	 0.779337 	 0.070690 
 7320000.000 	 0.773166 	 0.074951 
 7340000.000 	 0.786676 	 0.063642 
 7360000.000 	 0.781155 	 0.059804 
 7380000.000 	 0.763213 	 0.058656 
 7400000.000 	 0.766854 	 0.071781 
 7420000.000 	 0.793831 	 0.085675 
 7440000.000 	 0.770299 	 0.075503 
 7460000.000 	 0.773332 	 0.081830 
 7480000.000 	 0.791118 	 0.071124 
 7500000.000 	 0.791273 	 0.081478 
 7520000.000 	 0.797906 	 0.073049 
 7540000.000 	 0.768286 	 0.075833 
 7560000.000 	 0.793756 	 0.056923 
 7580000.000 	 0.786992 	 0.073135 
 7600000.000 	 0.779896 	 0.085198 
 7620000.000 	 0.772879 	 0.059549 
 7640000.000 	 0.788879 	 0.067648 
 7660000.000 	 0.762471 	 0.061190 
 7680000.000 	 0.781372 	 0.053370 
 7700000.000 	 0.788925 	 0.066320 
 7720000.000 	 0.778204 	 0.069618 
 7740000.000 	 0.790513 	 0.069676 
 7760000.000 	 0.747089 	 0.067588 
 7780000.000 	 0.760987 	 0.069220 
 7800000.000 	 0.767366 	 0.045553 
 7820000.000 	 0.761291 	 0.058550 
 7840000.000 	 0.773078 	 0.054794 
 7860000.000 	 0.762939 	 0.063856 
 7880000.000 	 0.772519 	 0.071850 
 7900000.000 	 0.765575 	 0.065119 
 7920000.000 	 0.772724 	 0.065712 
 7940000.000 	 0.766019 	 0.070694 
 7960000.000 	 0.770747 	 0.070334 
 7980000.000 	 0.775962 	 0.051599 
 8000000.000 	 0.764828 	 0.062549 
 8020000.000 	 0.771235 	 0.051508 
 8040000.000 	 0.744379 	 0.077357 
 8060000.000 	 0.780641 	 0.078707 
 8080000.000 	 0.766103 	 0.076512 
 8100000.000 	 0.774367 	 0.065401 
 8120000.000 	 0.767531 	 0.059284 
 8140000.000 	 0.763221 	 0.043661 
 8160000.000 	 0.775370 	 0.077774 
 8180000.000 	 0.770798 	 0.073165 
 8200000.000 	 0.793916 	 0.090383 
 8220000.000 	 0.780844 	 0.066602 
 8240000.000 	 0.787951 	 0.054930 
 8260000.000 	 0.771746 	 0.070816 
 8280000.000 	 0.764777 	 0.064581 
 8300000.000 	 0.801111 	 0.060091 
 8320000.000 	 0.788262 	 0.060337 
 8340000.000 	 0.784904 	 0.068936 
 8360000.000 	 0.783563 	 0.068276 
 8380000.000 	 0.781097 	 0.061312 
 8400000.000 	 0.768794 	 0.062588 
 8420000.000 	 0.763019 	 0.077311 
 8440000.000 	 0.787979 	 0.063949 
 8460000.000 	 0.793580 	 0.061441 
 8480000.000 	 0.813728 	 0.053400 
 8500000.000 	 0.812487 	 0.071900 
 8520000.000 	 0.801268 	 0.070089 
 8540000.000 	 0.809566 	 0.066600 
 8560000.000 	 0.767771 	 0.063658 
 8580000.000 	 0.760800 	 0.067301 
 8600000.000 	 0.803665 	 0.065355 
 8620000.000 	 0.764490 	 0.081281 
 8640000.000 	 0.788977 	 0.098695 
 8660000.000 	 0.794305 	 0.055473 
 8680000.000 	 0.774869 	 0.050773 
 8700000.000 	 0.781231 	 0.083665 
 8720000.000 	 0.769428 	 0.059894 
 8740000.000 	 0.799819 	 0.057275 
 8760000.000 	 0.777958 	 0.063509 
 8780000.000 	 0.785288 	 0.063998 
 8800000.000 	 0.785751 	 0.065488 
 8820000.000 	 0.774699 	 0.071501 
 8840000.000 	 0.768521 	 0.082398 
 8860000.000 	 0.780714 	 0.082983 
 8880000.000 	 0.783076 	 0.081902 
 8900000.000 	 0.744005 	 0.068131 
 8920000.000 	 0.755517 	 0.065905 
 8940000.000 	 0.776326 	 0.071206 
 8960000.000 	 0.778474 	 0.088502 
 8980000.000 	 0.782179 	 0.069316 
 9000000.000 	 0.788285 	 0.064155 
 9020000.000 	 0.774402 	 0.072111 
 9040000.000 	 0.773970 	 0.081892 
 9060000.000 	 0.761314 	 0.072598 
 9080000.000 	 0.776253 	 0.070499 
 9100000.000 	 0.778399 	 0.062392 
 9120000.000 	 0.798026 	 0.062032 
 9140000.000 	 0.792334 	 0.078881 
 9160000.000 	 0.768885 	 0.063112 
 9180000.000 	 0.772718 	 0.062717 
 9200000.000 	 0.801478 	 0.045425 
 9220000.000 	 0.782125 	 0.056314 
 9240000.000 	 0.794375 	 0.072030 
 9260000.000 	 0.787352 	 0.082864 
 9280000.000 	 0.774742 	 0.067549 
 9300000.000 	 0.769659 	 0.070640 
 9320000.000 	 0.784456 	 0.062978 
 9340000.000 	 0.792362 	 0.066226 
 9360000.000 	 0.805904 	 0.061961 
 9380000.000 	 0.801957 	 0.071630 
 9400000.000 	 0.803356 	 0.068723 
 9420000.000 	 0.799683 	 0.080684 
 9440000.000 	 0.786425 	 0.076534 
 9460000.000 	 0.778126 	 0.065663 
 9480000.000 	 0.752085 	 0.083294 
 9500000.000 	 0.753841 	 0.056679 
 9520000.000 	 0.781550 	 0.046930 
 9540000.000 	 0.774625 	 0.051492 
 9560000.000 	 0.798254 	 0.073950 
 9580000.000 	 0.792915 	 0.064370 
 9600000.000 	 0.774464 	 0.067757 
 9620000.000 	 0.777291 	 0.050090 
 9640000.000 	 0.792236 	 0.072210 
 9660000.000 	 0.787701 	 0.076672 
 9680000.000 	 0.762041 	 0.086782 
 9700000.000 	 0.765528 	 0.083562 
 9720000.000 	 0.770197 	 0.055386 
 9740000.000 	 0.789373 	 0.058188 
 9760000.000 	 0.792575 	 0.063233 
 9780000.000 	 0.778144 	 0.084458 
 9800000.000 	 0.768570 	 0.059221 
 9820000.000 	 0.764749 	 0.058986 
 9840000.000 	 0.794425 	 0.062733 
 9860000.000 	 0.766546 	 0.060496 
 9880000.000 	 0.771068 	 0.077458 
 9900000.000 	 0.780704 	 0.059341 
 9920000.000 	 0.779880 	 0.059256 
 9940000.000 	 0.789510 	 0.047203 
 9960000.000 	 0.788399 	 0.053983 
 9980000.000 	 0.794129 	 0.080086 
10000000.000 	 0.808343 	 0.073995 
