       0.000 	 0.973791 	 0.023563 
   20000.000 	 0.971876 	 0.031992 
   40000.000 	 0.978134 	 0.022210 
   60000.000 	 0.973739 	 0.025064 
   80000.000 	 0.974754 	 0.025043 
  100000.000 	 0.973228 	 0.028320 
  120000.000 	 0.974995 	 0.021571 
  140000.000 	 0.976510 	 0.022640 
  160000.000 	 0.981076 	 0.021272 
  180000.000 	 0.971329 	 0.027854 
  200000.000 	 0.973049 	 0.028105 
  220000.000 	 0.976838 	 0.021319 
  240000.000 	 0.980722 	 0.019984 
  260000.000 	 0.982596 	 0.016831 
  280000.000 	 0.977203 	 0.024064 
  300000.000 	 0.982605 	 0.014370 
  320000.000 	 0.982475 	 0.017868 
  340000.000 	 0.980666 	 0.020579 
  360000.000 	 0.982645 	 0.018866 
  380000.000 	 0.978449 	 0.020647 
  400000.000 	 0.975384 	 0.022294 
  420000.000 	 0.977988 	 0.023200 
  440000.000 	 0.982175 	 0.023585 
  460000.000 	 0.975636 	 0.024355 
  480000.000 	 0.975991 	 0.022016 
  500000.000 	 0.982572 	 0.015942 
  520000.000 	 0.980852 	 0.022156 
  540000.000 	 0.986572 	 0.015348 
  560000.000 	 0.984161 	 0.019135 
  580000.000 	 0.987159 	 0.013085 
  600000.000 	 0.982658 	 0.018852 
  620000.000 	 0.983878 	 0.015161 
  640000.000 	 0.982217 	 0.025018 
  660000.000 	 0.988677 	 0.011519 
  680000.000 	 0.980913 	 0.016141 
  700000.000 	 0.984324 	 0.015719 
  720000.000 	 0.980096 	 0.021446 
  740000.000 	 0.988149 	 0.010856 
  760000.000 	 0.983522 	 0.016768 
  780000.000 	 0.988813 	 0.010259 
  800000.000 	 0.983964 	 0.014336 
  820000.000 	 0.982447 	 0.018365 
  840000.000 	 0.986500 	 0.013547 
  860000.000 	 0.981654 	 0.016776 
  880000.000 	 0.978912 	 0.018764 
  900000.000 	 0.985030 	 0.016332 
  920000.000 	 0.983009 	 0.015505 
  940000.000 	 0.980087 	 0.022112 
  960000.000 	 0.978545 	 0.020397 
  980000.000 	 0.982556 	 0.019667 
 1000000.000 	 0.985175 	 0.013645 
 1020000.000 	 0.987218 	 0.011190 
 1040000.000 	 0.978147 	 0.020204 
 1060000.000 	 0.985144 	 0.015953 
 1080000.000 	 0.989311 	 0.011374 
 1100000.000 	 0.982721 	 0.015567 
 1120000.000 	 0.988108 	 0.014241 
 1140000.000 	 0.985580 	 0.017922 
 1160000.000 	 0.981788 	 0.016893 
 1180000.000 	 0.987515 	 0.011992 
 1200000.000 	 0.983510 	 0.016522 
 1220000.000 	 0.985102 	 0.013724 
 1240000.000 	 0.983312 	 0.016599 
 1260000.000 	 0.984033 	 0.012351 
 1280000.000 	 0.982180 	 0.020764 
 1300000.000 	 0.985944 	 0.015454 
 1320000.000 	 0.989481 	 0.009925 
 1340000.000 	 0.990273 	 0.010422 
 1360000.000 	 0.986604 	 0.013983 
 1380000.000 	 0.988259 	 0.011496 
 1400000.000 	 0.981608 	 0.017548 
 1420000.000 	 0.982516 	 0.019890 
 1440000.000 	 0.986360 	 0.018098 
 1460000.000 	 0.989070 	 0.012454 
 1480000.000 	 0.989477 	 0.013103 
 1500000.000 	 0.985148 	 0.011849 
 1520000.000 	 0.987706 	 0.014080 
 1540000.000 	 0.982421 	 0.021697 
 1560000.000 	 0.987678 	 0.012014 
 1580000.000 	 0.986639 	 0.016601 
 1600000.000 	 0.990456 	 0.009162 
 1620000.000 	 0.990933 	 0.009093 
 1640000.000 	 0.986401 	 0.015125 
 1660000.000 	 0.988566 	 0.012555 
 1680000.000 	 0.989943 	 0.009393 
 1700000.000 	 0.986693 	 0.010800 
 1720000.000 	 0.985356 	 0.012746 
 1740000.000 	 0.981770 	 0.017450 
 1760000.000 	 0.986646 	 0.014346 
 1780000.000 	 0.983428 	 0.019817 
 1800000.000 	 0.985220 	 0.014825 
 1820000.000 	 0.982481 	 0.017570 
 1840000.000 	 0.990119 	 0.011142 
 1860000.000 	 0.984493 	 0.015144 
 1880000.000 	 0.989234 	 0.007120 
 1900000.000 	 0.991126 	 0.012476 
 1920000.000 	 0.984520 	 0.017039 
 1940000.000 	 0.978211 	 0.022432 
 1960000.000 	 0.991453 	 0.008330 
 1980000.000 	 0.986764 	 0.011670 
 2000000.000 	 0.986019 	 0.010720 
 2020000.000 	 0.988536 	 0.011775 
 2040000.000 	 0.988058 	 0.012617 
 2060000.000 	 0.989086 	 0.010699 
 2080000.000 	 0.989221 	 0.015818 
 2100000.000 	 0.984358 	 0.017972 
 2120000.000 	 0.982946 	 0.014195 
 2140000.000 	 0.986707 	 0.011703 
 2160000.000 	 0.988704 	 0.012493 
 2180000.000 	 0.988586 	 0.009773 
 2200000.000 	 0.985020 	 0.015193 
 2220000.000 	 0.982999 	 0.016481 
 2240000.000 	 0.982906 	 0.010814 
 2260000.000 	 0.988190 	 0.009418 
 2280000.000 	 0.987842 	 0.012839 
 2300000.000 	 0.986943 	 0.015384 
 2320000.000 	 0.985150 	 0.019758 
 2340000.000 	 0.988687 	 0.011227 
 2360000.000 	 0.985307 	 0.015597 
 2380000.000 	 0.987471 	 0.010335 
 2400000.000 	 0.990112 	 0.009918 
 2420000.000 	 0.987590 	 0.011017 
 2440000.000 	 0.986358 	 0.010929 
 2460000.000 	 0.982147 	 0.015988 
 2480000.000 	 0.986012 	 0.017554 
 2500000.000 	 0.988735 	 0.009601 
 2520000.000 	 0.989904 	 0.009968 
 2540000.000 	 0.988435 	 0.017111 
 2560000.000 	 0.991079 	 0.009417 
 2580000.000 	 0.988791 	 0.013660 
 2600000.000 	 0.988359 	 0.011605 
 2620000.000 	 0.985370 	 0.015530 
 2640000.000 	 0.990860 	 0.009719 
 2660000.000 	 0.990426 	 0.011078 
 2680000.000 	 0.986469 	 0.014302 
 2700000.000 	 0.982767 	 0.019688 
 2720000.000 	 0.986803 	 0.015343 
 2740000.000 	 0.990242 	 0.009754 
 2760000.000 	 0.987353 	 0.014282 
 2780000.000 	 0.988346 	 0.010436 
 2800000.000 	 0.988794 	 0.009967 
 2820000.000 	 0.986190 	 0.016654 
 2840000.000 	 0.979117 	 0.019048 
 2860000.000 	 0.988561 	 0.011086 
 2880000.000 	 0.987124 	 0.012688 
 2900000.000 	 0.987997 	 0.012483 
 2920000.000 	 0.987593 	 0.014402 
 2940000.000 	 0.987800 	 0.012743 
 2960000.000 	 0.987288 	 0.012241 
 2980000.000 	 0.982842 	 0.017820 
 3000000.000 	 0.985290 	 0.014512 
 3020000.000 	 0.983933 	 0.018575 
 3040000.000 	 0.984517 	 0.016922 
 3060000.000 	 0.988722 	 0.010981 
 3080000.000 	 0.987130 	 0.015598 
 3100000.000 	 0.985995 	 0.015044 
 3120000.000 	 0.981981 	 0.019518 
 3140000.000 	 0.984727 	 0.018464 
 3160000.000 	 0.983981 	 0.014927 
 3180000.000 	 0.988124 	 0.010552 
 3200000.000 	 0.986922 	 0.011589 
 3220000.000 	 0.985913 	 0.012560 
 3240000.000 	 0.991117 	 0.010560 
 3260000.000 	 0.987669 	 0.012562 
 3280000.000 	 0.990370 	 0.008199 
 3300000.000 	 0.989825 	 0.008916 
 3320000.000 	 0.989665 	 0.009131 
 3340000.000 	 0.989887 	 0.013099 
 3360000.000 	 0.988311 	 0.012777 
 3380000.000 	 0.990762 	 0.011551 
 3400000.000 	 0.989180 	 0.010362 
 3420000.000 	 0.988417 	 0.011704 
 3440000.000 	 0.990406 	 0.009355 
 3460000.000 	 0.987006 	 0.014018 
 3480000.000 	 0.987694 	 0.014945 
 3500000.000 	 0.989462 	 0.012652 
 3520000.000 	 0.985418 	 0.012965 
 3540000.000 	 0.990146 	 0.010897 
 3560000.000 	 0.985052 	 0.015296 
 3580000.000 	 0.986424 	 0.012045 
 3600000.000 	 0.986754 	 0.011883 
 3620000.000 	 0.984155 	 0.015102 
 3640000.000 	 0.979027 	 0.016888 
 3660000.000 	 0.989201 	 0.011768 
 3680000.000 	 0.988203 	 0.011013 
 3700000.000 	 0.990370 	 0.009876 
 3720000.000 	 0.990016 	 0.009364 
 3740000.000 	 0.985898 	 0.011787 
 3760000.000 	 0.988413 	 0.013552 
 3780000.000 	 0.985034 	 0.014744 
 3800000.000 	 0.992638 	 0.008385 
 3820000.000 	 0.985499 	 0.010916 
 3840000.000 	 0.988380 	 0.011005 
 3860000.000 	 0.990465 	 0.010470 
 3880000.000 	 0.984364 	 0.015158 
 3900000.000 	 0.988092 	 0.010666 
 3920000.000 	 0.976179 	 0.020789 
 3940000.000 	 0.984893 	 0.011137 
 3960000.000 	 0.986348 	 0.014884 
 3980000.000 	 0.988472 	 0.011692 
 4000000.000 	 0.985261 	 0.016236 
 4020000.000 	 0.985076 	 0.016160 
 4040000.000 	 0.983244 	 0.018746 
 4060000.000 	 0.985889 	 0.015192 
 4080000.000 	 0.985768 	 0.019277 
 4100000.000 	 0.987609 	 0.011846 
 4120000.000 	 0.989620 	 0.008787 
 4140000.000 	 0.983969 	 0.020873 
 4160000.000 	 0.980784 	 0.019882 
 4180000.000 	 0.987933 	 0.012220 
 4200000.000 	 0.987861 	 0.013790 
 4220000.000 	 0.986193 	 0.012855 
 4240000.000 	 0.986267 	 0.012450 
 4260000.000 	 0.988831 	 0.011272 
 4280000.000 	 0.984484 	 0.016701 
 4300000.000 	 0.989006 	 0.015609 
 4320000.000 	 0.987995 	 0.008499 
 4340000.000 	 0.992135 	 0.009458 
 4360000.000 	 0.987299 	 0.013141 
 4380000.000 	 0.982077 	 0.020489 
 4400000.000 	 0.986634 	 0.015580 
 4420000.000 	 0.986777 	 0.011385 
 4440000.000 	 0.989637 	 0.009666 
 4460000.000 	 0.988679 	 0.010135 
 4480000.000 	 0.986464 	 0.012322 
 4500000.000 	 0.991297 	 0.009315 
 4520000.000 	 0.988369 	 0.010006 
 4540000.000 	 0.990533 	 0.009204 
 4560000.000 	 0.983456 	 0.014138 
 4580000.000 	 0.987353 	 0.012999 
 4600000.000 	 0.992271 	 0.008843 
 4620000.000 	 0.991012 	 0.009702 
 4640000.000 	 0.989087 	 0.009429 
 4660000.000 	 0.986013 	 0.012869 
 4680000.000 	 0.989406 	 0.011594 
 4700000.000 	 0.988127 	 0.011913 
 4720000.000 	 0.991501 	 0.009186 
 4740000.000 	 0.985450 	 0.013467 
 4760000.000 	 0.987706 	 0.013019 
 4780000.000 	 0.985279 	 0.012183 
 4800000.000 	 0.990775 	 0.009705 
 4820000.000 	 0.987683 	 0.015451 
 4840000.000 	 0.986104 	 0.013527 
 4860000.000 	 0.986008 	 0.011405 
 4880000.000 	 0.978961 	 0.016763 
 4900000.000 	 0.985721 	 0.017134 
 4920000.000 	 0.985582 	 0.016226 
 4940000.000 	 0.988532 	 0.010503 
 4960000.000 	 0.986837 	 0.015470 
 4980000.000 	 0.987613 	 0.012312 
 5000000.000 	 0.987131 	 0.009885 
 5020000.000 	 0.980263 	 0.018742 
 5040000.000 	 0.989676 	 0.010072 
 5060000.000 	 0.993472 	 0.006737 
 5080000.000 	 0.989255 	 0.013427 
 5100000.000 	 0.985889 	 0.012692 
 5120000.000 	 0.987282 	 0.013706 
 5140000.000 	 0.988340 	 0.010490 
 5160000.000 	 0.988107 	 0.009426 
 5180000.000 	 0.989313 	 0.014738 
 5200000.000 	 0.986133 	 0.009208 
 5220000.000 	 0.986157 	 0.014746 
 5240000.000 	 0.985563 	 0.014391 
 5260000.000 	 0.985848 	 0.013887 
 5280000.000 	 0.989748 	 0.011948 
 5300000.000 	 0.983431 	 0.019265 
 5320000.000 	 0.987851 	 0.013617 
 5340000.000 	 0.987878 	 0.011872 
 5360000.000 	 0.983049 	 0.017364 
 5380000.000 	 0.983706 	 0.017975 
 5400000.000 	 0.985924 	 0.015963 
 5420000.000 	 0.985525 	 0.017077 
 5440000.000 	 0.991107 	 0.010994 
 5460000.000 	 0.987116 	 0.013372 
 5480000.000 	 0.984899 	 0.016442 
 5500000.000 	 0.985630 	 0.010908 
 5520000.000 	 0.988997 	 0.010122 
 5540000.000 	 0.988630 	 0.011619 
 5560000.000 	 0.985865 	 0.015276 
 5580000.000 	 0.989289 	 0.009060 
 5600000.000 	 0.985985 	 0.016993 
 5620000.000 	 0.990052 	 0.010612 
 5640000.000 	 0.984732 	 0.012106 
 5660000.000 	 0.982976 	 0.020041 
 5680000.000 	 0.985090 	 0.012585 
 5700000.000 	 0.985578 	 0.019208 
 5720000.000 	 0.987484 	 0.012424 
 5740000.000 	 0.990004 	 0.012191 
 5760000.000 	 0.991934 	 0.009153 
 5780000.000 	 0.989575 	 0.010672 
 5800000.000 	 0.984960 	 0.016280 
 5820000.000 	 0.988322 	 0.012131 
 5840000.000 	 0.984637 	 0.021809 
 5860000.000 	 0.988824 	 0.010812 
 5880000.000 	 0.985291 	 0.015538 
 5900000.000 	 0.986126 	 0.009312 
 5920000.000 	 0.989309 	 0.010026 
 5940000.000 	 0.990971 	 0.009811 
 5960000.000 	 0.991474 	 0.009706 
 5980000.000 	 0.993952 	 0.007718 
 6000000.000 	 0.989433 	 0.009125 
 6020000.000 	 0.987448 	 0.011212 
 6040000.000 	 0.984631 	 0.017704 
 6060000.000 	 0.989125 	 0.012864 
 6080000.000 	 0.988971 	 0.011976 
 6100000.000 	 0.990141 	 0.011151 
 6120000.000 	 0.991001 	 0.010340 
 6140000.000 	 0.984712 	 0.015536 
 6160000.000 	 0.988583 	 0.012999 
 6180000.000 	 0.989477 	 0.014081 
 6200000.000 	 0.987584 	 0.012455 
 6220000.000 	 0.987216 	 0.017015 
 6240000.000 	 0.980781 	 0.022107 
 6260000.000 	 0.991458 	 0.011173 
 6280000.000 	 0.983398 	 0.013113 
 6300000.000 	 0.986846 	 0.012648 
 6320000.000 	 0.985637 	 0.012157 
 6340000.000 	 0.983037 	 0.017772 
 6360000.000 	 0.985664 	 0.014922 
 6380000.000 	 0.991253 	 0.009933 
 6400000.000 	 0.987084 	 0.014233 
 6420000.000 	 0.989926 	 0.011271 
 6440000.000 	 0.983579 	 0.015198 
 6460000.000 	 0.987891 	 0.013666 
 6480000.000 	 0.993084 	 0.008470 
 6500000.000 	 0.984764 	 0.013705 
 6520000.000 	 0.991158 	 0.008540 
 6540000.000 	 0.984684 	 0.014129 
 6560000.000 	 0.988849 	 0.008138 
 6580000.000 	 0.987505 	 0.011410 
 6600000.000 	 0.989173 	 0.009503 
 6620000.000 	 0.988667 	 0.012630 
 6640000.000 	 0.984837 	 0.015769 
 6660000.000 	 0.988601 	 0.014712 
 6680000.000 	 0.989318 	 0.010594 
 6700000.000 	 0.985684 	 0.016304 
 6720000.000 	 0.980332 	 0.017516 
 6740000.000 	 0.987505 	 0.015433 
 6760000.000 	 0.985230 	 0.013091 
 6780000.000 	 0.986123 	 0.013265 
 6800000.000 	 0.987900 	 0.010407 
 6820000.000 	 0.986471 	 0.014081 
 6840000.000 	 0.989252 	 0.010891 
 6860000.000 	 0.988262 	 0.010381 
 6880000.000 	 0.986939 	 0.014695 
 6900000.000 	 0.984214 	 0.018436 
 6920000.000 	 0.988204 	 0.010706 
 6940000.000 	 0.986763 	 0.012635 
 6960000.000 	 0.987735 	 0.014167 
 6980000.000 	 0.985661 	 0.014207 
 7000000.000 	 0.984527 	 0.013617 
 7020000.000 	 0.984242 	 0.011560 
 7040000.000 	 0.988998 	 0.009468 
 7060000.000 	 0.987132 	 0.011280 
 7080000.000 	 0.985330 	 0.014437 
 7100000.000 	 0.988864 	 0.011972 
 7120000.000 	 0.985966 	 0.012152 
 7140000.000 	 0.986094 	 0.016836 
 7160000.000 	 0.986501 	 0.013943 
 7180000.000 	 0.986971 	 0.014307 
 7200000.000 	 0.991898 	 0.008081 
 7220000.000 	 0.988408 	 0.016185 
 7240000.000 	 0.988689 	 0.013026 
 7260000.000 	 0.984484 	 0.014392 
 7280000.000 	 0.983502 	 0.018597 
 7300000.000 	 0.984841 	 0.013262 
 7320000.000 	 0.987069 	 0.014915 
 7340000.000 	 0.988209 	 0.010884 
 7360000.000 	 0.987139 	 0.012370 
 7380000.000 	 0.986830 	 0.011050 
 7400000.000 	 0.988778 	 0.012160 
 7420000.000 	 0.988195 	 0.010266 
 7440000.000 	 0.985307 	 0.013375 
 7460000.000 	 0.989768 	 0.011675 
 7480000.000 	 0.982713 	 0.016387 
 7500000.000 	 0.986167 	 0.013426 
 7520000.000 	 0.988473 	 0.011640 
 7540000.000 	 0.983687 	 0.016245 
 7560000.000 	 0.984710 	 0.017591 
 7580000.000 	 0.987413 	 0.013280 
 7600000.000 	 0.986823 	 0.014844 
 7620000.000 	 0.991066 	 0.007345 
 7640000.000 	 0.988949 	 0.013703 
 7660000.000 	 0.988150 	 0.016880 
 7680000.000 	 0.984583 	 0.016761 
 7700000.000 	 0.984994 	 0.021769 
 7720000.000 	 0.985274 	 0.015129 
 7740000.000 	 0.990384 	 0.009284 
 7760000.000 	 0.986845 	 0.014076 
 7780000.000 	 0.985523 	 0.012897 
 7800000.000 	 0.989848 	 0.009480 
 7820000.000 	 0.988800 	 0.011935 
 7840000.000 	 0.984364 	 0.016293 
 7860000.000 	 0.984945 	 0.012136 
 7880000.000 	 0.988256 	 0.010873 
 7900000.000 	 0.988102 	 0.013229 
 7920000.000 	 0.983345 	 0.012862 
 7940000.000 	 0.989366 	 0.013610 
 7960000.000 	 0.991469 	 0.007984 
 7980000.000 	 0.989141 	 0.011281 
 8000000.000 	 0.987039 	 0.013003 
 8020000.000 	 0.986035 	 0.011270 
 8040000.000 	 0.988902 	 0.008574 
 8060000.000 	 0.987684 	 0.011106 
 8080000.000 	 0.987412 	 0.014745 
 8100000.000 	 0.983350 	 0.016229 
 8120000.000 	 0.989728 	 0.011073 
 8140000.000 	 0.988034 	 0.011938 
 8160000.000 	 0.991255 	 0.008974 
 8180000.000 	 0.990257 	 0.010109 
 8200000.000 	 0.988361 	 0.014182 
 8220000.000 	 0.986204 	 0.012784 
 8240000.000 	 0.988328 	 0.009827 
 8260000.000 	 0.986583 	 0.014149 
 8280000.000 	 0.987956 	 0.012193 
 8300000.000 	 0.986337 	 0.013053 
 8320000.000 	 0.990708 	 0.010515 
 8340000.000 	 0.988182 	 0.015093 
 8360000.000 	 0.978750 	 0.018374 
 8380000.000 	 0.988858 	 0.011432 
 8400000.000 	 0.991030 	 0.007282 
 8420000.000 	 0.986177 	 0.014652 
 8440000.000 	 0.982256 	 0.019055 
 8460000.000 	 0.990279 	 0.008148 
 8480000.000 	 0.991797 	 0.010317 
 8500000.000 	 0.984432 	 0.013362 
 8520000.000 	 0.986094 	 0.016232 
 8540000.000 	 0.988936 	 0.014283 
 8560000.000 	 0.990260 	 0.009976 
 8580000.000 	 0.989840 	 0.013194 
 8600000.000 	 0.983273 	 0.017797 
 8620000.000 	 0.985472 	 0.014429 
 8640000.000 	 0.990807 	 0.007710 
 8660000.000 	 0.983350 	 0.013152 
 8680000.000 	 0.982485 	 0.017778 
 8700000.000 	 0.988527 	 0.011798 
 8720000.000 	 0.990679 	 0.010029 
 8740000.000 	 0.986431 	 0.012192 
 8760000.000 	 0.985078 	 0.012262 
 8780000.000 	 0.992858 	 0.006530 
 8800000.000 	 0.988082 	 0.012418 
 8820000.000 	 0.985617 	 0.016286 
 8840000.000 	 0.990048 	 0.011489 
 8860000.000 	 0.980205 	 0.015300 
 8880000.000 	 0.989400 	 0.009371 
 8900000.000 	 0.987514 	 0.012096 
 8920000.000 	 0.991311 	 0.006473 
 8940000.000 	 0.989697 	 0.011752 
 8960000.000 	 0.989372 	 0.009250 
 8980000.000 	 0.981409 	 0.020904 
 9000000.000 	 0.987371 	 0.010435 
 9020000.000 	 0.981496 	 0.021478 
 9040000.000 	 0.979113 	 0.020856 
 9060000.000 	 0.981869 	 0.017190 
 9080000.000 	 0.990660 	 0.008987 
 9100000.000 	 0.985273 	 0.014745 
 9120000.000 	 0.978587 	 0.016981 
 9140000.000 	 0.983679 	 0.016137 
 9160000.000 	 0.988786 	 0.009039 
 9180000.000 	 0.986812 	 0.010917 
 9200000.000 	 0.986390 	 0.016445 
 9220000.000 	 0.984174 	 0.015625 
 9240000.000 	 0.985708 	 0.014777 
 9260000.000 	 0.981852 	 0.017619 
 9280000.000 	 0.988064 	 0.010497 
 9300000.000 	 0.989075 	 0.010440 
 9320000.000 	 0.990696 	 0.009436 
 9340000.000 	 0.986565 	 0.016420 
 9360000.000 	 0.989638 	 0.009939 
 9380000.000 	 0.989498 	 0.009915 
 9400000.000 	 0.989026 	 0.016072 
 9420000.000 	 0.990308 	 0.010272 
 9440000.000 	 0.988635 	 0.010973 
 9460000.000 	 0.987799 	 0.010613 
 9480000.000 	 0.989813 	 0.010218 
 9500000.000 	 0.986987 	 0.011534 
 9520000.000 	 0.987606 	 0.013033 
 9540000.000 	 0.981716 	 0.016144 
 9560000.000 	 0.987681 	 0.013229 
 9580000.000 	 0.987157 	 0.013507 
 9600000.000 	 0.979009 	 0.019696 
 9620000.000 	 0.990668 	 0.009426 
 9640000.000 	 0.990816 	 0.013135 
 9660000.000 	 0.987217 	 0.015134 
 9680000.000 	 0.992089 	 0.009535 
 9700000.000 	 0.986666 	 0.014147 
 9720000.000 	 0.987317 	 0.011822 
 9740000.000 	 0.986818 	 0.017442 
 9760000.000 	 0.987162 	 0.012051 
 9780000.000 	 0.981527 	 0.027892 
 9800000.000 	 0.985368 	 0.013241 
 9820000.000 	 0.988751 	 0.012657 
 9840000.000 	 0.985229 	 0.012922 
 9860000.000 	 0.992711 	 0.006678 
 9880000.000 	 0.986147 	 0.013943 
 9900000.000 	 0.985737 	 0.012023 
 9920000.000 	 0.985942 	 0.012362 
 9940000.000 	 0.983538 	 0.017121 
 9960000.000 	 0.989793 	 0.009112 
 9980000.000 	 0.990823 	 0.009660 
10000000.000 	 0.982281 	 0.019546 
