       0.000 	        2 	       86
   20000.000 	        2 	       86
   40000.000 	        2 	       86
   60000.000 	        2 	       86
   80000.000 	        2 	       86
  100000.000 	        2 	       86
  120000.000 	        2 	       86
  140000.000 	        2 	       86
  160000.000 	        2 	       86
  180000.000 	        2 	       86
  200000.000 	        2 	       86
  220000.000 	        2 	       86
  240000.000 	        2 	       86
  260000.000 	        2 	       86
  280000.000 	        2 	       86
  300000.000 	        2 	       86
  320000.000 	        2 	       86
  340000.000 	        2 	       86
  360000.000 	        2 	       86
  380000.000 	        2 	       86
  400000.000 	        2 	       86
  420000.000 	        2 	       86
  440000.000 	        2 	       86
  460000.000 	        2 	       86
  480000.000 	        2 	       86
  500000.000 	        2 	       86
  520000.000 	        2 	       86
  540000.000 	        2 	       86
  560000.000 	        2 	       86
  580000.000 	        2 	       86
  600000.000 	        2 	       86
  620000.000 	        2 	       86
  640000.000 	        2 	       86
  660000.000 	        2 	       86
  680000.000 	        2 	       86
  700000.000 	        2 	       86
  720000.000 	        2 	       86
  740000.000 	        2 	       86
  760000.000 	        2 	       86
  780000.000 	        2 	       86
  800000.000 	        2 	       86
  820000.000 	        2 	       86
  840000.000 	        2 	       86
  860000.000 	        2 	       86
  880000.000 	        2 	       86
  900000.000 	        2 	       86
  920000.000 	        2 	       86
  940000.000 	        2 	       86
  960000.000 	        2 	       86
  980000.000 	        2 	       86
 1000000.000 	        2 	       86
 1020000.000 	        2 	       86
 1040000.000 	        2 	       86
 1060000.000 	        2 	       86
 1080000.000 	        2 	       86
 1100000.000 	        2 	       86
 1120000.000 	        2 	       86
 1140000.000 	        2 	       86
 1160000.000 	        2 	       86
 1180000.000 	        2 	       86
 1200000.000 	        2 	       86
 1220000.000 	        2 	       86
 1240000.000 	        2 	       86
 1260000.000 	        2 	       86
 1280000.000 	        2 	       86
 1300000.000 	        2 	       86
 1320000.000 	        2 	       86
 1340000.000 	        2 	       86
 1360000.000 	        2 	       86
 1380000.000 	        2 	       86
 1400000.000 	        2 	       86
 1420000.000 	        2 	       86
 1440000.000 	        2 	       86
 1460000.000 	        2 	       86
 1480000.000 	        2 	       86
 1500000.000 	        2 	       86
 1520000.000 	        2 	       86
 1540000.000 	        2 	       86
 1560000.000 	        2 	       86
 1580000.000 	        2 	       86
 1600000.000 	        2 	       86
 1620000.000 	        2 	       86
 1640000.000 	        2 	       86
 1660000.000 	        2 	       86
 1680000.000 	        2 	       86
 1700000.000 	        2 	       86
 1720000.000 	        2 	       86
 1740000.000 	        2 	       86
 1760000.000 	        2 	       86
 1780000.000 	        2 	       86
 1800000.000 	        2 	       86
 1820000.000 	        2 	       86
 1840000.000 	        2 	       86
 1860000.000 	        2 	       86
 1880000.000 	        2 	       86
 1900000.000 	        2 	       86
 1920000.000 	        2 	       86
 1940000.000 	        2 	       86
 1960000.000 	        2 	       86
 1980000.000 	        2 	       86
 2000000.000 	        2 	       86
 2020000.000 	        2 	       86
 2040000.000 	        2 	       86
 2060000.000 	        2 	       86
 2080000.000 	        2 	       86
 2100000.000 	        2 	       86
 2120000.000 	        2 	       86
 2140000.000 	        2 	       86
 2160000.000 	        2 	       86
 2180000.000 	        2 	       86
 2200000.000 	        2 	       86
 2220000.000 	        2 	       86
 2240000.000 	        2 	       86
 2260000.000 	        2 	       86
 2280000.000 	        2 	       86
 2300000.000 	        2 	       86
 2320000.000 	        2 	       86
 2340000.000 	        2 	       86
 2360000.000 	        2 	       86
 2380000.000 	        2 	       86
 2400000.000 	        2 	       86
 2420000.000 	        2 	       86
 2440000.000 	        2 	       86
 2460000.000 	        2 	       86
 2480000.000 	        2 	       86
 2500000.000 	        2 	       86
 2520000.000 	        2 	       86
 2540000.000 	        2 	       86
 2560000.000 	        2 	       86
 2580000.000 	        2 	       86
 2600000.000 	        2 	       86
 2620000.000 	        2 	       86
 2640000.000 	        2 	       86
 2660000.000 	        2 	       86
 2680000.000 	        2 	       86
 2700000.000 	        2 	       86
 2720000.000 	        2 	       86
 2740000.000 	        2 	       86
 2760000.000 	        2 	       86
 2780000.000 	        2 	       86
 2800000.000 	        2 	       86
 2820000.000 	        2 	       86
 2840000.000 	        2 	       86
 2860000.000 	        2 	       86
 2880000.000 	        2 	       86
 2900000.000 	        2 	       86
 2920000.000 	        2 	       86
 2940000.000 	        2 	       86
 2960000.000 	        2 	       86
 2980000.000 	        2 	       86
 3000000.000 	        2 	       86
 3020000.000 	        2 	       86
 3040000.000 	        2 	       86
 3060000.000 	        2 	       86
 3080000.000 	        2 	       86
 3100000.000 	        2 	       86
 3120000.000 	        2 	       86
 3140000.000 	        2 	       86
 3160000.000 	        2 	       86
 3180000.000 	        2 	       86
 3200000.000 	        2 	       86
 3220000.000 	        2 	       86
 3240000.000 	        2 	       86
 3260000.000 	        2 	       86
 3280000.000 	        2 	       86
 3300000.000 	        2 	       86
 3320000.000 	        2 	       86
 3340000.000 	        2 	       86
 3360000.000 	        2 	       86
 3380000.000 	        2 	       86
 3400000.000 	        2 	       86
 3420000.000 	        2 	       86
 3440000.000 	        2 	       86
 3460000.000 	        2 	       86
 3480000.000 	        2 	       86
 3500000.000 	        2 	       86
 3520000.000 	        2 	       86
 3540000.000 	        2 	       86
 3560000.000 	        2 	       86
 3580000.000 	        2 	       86
 3600000.000 	        2 	       86
 3620000.000 	        2 	       86
 3640000.000 	        2 	       86
 3660000.000 	        2 	       86
 3680000.000 	        2 	       86
 3700000.000 	        2 	       86
 3720000.000 	        2 	       86
 3740000.000 	        2 	       86
 3760000.000 	        2 	       86
 3780000.000 	        2 	       86
 3800000.000 	        2 	       86
 3820000.000 	        2 	       86
 3840000.000 	        2 	       86
 3860000.000 	        2 	       86
 3880000.000 	        2 	       86
 3900000.000 	        2 	       86
 3920000.000 	        2 	       86
 3940000.000 	        2 	       86
 3960000.000 	        2 	       86
 3980000.000 	        2 	       86
 4000000.000 	        2 	       86
 4020000.000 	        2 	       86
 4040000.000 	        2 	       86
 4060000.000 	        2 	       86
 4080000.000 	        2 	       86
 4100000.000 	        2 	       86
 4120000.000 	        2 	       86
 4140000.000 	        2 	       86
 4160000.000 	        2 	       86
 4180000.000 	        2 	       86
 4200000.000 	        2 	       86
 4220000.000 	        2 	       86
 4240000.000 	        2 	       86
 4260000.000 	        2 	       86
 4280000.000 	        2 	       86
 4300000.000 	        2 	       86
 4320000.000 	        2 	       86
 4340000.000 	        2 	       86
 4360000.000 	        2 	       86
 4380000.000 	        2 	       86
 4400000.000 	        2 	       86
 4420000.000 	        2 	       86
 4440000.000 	        2 	       86
 4460000.000 	        2 	       86
 4480000.000 	        2 	       86
 4500000.000 	        2 	       86
 4520000.000 	        2 	       86
 4540000.000 	        2 	       86
 4560000.000 	        2 	       86
 4580000.000 	        2 	       86
 4600000.000 	        2 	       86
 4620000.000 	        2 	       86
 4640000.000 	        2 	       86
 4660000.000 	        2 	       86
 4680000.000 	        2 	       86
 4700000.000 	        2 	       86
 4720000.000 	        2 	       86
 4740000.000 	        2 	       86
 4760000.000 	        2 	       86
 4780000.000 	        2 	       86
 4800000.000 	        2 	       86
 4820000.000 	        2 	       86
 4840000.000 	        2 	       86
 4860000.000 	        2 	       86
 4880000.000 	        2 	       86
 4900000.000 	        2 	       86
 4920000.000 	        2 	       86
 4940000.000 	        2 	       86
 4960000.000 	        2 	       86
 4980000.000 	        2 	       86
 5000000.000 	        2 	       86
 5020000.000 	        2 	       86
 5040000.000 	        2 	       86
 5060000.000 	        2 	       86
 5080000.000 	        2 	       86
 5100000.000 	        2 	       86
 5120000.000 	        2 	       86
 5140000.000 	        2 	       86
 5160000.000 	        2 	       86
 5180000.000 	        2 	       86
 5200000.000 	        2 	       86
 5220000.000 	        2 	       86
 5240000.000 	        2 	       86
 5260000.000 	        2 	       86
 5280000.000 	        2 	       86
 5300000.000 	        2 	       86
 5320000.000 	        2 	       86
 5340000.000 	        2 	       86
 5360000.000 	        2 	       86
 5380000.000 	        2 	       86
 5400000.000 	        2 	       86
 5420000.000 	        2 	       86
 5440000.000 	        2 	       86
 5460000.000 	        2 	       86
 5480000.000 	        2 	       86
 5500000.000 	        2 	       86
 5520000.000 	        2 	       86
 5540000.000 	        2 	       86
 5560000.000 	        2 	       86
 5580000.000 	        2 	       86
 5600000.000 	        2 	       86
 5620000.000 	        2 	       86
 5640000.000 	        2 	       86
 5660000.000 	        2 	       86
 5680000.000 	        2 	       86
 5700000.000 	        2 	       86
 5720000.000 	        2 	       86
 5740000.000 	        2 	       86
 5760000.000 	        2 	       86
 5780000.000 	        2 	       86
 5800000.000 	        2 	       86
 5820000.000 	        2 	       86
 5840000.000 	        2 	       86
 5860000.000 	        2 	       86
 5880000.000 	        2 	       86
 5900000.000 	        2 	       86
 5920000.000 	        2 	       86
 5940000.000 	        2 	       86
 5960000.000 	        2 	       86
 5980000.000 	        2 	       86
 6000000.000 	        2 	       86
 6020000.000 	        2 	       86
 6040000.000 	        2 	       86
 6060000.000 	        2 	       86
 6080000.000 	        2 	       86
 6100000.000 	        2 	       86
 6120000.000 	        2 	       86
 6140000.000 	        2 	       86
 6160000.000 	        2 	       86
 6180000.000 	        2 	       86
 6200000.000 	        2 	       86
 6220000.000 	        2 	       86
 6240000.000 	        2 	       86
 6260000.000 	        2 	       86
 6280000.000 	        2 	       86
 6300000.000 	        2 	       86
 6320000.000 	        2 	       86
 6340000.000 	        2 	       86
 6360000.000 	        2 	       86
 6380000.000 	        2 	       86
 6400000.000 	        2 	       86
 6420000.000 	        2 	       86
 6440000.000 	        2 	       86
 6460000.000 	        2 	       86
 6480000.000 	        2 	       86
 6500000.000 	        2 	       86
 6520000.000 	        2 	       86
 6540000.000 	        2 	       86
 6560000.000 	        2 	       86
 6580000.000 	        2 	       86
 6600000.000 	        2 	       86
 6620000.000 	        2 	       86
 6640000.000 	        2 	       86
 6660000.000 	        2 	       86
 6680000.000 	        2 	       86
 6700000.000 	        2 	       86
 6720000.000 	        2 	       86
 6740000.000 	        2 	       86
 6760000.000 	        2 	       86
 6780000.000 	        2 	       86
 6800000.000 	        2 	       86
 6820000.000 	        2 	       86
 6840000.000 	        2 	       86
 6860000.000 	        2 	       86
 6880000.000 	        2 	       86
 6900000.000 	        2 	       86
 6920000.000 	        2 	       86
 6940000.000 	        2 	       86
 6960000.000 	        2 	       86
 6980000.000 	        2 	       86
 7000000.000 	        2 	       86
 7020000.000 	        2 	       86
 7040000.000 	        2 	       86
 7060000.000 	        2 	       86
 7080000.000 	        2 	       86
 7100000.000 	        2 	       86
 7120000.000 	        2 	       86
 7140000.000 	        2 	       86
 7160000.000 	        2 	       86
 7180000.000 	        2 	       86
 7200000.000 	        2 	       86
 7220000.000 	        2 	       86
 7240000.000 	        2 	       86
 7260000.000 	        2 	       86
 7280000.000 	        2 	       86
 7300000.000 	        2 	       86
 7320000.000 	        2 	       86
 7340000.000 	        2 	       86
 7360000.000 	        2 	       86
 7380000.000 	        2 	       86
 7400000.000 	        2 	       86
 7420000.000 	        2 	       86
 7440000.000 	        2 	       86
 7460000.000 	        2 	       86
 7480000.000 	        2 	       86
 7500000.000 	        2 	       86
 7520000.000 	        2 	       86
 7540000.000 	        2 	       86
 7560000.000 	        2 	       86
 7580000.000 	        2 	       86
 7600000.000 	        2 	       86
 7620000.000 	        2 	       86
 7640000.000 	        2 	       86
 7660000.000 	        2 	       86
 7680000.000 	        2 	       86
 7700000.000 	        2 	       86
 7720000.000 	        2 	       86
 7740000.000 	        2 	       86
 7760000.000 	        2 	       86
 7780000.000 	        2 	       86
 7800000.000 	        2 	       86
 7820000.000 	        2 	       86
 7840000.000 	        2 	       86
 7860000.000 	        2 	       86
 7880000.000 	        2 	       86
 7900000.000 	        2 	       86
 7920000.000 	        2 	       86
 7940000.000 	        2 	       86
 7960000.000 	        2 	       86
 7980000.000 	        2 	       86
 8000000.000 	        2 	       86
