       0.000 	       99 	        2
   20000.000 	       94 	        3
   40000.000 	       88 	        3
   60000.000 	       76 	        3
   80000.000 	       76 	        3
  100000.000 	       67 	        3
  120000.000 	       62 	        4
  140000.000 	       57 	        6
  160000.000 	       53 	        7
  180000.000 	       49 	        7
  200000.000 	       44 	        7
  220000.000 	       45 	        7
  240000.000 	       38 	        9
  260000.000 	       36 	        8
  280000.000 	       31 	        8
  300000.000 	       29 	        9
  320000.000 	       27 	       13
  340000.000 	       26 	       13
  360000.000 	       24 	       13
  380000.000 	       23 	       13
  400000.000 	       24 	       13
  420000.000 	       23 	       13
  440000.000 	       21 	       13
  460000.000 	       19 	       13
  480000.000 	       19 	       13
  500000.000 	       19 	       13
  520000.000 	       19 	       13
  540000.000 	       18 	       13
  560000.000 	       18 	       13
  580000.000 	       18 	       13
  600000.000 	       18 	       13
  620000.000 	       18 	       13
  640000.000 	       18 	       13
  660000.000 	       18 	       13
  680000.000 	       18 	       13
  700000.000 	       17 	       13
  720000.000 	       15 	       17
  740000.000 	       14 	       17
  760000.000 	       14 	       17
  780000.000 	       14 	       17
  800000.000 	       13 	       17
  820000.000 	       12 	       17
  840000.000 	       12 	       17
  860000.000 	       12 	       17
  880000.000 	       11 	       17
  900000.000 	       12 	       17
  920000.000 	       12 	       17
  940000.000 	       12 	       17
  960000.000 	       11 	       17
  980000.000 	       12 	       22
 1000000.000 	       12 	       22
 1020000.000 	       11 	       22
 1040000.000 	       10 	       18
 1060000.000 	        8 	       37
 1080000.000 	        8 	       37
 1100000.000 	        8 	       37
 1120000.000 	        8 	       37
 1140000.000 	        8 	       37
 1160000.000 	        8 	       37
 1180000.000 	        7 	       44
 1200000.000 	        7 	       44
 1220000.000 	        7 	       44
 1240000.000 	        7 	       44
 1260000.000 	        7 	       44
 1280000.000 	        7 	       44
 1300000.000 	        7 	       44
 1320000.000 	        7 	       44
 1340000.000 	        7 	       44
 1360000.000 	        7 	       44
 1380000.000 	        7 	       44
 1400000.000 	        7 	       44
 1420000.000 	        6 	       44
 1440000.000 	        6 	       44
 1460000.000 	        6 	       44
 1480000.000 	        6 	       44
 1500000.000 	        6 	       44
 1520000.000 	        6 	       44
 1540000.000 	        6 	       44
 1560000.000 	        6 	       44
 1580000.000 	        6 	       44
 1600000.000 	        6 	       44
 1620000.000 	        6 	       44
 1640000.000 	        6 	       44
 1660000.000 	        6 	       44
 1680000.000 	        6 	       44
 1700000.000 	        6 	       44
 1720000.000 	        7 	       39
 1740000.000 	        7 	       39
 1760000.000 	        7 	       39
 1780000.000 	        7 	       39
 1800000.000 	        7 	       39
 1820000.000 	        7 	       39
 1840000.000 	        6 	       44
 1860000.000 	        6 	       44
 1880000.000 	        6 	       44
 1900000.000 	        6 	       44
 1920000.000 	        6 	       44
 1940000.000 	        6 	       44
 1960000.000 	        6 	       44
 1980000.000 	        6 	       44
 2000000.000 	        6 	       44
 2020000.000 	        6 	       44
 2040000.000 	        6 	       44
 2060000.000 	        6 	       44
 2080000.000 	        6 	       44
 2100000.000 	        6 	       44
 2120000.000 	        6 	       44
 2140000.000 	        6 	       44
 2160000.000 	        6 	       44
 2180000.000 	        6 	       44
 2200000.000 	        6 	       44
 2220000.000 	        6 	       44
 2240000.000 	        6 	       44
 2260000.000 	        6 	       44
 2280000.000 	        6 	       44
 2300000.000 	        6 	       44
 2320000.000 	        6 	       44
 2340000.000 	        6 	       44
 2360000.000 	        6 	       44
 2380000.000 	        6 	       44
 2400000.000 	        6 	       44
 2420000.000 	        6 	       44
 2440000.000 	        6 	       44
 2460000.000 	        6 	       44
 2480000.000 	        6 	       44
 2500000.000 	        6 	       44
 2520000.000 	        6 	       44
 2540000.000 	        6 	       44
 2560000.000 	        6 	       44
 2580000.000 	        6 	       44
 2600000.000 	        6 	       44
 2620000.000 	        6 	       44
 2640000.000 	        5 	       50
 2660000.000 	        5 	       50
 2680000.000 	        5 	       50
 2700000.000 	        5 	       50
 2720000.000 	        5 	       50
 2740000.000 	        5 	       50
 2760000.000 	        5 	       50
 2780000.000 	        5 	       50
 2800000.000 	        5 	       50
 2820000.000 	        5 	       50
 2840000.000 	        5 	       50
 2860000.000 	        5 	       50
 2880000.000 	        5 	       50
 2900000.000 	        5 	       50
 2920000.000 	        5 	       50
 2940000.000 	        5 	       50
 2960000.000 	        5 	       50
 2980000.000 	        5 	       50
 3000000.000 	        5 	       50
 3020000.000 	        5 	       50
 3040000.000 	        5 	       50
 3060000.000 	        5 	       50
 3080000.000 	        5 	       50
 3100000.000 	        5 	       50
 3120000.000 	        5 	       50
 3140000.000 	        5 	       50
 3160000.000 	        5 	       50
 3180000.000 	        5 	       50
 3200000.000 	        5 	       50
 3220000.000 	        5 	       50
 3240000.000 	        5 	       50
 3260000.000 	        5 	       50
 3280000.000 	        5 	       50
 3300000.000 	        5 	       50
 3320000.000 	        5 	       50
 3340000.000 	        5 	       50
 3360000.000 	        5 	       50
 3380000.000 	        5 	       50
 3400000.000 	        6 	       34
 3420000.000 	        5 	       50
 3440000.000 	        5 	       50
 3460000.000 	        5 	       50
 3480000.000 	        5 	       50
 3500000.000 	        5 	       50
 3520000.000 	        5 	       50
 3540000.000 	        5 	       50
 3560000.000 	        5 	       50
 3580000.000 	        5 	       50
 3600000.000 	        5 	       50
 3620000.000 	        5 	       50
 3640000.000 	        5 	       50
 3660000.000 	        5 	       50
 3680000.000 	        5 	       50
 3700000.000 	        5 	       50
 3720000.000 	        5 	       50
 3740000.000 	        5 	       50
 3760000.000 	        5 	       50
 3780000.000 	        5 	       50
 3800000.000 	        5 	       50
 3820000.000 	        5 	       50
 3840000.000 	        5 	       50
 3860000.000 	        5 	       50
 3880000.000 	        5 	       50
 3900000.000 	        5 	       50
 3920000.000 	        5 	       50
 3940000.000 	        5 	       50
 3960000.000 	        5 	       50
 3980000.000 	        5 	       50
 4000000.000 	        5 	       50
 4020000.000 	        5 	       50
 4040000.000 	        5 	       50
 4060000.000 	        5 	       50
 4080000.000 	        5 	       50
 4100000.000 	        5 	       50
 4120000.000 	        5 	       50
 4140000.000 	        5 	       50
 4160000.000 	        5 	       50
 4180000.000 	        5 	       50
 4200000.000 	        5 	       50
 4220000.000 	        5 	       50
 4240000.000 	        5 	       50
 4260000.000 	        5 	       50
 4280000.000 	        4 	       56
 4300000.000 	        4 	       56
 4320000.000 	        4 	       56
 4340000.000 	        4 	       56
 4360000.000 	        4 	       56
 4380000.000 	        4 	       56
 4400000.000 	        4 	       56
 4420000.000 	        4 	       56
 4440000.000 	        4 	       56
 4460000.000 	        4 	       56
 4480000.000 	        4 	       56
 4500000.000 	        4 	       56
 4520000.000 	        4 	       56
 4540000.000 	        4 	       56
 4560000.000 	        4 	       56
 4580000.000 	        4 	       56
 4600000.000 	        4 	       56
 4620000.000 	        4 	       56
 4640000.000 	        4 	       56
 4660000.000 	        4 	       56
 4680000.000 	        4 	       56
 4700000.000 	        4 	       56
 4720000.000 	        4 	       56
 4740000.000 	        4 	       56
 4760000.000 	        4 	       56
 4780000.000 	        4 	       56
 4800000.000 	        4 	       56
 4820000.000 	        4 	       56
 4840000.000 	        4 	       56
 4860000.000 	        4 	       56
 4880000.000 	        4 	       56
 4900000.000 	        4 	       56
 4920000.000 	        4 	       56
 4940000.000 	        4 	       56
 4960000.000 	        4 	       56
 4980000.000 	        4 	       56
 5000000.000 	        4 	       56
 5020000.000 	        4 	       56
 5040000.000 	        4 	       56
 5060000.000 	        4 	       56
 5080000.000 	        4 	       56
 5100000.000 	        4 	       56
 5120000.000 	        4 	       56
 5140000.000 	        4 	       56
 5160000.000 	        4 	       56
 5180000.000 	        4 	       56
 5200000.000 	        4 	       56
 5220000.000 	        4 	       56
 5240000.000 	        4 	       56
 5260000.000 	        4 	       56
 5280000.000 	        4 	       56
 5300000.000 	        4 	       56
 5320000.000 	        4 	       56
 5340000.000 	        4 	       56
 5360000.000 	        4 	       56
 5380000.000 	        4 	       56
 5400000.000 	        4 	       56
 5420000.000 	        4 	       56
 5440000.000 	        4 	       56
 5460000.000 	        4 	       56
 5480000.000 	        4 	       56
 5500000.000 	        4 	       56
 5520000.000 	        4 	       56
 5540000.000 	        4 	       56
 5560000.000 	        4 	       56
 5580000.000 	        4 	       56
 5600000.000 	        4 	       56
 5620000.000 	        4 	       56
 5640000.000 	        4 	       56
 5660000.000 	        4 	       56
 5680000.000 	        4 	       56
 5700000.000 	        4 	       56
 5720000.000 	        3 	       66
 5740000.000 	        3 	       66
 5760000.000 	        3 	       66
 5780000.000 	        3 	       66
 5800000.000 	        3 	       66
 5820000.000 	        3 	       66
 5840000.000 	        3 	       66
 5860000.000 	        3 	       66
 5880000.000 	        3 	       66
 5900000.000 	        3 	       66
 5920000.000 	        3 	       66
 5940000.000 	        3 	       66
 5960000.000 	        3 	       66
 5980000.000 	        3 	       66
 6000000.000 	        3 	       66
 6020000.000 	        3 	       66
 6040000.000 	        3 	       66
 6060000.000 	        3 	       66
 6080000.000 	        3 	       66
 6100000.000 	        3 	       66
 6120000.000 	        3 	       66
 6140000.000 	        3 	       66
 6160000.000 	        3 	       66
 6180000.000 	        3 	       66
 6200000.000 	        3 	       66
 6220000.000 	        3 	       66
 6240000.000 	        3 	       66
 6260000.000 	        3 	       66
 6280000.000 	        3 	       66
 6300000.000 	        3 	       66
 6320000.000 	        3 	       66
 6340000.000 	        3 	       66
 6360000.000 	        3 	       66
 6380000.000 	        3 	       66
 6400000.000 	        3 	       66
 6420000.000 	        3 	       66
 6440000.000 	        3 	       66
 6460000.000 	        3 	       66
 6480000.000 	        3 	       66
 6500000.000 	        3 	       66
 6520000.000 	        3 	       66
 6540000.000 	        3 	       66
 6560000.000 	        3 	       66
 6580000.000 	        3 	       66
 6600000.000 	        3 	       66
 6620000.000 	        3 	       66
 6640000.000 	        3 	       66
 6660000.000 	        3 	       66
 6680000.000 	        3 	       66
 6700000.000 	        3 	       66
 6720000.000 	        3 	       66
 6740000.000 	        3 	       66
 6760000.000 	        3 	       66
 6780000.000 	        3 	       66
 6800000.000 	        3 	       66
 6820000.000 	        3 	       66
 6840000.000 	        3 	       66
 6860000.000 	        3 	       66
 6880000.000 	        3 	       66
 6900000.000 	        3 	       66
 6920000.000 	        3 	       66
 6940000.000 	        3 	       66
 6960000.000 	        3 	       66
 6980000.000 	        3 	       66
 7000000.000 	        3 	       66
 7020000.000 	        3 	       66
 7040000.000 	        3 	       66
 7060000.000 	        3 	       66
 7080000.000 	        3 	       66
 7100000.000 	        3 	       66
 7120000.000 	        3 	       66
 7140000.000 	        3 	       66
 7160000.000 	        3 	       66
 7180000.000 	        3 	       66
 7200000.000 	        3 	       66
 7220000.000 	        3 	       66
 7240000.000 	        3 	       66
 7260000.000 	        3 	       66
 7280000.000 	        3 	       66
 7300000.000 	        3 	       66
 7320000.000 	        3 	       66
 7340000.000 	        3 	       66
 7360000.000 	        3 	       66
 7380000.000 	        3 	       66
 7400000.000 	        3 	       66
 7420000.000 	        3 	       66
 7440000.000 	        3 	       66
 7460000.000 	        3 	       66
 7480000.000 	        3 	       66
 7500000.000 	        3 	       66
 7520000.000 	        3 	       66
 7540000.000 	        3 	       66
 7560000.000 	        3 	       66
 7580000.000 	        3 	       66
 7600000.000 	        3 	       66
 7620000.000 	        3 	       66
 7640000.000 	        3 	       66
 7660000.000 	        3 	       66
 7680000.000 	        3 	       66
 7700000.000 	        3 	       66
 7720000.000 	        3 	       66
 7740000.000 	        3 	       66
 7760000.000 	        3 	       66
 7780000.000 	        3 	       66
 7800000.000 	        3 	       66
 7820000.000 	        3 	       66
 7840000.000 	        3 	       66
 7860000.000 	        3 	       66
 7880000.000 	        3 	       66
 7900000.000 	        3 	       66
 7920000.000 	        3 	       66
 7940000.000 	        3 	       66
 7960000.000 	        3 	       66
 7980000.000 	        3 	       66
 8000000.000 	        3 	       66
 8020000.000 	        3 	       66
 8040000.000 	        3 	       66
 8060000.000 	        3 	       66
 8080000.000 	        3 	       66
 8100000.000 	        3 	       66
 8120000.000 	        3 	       66
 8140000.000 	        3 	       66
 8160000.000 	        3 	       66
 8180000.000 	        3 	       66
 8200000.000 	        3 	       66
 8220000.000 	        3 	       66
 8240000.000 	        3 	       66
 8260000.000 	        3 	       66
 8280000.000 	        3 	       66
 8300000.000 	        3 	       66
 8320000.000 	        3 	       66
 8340000.000 	        3 	       66
 8360000.000 	        3 	       66
 8380000.000 	        3 	       66
 8400000.000 	        3 	       66
 8420000.000 	        3 	       66
 8440000.000 	        3 	       66
 8460000.000 	        3 	       66
 8480000.000 	        3 	       66
 8500000.000 	        3 	       66
 8520000.000 	        3 	       66
 8540000.000 	        3 	       66
 8560000.000 	        3 	       66
 8580000.000 	        3 	       66
 8600000.000 	        3 	       66
 8620000.000 	        3 	       66
 8640000.000 	        3 	       66
 8660000.000 	        3 	       66
 8680000.000 	        3 	       66
 8700000.000 	        3 	       66
 8720000.000 	        3 	       66
 8740000.000 	        3 	       66
 8760000.000 	        3 	       66
 8780000.000 	        3 	       66
 8800000.000 	        3 	       66
 8820000.000 	        3 	       66
 8840000.000 	        3 	       66
 8860000.000 	        3 	       66
 8880000.000 	        3 	       66
 8900000.000 	        3 	       66
 8920000.000 	        3 	       66
 8940000.000 	        3 	       66
 8960000.000 	        3 	       66
 8980000.000 	        3 	       66
 9000000.000 	        3 	       66
 9020000.000 	        3 	       66
 9040000.000 	        3 	       66
 9060000.000 	        3 	       66
 9080000.000 	        3 	       66
 9100000.000 	        3 	       66
 9120000.000 	        3 	       66
 9140000.000 	        3 	       66
 9160000.000 	        3 	       66
 9180000.000 	        3 	       66
 9200000.000 	        3 	       66
 9220000.000 	        3 	       66
 9240000.000 	        3 	       66
 9260000.000 	        3 	       66
 9280000.000 	        3 	       66
 9300000.000 	        3 	       66
 9320000.000 	        3 	       66
 9340000.000 	        3 	       66
 9360000.000 	        3 	       66
 9380000.000 	        3 	       66
 9400000.000 	        3 	       66
 9420000.000 	        3 	       66
 9440000.000 	        3 	       66
 9460000.000 	        3 	       66
 9480000.000 	        3 	       66
 9500000.000 	        3 	       66
 9520000.000 	        3 	       66
 9540000.000 	        3 	       66
 9560000.000 	        3 	       66
 9580000.000 	        3 	       66
 9600000.000 	        3 	       66
 9620000.000 	        3 	       66
 9640000.000 	        3 	       66
 9660000.000 	        3 	       66
 9680000.000 	        3 	       66
 9700000.000 	        3 	       66
 9720000.000 	        3 	       66
 9740000.000 	        3 	       66
 9760000.000 	        3 	       66
 9780000.000 	        3 	       66
 9800000.000 	        3 	       66
 9820000.000 	        3 	       66
 9840000.000 	        3 	       66
 9860000.000 	        3 	       66
 9880000.000 	        3 	       66
 9900000.000 	        3 	       66
 9920000.000 	        3 	       66
 9940000.000 	        3 	       66
 9960000.000 	        3 	       66
 9980000.000 	        3 	       66
10000000.000 	        3 	       66
10020000.000 	        3 	       66
10040000.000 	        3 	       66
10060000.000 	        3 	       66
10080000.000 	        3 	       66
10100000.000 	        3 	       66
10120000.000 	        3 	       66
10140000.000 	        3 	       66
10160000.000 	        3 	       66
10180000.000 	        3 	       66
10200000.000 	        3 	       66
10220000.000 	        3 	       66
10240000.000 	        3 	       66
10260000.000 	        3 	       66
10280000.000 	        3 	       66
10300000.000 	        3 	       66
10320000.000 	        3 	       66
10340000.000 	        3 	       66
10360000.000 	        3 	       66
10380000.000 	        3 	       66
10400000.000 	        3 	       66
10420000.000 	        3 	       66
10440000.000 	        3 	       66
10460000.000 	        3 	       66
10480000.000 	        3 	       66
10500000.000 	        3 	       66
10520000.000 	        3 	       66
10540000.000 	        3 	       66
10560000.000 	        3 	       66
10580000.000 	        3 	       66
10600000.000 	        3 	       66
10620000.000 	        3 	       66
10640000.000 	        3 	       66
10660000.000 	        3 	       66
10680000.000 	        3 	       66
10700000.000 	        3 	       66
10720000.000 	        3 	       66
10740000.000 	        3 	       66
10760000.000 	        3 	       66
10780000.000 	        3 	       66
10800000.000 	        3 	       66
10820000.000 	        3 	       66
10840000.000 	        3 	       66
10860000.000 	        3 	       66
10880000.000 	        3 	       66
10900000.000 	        3 	       66
10920000.000 	        3 	       66
10940000.000 	        3 	       66
10960000.000 	        3 	       66
10980000.000 	        3 	       66
11000000.000 	        3 	       66
11020000.000 	        3 	       66
11040000.000 	        3 	       66
11060000.000 	        3 	       66
11080000.000 	        3 	       66
11100000.000 	        3 	       66
11120000.000 	        3 	       66
11140000.000 	        3 	       66
11160000.000 	        3 	       66
11180000.000 	        3 	       66
11200000.000 	        3 	       66
11220000.000 	        3 	       66
11240000.000 	        3 	       66
11260000.000 	        3 	       66
11280000.000 	        3 	       66
11300000.000 	        3 	       66
11320000.000 	        3 	       66
11340000.000 	        3 	       66
11360000.000 	        3 	       66
11380000.000 	        3 	       66
11400000.000 	        3 	       66
11420000.000 	        3 	       66
11440000.000 	        3 	       66
11460000.000 	        3 	       66
11480000.000 	        3 	       66
11500000.000 	        3 	       66
11520000.000 	        3 	       66
11540000.000 	        3 	       66
11560000.000 	        3 	       66
11580000.000 	        3 	       66
11600000.000 	        3 	       66
11620000.000 	        3 	       66
11640000.000 	        3 	       66
11660000.000 	        3 	       66
11680000.000 	        3 	       66
11700000.000 	        3 	       66
11720000.000 	        3 	       66
11740000.000 	        3 	       66
11760000.000 	        3 	       66
11780000.000 	        3 	       66
11800000.000 	        3 	       66
11820000.000 	        3 	       66
11840000.000 	        3 	       66
11860000.000 	        3 	       66
11880000.000 	        3 	       66
11900000.000 	        3 	       66
11920000.000 	        3 	       66
11940000.000 	        3 	       66
11960000.000 	        3 	       66
11980000.000 	        3 	       66
12000000.000 	        3 	       66
12020000.000 	        3 	       66
12040000.000 	        3 	       66
12060000.000 	        3 	       66
12080000.000 	        3 	       66
12100000.000 	        3 	       66
12120000.000 	        3 	       66
12140000.000 	        3 	       66
12160000.000 	        3 	       66
12180000.000 	        3 	       66
12200000.000 	        3 	       66
12220000.000 	        3 	       66
12240000.000 	        2 	       80
12260000.000 	        2 	       80
12280000.000 	        2 	       80
12300000.000 	        2 	       80
12320000.000 	        2 	       80
12340000.000 	        2 	       80
12360000.000 	        2 	       80
12380000.000 	        2 	       80
12400000.000 	        2 	       80
12420000.000 	        2 	       80
12440000.000 	        2 	       80
12460000.000 	        2 	       80
12480000.000 	        2 	       80
12500000.000 	        2 	       80
12520000.000 	        2 	       80
12540000.000 	        2 	       80
12560000.000 	        2 	       80
12580000.000 	        2 	       80
12600000.000 	        2 	       80
12620000.000 	        2 	       80
12640000.000 	        2 	       80
12660000.000 	        2 	       80
12680000.000 	        2 	       80
12700000.000 	        2 	       80
12720000.000 	        2 	       80
12740000.000 	        2 	       80
12760000.000 	        2 	       80
12780000.000 	        2 	       80
12800000.000 	        2 	       80
12820000.000 	        2 	       80
12840000.000 	        2 	       80
12860000.000 	        2 	       80
12880000.000 	        2 	       80
12900000.000 	        2 	       80
12920000.000 	        2 	       80
12940000.000 	        2 	       80
12960000.000 	        2 	       80
12980000.000 	        2 	       80
13000000.000 	        2 	       80
13020000.000 	        2 	       80
13040000.000 	        2 	       80
13060000.000 	        2 	       80
13080000.000 	        2 	       80
13100000.000 	        2 	       80
13120000.000 	        2 	       80
13140000.000 	        2 	       80
13160000.000 	        2 	       80
13180000.000 	        2 	       80
13200000.000 	        2 	       80
13220000.000 	        2 	       80
13240000.000 	        2 	       80
13260000.000 	        2 	       80
13280000.000 	        2 	       80
13300000.000 	        2 	       80
13320000.000 	        2 	       80
13340000.000 	        2 	       80
13360000.000 	        2 	       80
13380000.000 	        2 	       80
13400000.000 	        2 	       80
13420000.000 	        2 	       80
13440000.000 	        2 	       80
13460000.000 	        2 	       80
13480000.000 	        2 	       80
13500000.000 	        2 	       80
13520000.000 	        2 	       80
13540000.000 	        2 	       80
13560000.000 	        2 	       80
13580000.000 	        2 	       80
13600000.000 	        2 	       80
13620000.000 	        2 	       80
13640000.000 	        2 	       80
13660000.000 	        2 	       80
13680000.000 	        2 	       80
13700000.000 	        2 	       80
13720000.000 	        2 	       80
13740000.000 	        2 	       80
13760000.000 	        2 	       80
13780000.000 	        2 	       80
13800000.000 	        2 	       80
13820000.000 	        2 	       80
13840000.000 	        2 	       80
13860000.000 	        2 	       80
13880000.000 	        2 	       80
13900000.000 	        2 	       80
13920000.000 	        2 	       80
13940000.000 	        2 	       80
13960000.000 	        2 	       80
13980000.000 	        2 	       80
14000000.000 	        2 	       80
14020000.000 	        2 	       80
14040000.000 	        2 	       80
14060000.000 	        2 	       80
14080000.000 	        2 	       80
14100000.000 	        2 	       80
14120000.000 	        2 	       80
14140000.000 	        2 	       80
14160000.000 	        2 	       80
14180000.000 	        2 	       80
14200000.000 	        2 	       80
14220000.000 	        2 	       80
14240000.000 	        2 	       80
14260000.000 	        2 	       80
14280000.000 	        2 	       80
14300000.000 	        2 	       80
14320000.000 	        2 	       80
14340000.000 	        2 	       80
14360000.000 	        2 	       80
14380000.000 	        2 	       80
14400000.000 	        2 	       80
14420000.000 	        2 	       80
14440000.000 	        2 	       80
14460000.000 	        2 	       80
14480000.000 	        2 	       80
14500000.000 	        2 	       80
14520000.000 	        2 	       80
14540000.000 	        2 	       80
14560000.000 	        2 	       80
14580000.000 	        2 	       80
14600000.000 	        2 	       80
14620000.000 	        2 	       80
14640000.000 	        2 	       80
14660000.000 	        2 	       80
14680000.000 	        2 	       80
14700000.000 	        2 	       80
14720000.000 	        2 	       80
14740000.000 	        2 	       80
14760000.000 	        2 	       80
14780000.000 	        2 	       80
14800000.000 	        2 	       80
14820000.000 	        2 	       80
14840000.000 	        2 	       80
14860000.000 	        2 	       80
14880000.000 	        2 	       80
14900000.000 	        2 	       80
14920000.000 	        2 	       80
14940000.000 	        2 	       80
14960000.000 	        2 	       80
14980000.000 	        2 	       80
15000000.000 	        2 	       80
15020000.000 	        2 	       80
15040000.000 	        2 	       80
15060000.000 	        2 	       80
15080000.000 	        2 	       80
15100000.000 	        2 	       80
15120000.000 	        2 	       80
15140000.000 	        2 	       80
15160000.000 	        2 	       80
15180000.000 	        2 	       80
15200000.000 	        2 	       80
15220000.000 	        2 	       80
15240000.000 	        2 	       80
15260000.000 	        2 	       80
15280000.000 	        2 	       80
15300000.000 	        2 	       80
15320000.000 	        2 	       80
15340000.000 	        2 	       80
15360000.000 	        2 	       80
15380000.000 	        2 	       80
15400000.000 	        2 	       80
15420000.000 	        2 	       80
15440000.000 	        2 	       80
15460000.000 	        2 	       80
15480000.000 	        2 	       80
15500000.000 	        2 	       80
15520000.000 	        2 	       80
15540000.000 	        2 	       80
15560000.000 	        2 	       80
15580000.000 	        2 	       80
15600000.000 	        2 	       80
15620000.000 	        2 	       80
15640000.000 	        2 	       80
15660000.000 	        2 	       80
15680000.000 	        2 	       80
15700000.000 	        2 	       80
15720000.000 	        2 	       80
15740000.000 	        2 	       80
15760000.000 	        2 	       80
15780000.000 	        2 	       80
15800000.000 	        2 	       80
15820000.000 	        2 	       80
15840000.000 	        2 	       80
15860000.000 	        2 	       80
15880000.000 	        2 	       80
15900000.000 	        2 	       80
15920000.000 	        2 	       80
15940000.000 	        2 	       80
15960000.000 	        2 	       80
15980000.000 	        2 	       80
16000000.000 	        2 	       80
16020000.000 	        2 	       80
16040000.000 	        2 	       80
16060000.000 	        2 	       80
16080000.000 	        2 	       80
16100000.000 	        2 	       80
16120000.000 	        2 	       80
16140000.000 	        2 	       80
16160000.000 	        2 	       80
16180000.000 	        2 	       80
16200000.000 	        2 	       80
16220000.000 	        2 	       80
16240000.000 	        2 	       80
16260000.000 	        2 	       80
16280000.000 	        2 	       80
16300000.000 	        2 	       80
16320000.000 	        2 	       80
16340000.000 	        2 	       80
16360000.000 	        2 	       80
16380000.000 	        2 	       80
16400000.000 	        2 	       80
16420000.000 	        2 	       80
16440000.000 	        2 	       80
16460000.000 	        2 	       80
16480000.000 	        2 	       80
16500000.000 	        2 	       80
16520000.000 	        2 	       80
16540000.000 	        2 	       80
16560000.000 	        2 	       80
16580000.000 	        2 	       80
16600000.000 	        2 	       80
16620000.000 	        2 	       80
16640000.000 	        2 	       80
16660000.000 	        2 	       80
16680000.000 	        2 	       80
16700000.000 	        2 	       80
16720000.000 	        2 	       80
16740000.000 	        2 	       80
16760000.000 	        2 	       80
16780000.000 	        2 	       80
16800000.000 	        2 	       80
16820000.000 	        2 	       80
16840000.000 	        2 	       80
16860000.000 	        2 	       80
16880000.000 	        2 	       80
16900000.000 	        2 	       80
16920000.000 	        2 	       80
16940000.000 	        2 	       80
16960000.000 	        2 	       80
16980000.000 	        2 	       80
17000000.000 	        2 	       80
17020000.000 	        2 	       80
17040000.000 	        2 	       80
17060000.000 	        2 	       80
17080000.000 	        2 	       80
17100000.000 	        2 	       80
17120000.000 	        2 	       80
17140000.000 	        2 	       80
17160000.000 	        2 	       80
17180000.000 	        2 	       80
17200000.000 	        2 	       80
17220000.000 	        2 	       80
17240000.000 	        2 	       80
17260000.000 	        2 	       80
17280000.000 	        2 	       80
17300000.000 	        2 	       80
17320000.000 	        2 	       80
17340000.000 	        2 	       80
17360000.000 	        2 	       80
17380000.000 	        2 	       80
17400000.000 	        2 	       80
17420000.000 	        2 	       80
17440000.000 	        2 	       80
17460000.000 	        2 	       80
17480000.000 	        2 	       80
17500000.000 	        2 	       80
17520000.000 	        2 	       80
17540000.000 	        2 	       80
17560000.000 	        2 	       80
17580000.000 	        2 	       80
17600000.000 	        2 	       80
17620000.000 	        2 	       80
17640000.000 	        2 	       80
17660000.000 	        2 	       80
17680000.000 	        2 	       80
17700000.000 	        2 	       80
17720000.000 	        2 	       80
17740000.000 	        2 	       80
17760000.000 	        2 	       80
17780000.000 	        2 	       80
17800000.000 	        2 	       80
17820000.000 	        2 	       80
17840000.000 	        2 	       80
17860000.000 	        2 	       80
17880000.000 	        2 	       80
17900000.000 	        2 	       80
17920000.000 	        2 	       80
17940000.000 	        2 	       80
17960000.000 	        2 	       80
17980000.000 	        2 	       80
18000000.000 	        2 	       80
18020000.000 	        2 	       80
18040000.000 	        2 	       80
18060000.000 	        2 	       80
18080000.000 	        2 	       80
18100000.000 	        2 	       80
18120000.000 	        2 	       80
18140000.000 	        2 	       80
18160000.000 	        2 	       80
18180000.000 	        2 	       80
18200000.000 	        2 	       80
18220000.000 	        2 	       80
18240000.000 	        2 	       80
18260000.000 	        2 	       80
18280000.000 	        2 	       80
18300000.000 	        2 	       80
18320000.000 	        2 	       80
18340000.000 	        2 	       80
18360000.000 	        2 	       80
18380000.000 	        2 	       80
18400000.000 	        2 	       80
18420000.000 	        2 	       80
18440000.000 	        2 	       80
18460000.000 	        2 	       80
18480000.000 	        2 	       80
18500000.000 	        2 	       80
18520000.000 	        2 	       80
18540000.000 	        2 	       80
18560000.000 	        2 	       80
18580000.000 	        2 	       80
18600000.000 	        2 	       80
18620000.000 	        2 	       80
18640000.000 	        2 	       80
18660000.000 	        2 	       80
18680000.000 	        2 	       80
18700000.000 	        2 	       80
18720000.000 	        2 	       80
18740000.000 	        2 	       80
18760000.000 	        2 	       80
18780000.000 	        2 	       80
18800000.000 	        2 	       80
18820000.000 	        2 	       80
18840000.000 	        2 	       80
18860000.000 	        2 	       80
18880000.000 	        2 	       80
18900000.000 	        2 	       80
18920000.000 	        2 	       80
18940000.000 	        2 	       80
18960000.000 	        2 	       80
18980000.000 	        2 	       80
19000000.000 	        2 	       80
19020000.000 	        2 	       80
19040000.000 	        2 	       80
19060000.000 	        2 	       80
19080000.000 	        2 	       80
19100000.000 	        2 	       80
19120000.000 	        2 	       80
19140000.000 	        2 	       80
19160000.000 	        2 	       80
19180000.000 	        2 	       80
19200000.000 	        2 	       80
19220000.000 	        2 	       80
19240000.000 	        2 	       80
19260000.000 	        2 	       80
19280000.000 	        2 	       80
19300000.000 	        2 	       80
19320000.000 	        2 	       80
19340000.000 	        2 	       80
19360000.000 	        2 	       80
19380000.000 	        2 	       80
19400000.000 	        2 	       80
19420000.000 	        2 	       80
19440000.000 	        2 	       80
19460000.000 	        2 	       80
19480000.000 	        2 	       80
19500000.000 	        2 	       80
19520000.000 	        2 	       80
19540000.000 	        2 	       80
19560000.000 	        2 	       80
19580000.000 	        2 	       80
19600000.000 	        2 	       80
19620000.000 	        2 	       80
19640000.000 	        2 	       80
19660000.000 	        2 	       80
19680000.000 	        2 	       80
19700000.000 	        2 	       80
19720000.000 	        2 	       80
19740000.000 	        2 	       80
19760000.000 	        2 	       80
19780000.000 	        2 	       80
19800000.000 	        2 	       80
19820000.000 	        2 	       80
19840000.000 	        2 	       80
19860000.000 	        2 	       80
19880000.000 	        2 	       80
19900000.000 	        2 	       80
19920000.000 	        2 	       80
19940000.000 	        2 	       80
19960000.000 	        2 	       80
19980000.000 	        2 	       80
20000000.000 	        2 	       80
20020000.000 	        2 	       80
20040000.000 	        2 	       80
20060000.000 	        2 	       80
20080000.000 	        2 	       80
20100000.000 	        2 	       80
20120000.000 	        2 	       80
20140000.000 	        2 	       80
20160000.000 	        2 	       80
20180000.000 	        2 	       80
20200000.000 	        2 	       80
20220000.000 	        2 	       80
20240000.000 	        2 	       80
20260000.000 	        2 	       80
20280000.000 	        2 	       80
20300000.000 	        2 	       80
20320000.000 	        2 	       80
20340000.000 	        2 	       80
20360000.000 	        2 	       80
20380000.000 	        2 	       80
20400000.000 	        2 	       80
20420000.000 	        2 	       80
20440000.000 	        2 	       80
20460000.000 	        2 	       80
20480000.000 	        2 	       80
20500000.000 	        2 	       80
20520000.000 	        2 	       80
20540000.000 	        2 	       80
20560000.000 	        2 	       80
20580000.000 	        2 	       80
20600000.000 	        2 	       80
20620000.000 	        2 	       80
20640000.000 	        2 	       80
20660000.000 	        2 	       80
20680000.000 	        2 	       80
20700000.000 	        2 	       80
20720000.000 	        2 	       80
20740000.000 	        2 	       80
20760000.000 	        2 	       80
20780000.000 	        2 	       80
20800000.000 	        2 	       80
20820000.000 	        2 	       80
20840000.000 	        2 	       80
20860000.000 	        2 	       80
20880000.000 	        2 	       80
20900000.000 	        2 	       80
20920000.000 	        2 	       80
20940000.000 	        2 	       80
20960000.000 	        2 	       80
20980000.000 	        2 	       80
21000000.000 	        2 	       80
21020000.000 	        2 	       80
21040000.000 	        2 	       80
21060000.000 	        2 	       80
21080000.000 	        2 	       80
21100000.000 	        2 	       80
21120000.000 	        2 	       80
21140000.000 	        2 	       80
21160000.000 	        2 	       80
21180000.000 	        2 	       80
21200000.000 	        2 	       80
21220000.000 	        2 	       80
21240000.000 	        2 	       80
21260000.000 	        2 	       80
21280000.000 	        2 	       80
21300000.000 	        2 	       80
21320000.000 	        2 	       80
21340000.000 	        2 	       80
21360000.000 	        2 	       80
21380000.000 	        2 	       80
21400000.000 	        2 	       80
21420000.000 	        2 	       80
21440000.000 	        2 	       80
21460000.000 	        2 	       80
21480000.000 	        2 	       80
21500000.000 	        2 	       80
21520000.000 	        2 	       80
21540000.000 	        2 	       80
21560000.000 	        2 	       80
21580000.000 	        2 	       80
21600000.000 	        2 	       80
21620000.000 	        2 	       80
21640000.000 	        2 	       80
21660000.000 	        2 	       80
21680000.000 	        2 	       80
21700000.000 	        2 	       80
21720000.000 	        2 	       80
21740000.000 	        2 	       80
21760000.000 	        2 	       80
21780000.000 	        2 	       80
21800000.000 	        2 	       80
21820000.000 	        2 	       80
21840000.000 	        2 	       80
21860000.000 	        2 	       80
21880000.000 	        2 	       80
21900000.000 	        2 	       80
21920000.000 	        2 	       80
21940000.000 	        2 	       80
21960000.000 	        2 	       80
21980000.000 	        2 	       80
22000000.000 	        2 	       80
22020000.000 	        2 	       80
22040000.000 	        2 	       80
22060000.000 	        2 	       80
22080000.000 	        2 	       80
22100000.000 	        2 	       80
22120000.000 	        2 	       80
22140000.000 	        2 	       80
22160000.000 	        2 	       80
22180000.000 	        2 	       80
22200000.000 	        2 	       80
22220000.000 	        2 	       80
22240000.000 	        2 	       80
22260000.000 	        2 	       80
22280000.000 	        2 	       80
22300000.000 	        2 	       80
22320000.000 	        2 	       80
22340000.000 	        2 	       80
22360000.000 	        2 	       80
22380000.000 	        2 	       80
22400000.000 	        2 	       80
22420000.000 	        2 	       80
22440000.000 	        2 	       80
22460000.000 	        2 	       80
22480000.000 	        2 	       80
22500000.000 	        2 	       80
22520000.000 	        2 	       80
22540000.000 	        2 	       80
22560000.000 	        2 	       80
22580000.000 	        2 	       80
22600000.000 	        2 	       80
22620000.000 	        2 	       80
22640000.000 	        2 	       80
22660000.000 	        2 	       80
22680000.000 	        2 	       80
22700000.000 	        2 	       80
22720000.000 	        2 	       80
22740000.000 	        2 	       80
22760000.000 	        2 	       80
22780000.000 	        2 	       80
22800000.000 	        2 	       80
22820000.000 	        2 	       80
22840000.000 	        2 	       80
22860000.000 	        2 	       80
22880000.000 	        2 	       80
22900000.000 	        2 	       80
22920000.000 	        2 	       80
22940000.000 	        2 	       80
22960000.000 	        2 	       80
22980000.000 	        2 	       80
23000000.000 	        2 	       80
23020000.000 	        2 	       80
23040000.000 	        2 	       80
23060000.000 	        2 	       80
23080000.000 	        2 	       80
23100000.000 	        2 	       80
23120000.000 	        2 	       80
23140000.000 	        2 	       80
23160000.000 	        2 	       80
23180000.000 	        2 	       80
23200000.000 	        2 	       80
23220000.000 	        2 	       80
23240000.000 	        2 	       80
23260000.000 	        2 	       80
23280000.000 	        2 	       80
23300000.000 	        2 	       80
23320000.000 	        2 	       80
23340000.000 	        2 	       80
23360000.000 	        2 	       80
23380000.000 	        2 	       80
23400000.000 	        2 	       80
23420000.000 	        2 	       80
23440000.000 	        2 	       80
23460000.000 	        2 	       80
23480000.000 	        2 	       80
23500000.000 	        2 	       80
23520000.000 	        2 	       80
23540000.000 	        2 	       80
23560000.000 	        2 	       80
23580000.000 	        2 	       80
23600000.000 	        2 	       80
23620000.000 	        2 	       80
23640000.000 	        2 	       80
23660000.000 	        2 	       80
23680000.000 	        2 	       80
23700000.000 	        2 	       80
23720000.000 	        2 	       80
23740000.000 	        2 	       80
23760000.000 	        2 	       80
23780000.000 	        2 	       80
23800000.000 	        2 	       80
23820000.000 	        2 	       80
23840000.000 	        2 	       80
23860000.000 	        2 	       80
23880000.000 	        2 	       80
23900000.000 	        2 	       80
23920000.000 	        2 	       80
23940000.000 	        2 	       80
23960000.000 	        2 	       80
23980000.000 	        2 	       80
24000000.000 	        2 	       80
24020000.000 	        2 	       80
24040000.000 	        2 	       80
24060000.000 	        2 	       80
24080000.000 	        2 	       80
24100000.000 	        2 	       80
24120000.000 	        2 	       80
24140000.000 	        2 	       80
24160000.000 	        2 	       80
24180000.000 	        2 	       80
24200000.000 	        2 	       80
24220000.000 	        2 	       80
24240000.000 	        2 	       80
24260000.000 	        2 	       80
24280000.000 	        2 	       80
24300000.000 	        2 	       80
24320000.000 	        2 	       80
24340000.000 	        2 	       80
24360000.000 	        2 	       80
24380000.000 	        2 	       80
24400000.000 	        2 	       80
24420000.000 	        2 	       80
24440000.000 	        2 	       80
24460000.000 	        2 	       80
24480000.000 	        2 	       80
24500000.000 	        2 	       80
24520000.000 	        2 	       80
24540000.000 	        2 	       80
24560000.000 	        2 	       80
24580000.000 	        2 	       80
24600000.000 	        2 	       80
24620000.000 	        2 	       80
24640000.000 	        2 	       80
24660000.000 	        2 	       80
24680000.000 	        2 	       80
24700000.000 	        2 	       80
24720000.000 	        2 	       80
24740000.000 	        2 	       80
24760000.000 	        2 	       80
24780000.000 	        2 	       80
24800000.000 	        2 	       80
24820000.000 	        2 	       80
24840000.000 	        2 	       80
24860000.000 	        2 	       80
24880000.000 	        2 	       80
24900000.000 	        2 	       80
24920000.000 	        2 	       80
24940000.000 	        2 	       80
24960000.000 	        2 	       80
24980000.000 	        2 	       80
25000000.000 	        2 	       80
25020000.000 	        2 	       80
25040000.000 	        2 	       80
25060000.000 	        2 	       80
25080000.000 	        2 	       80
25100000.000 	        2 	       80
25120000.000 	        2 	       80
25140000.000 	        2 	       80
25160000.000 	        2 	       80
25180000.000 	        2 	       80
25200000.000 	        2 	       80
25220000.000 	        2 	       80
25240000.000 	        2 	       80
25260000.000 	        2 	       80
25280000.000 	        2 	       80
25300000.000 	        2 	       80
25320000.000 	        2 	       80
25340000.000 	        2 	       80
25360000.000 	        2 	       80
25380000.000 	        2 	       80
25400000.000 	        2 	       80
25420000.000 	        2 	       80
25440000.000 	        2 	       80
25460000.000 	        2 	       80
25480000.000 	        2 	       80
25500000.000 	        2 	       80
25520000.000 	        2 	       80
25540000.000 	        2 	       80
25560000.000 	        2 	       80
25580000.000 	        2 	       80
25600000.000 	        2 	       80
25620000.000 	        2 	       80
25640000.000 	        2 	       80
25660000.000 	        2 	       80
25680000.000 	        2 	       80
25700000.000 	        2 	       80
25720000.000 	        2 	       80
25740000.000 	        2 	       80
25760000.000 	        2 	       80
25780000.000 	        2 	       80
25800000.000 	        2 	       80
25820000.000 	        2 	       80
25840000.000 	        2 	       80
25860000.000 	        2 	       80
25880000.000 	        2 	       80
25900000.000 	        2 	       80
25920000.000 	        2 	       80
25940000.000 	        2 	       80
25960000.000 	        2 	       80
25980000.000 	        2 	       80
26000000.000 	        2 	       80
26020000.000 	        2 	       80
26040000.000 	        2 	       80
26060000.000 	        2 	       80
26080000.000 	        1 	      100
26100000.000 	        1 	      100
26120000.000 	        1 	      100
26140000.000 	        1 	      100
26160000.000 	        1 	      100
26180000.000 	        1 	      100
26200000.000 	        1 	      100
26220000.000 	        1 	      100
26240000.000 	        1 	      100
26260000.000 	        1 	      100
26280000.000 	        1 	      100
26300000.000 	        1 	      100
26320000.000 	        1 	      100
26340000.000 	        1 	      100
26360000.000 	        1 	      100
26380000.000 	        1 	      100
26400000.000 	        1 	      100
26420000.000 	        1 	      100
26440000.000 	        1 	      100
26460000.000 	        1 	      100
26480000.000 	        1 	      100
26500000.000 	        1 	      100
26520000.000 	        1 	      100
26540000.000 	        1 	      100
26560000.000 	        1 	      100
26580000.000 	        1 	      100
26600000.000 	        1 	      100
26620000.000 	        1 	      100
26640000.000 	        1 	      100
26660000.000 	        1 	      100
26680000.000 	        1 	      100
26700000.000 	        1 	      100
26720000.000 	        1 	      100
26740000.000 	        1 	      100
26760000.000 	        1 	      100
26780000.000 	        1 	      100
26800000.000 	        1 	      100
26820000.000 	        1 	      100
26840000.000 	        1 	      100
26860000.000 	        1 	      100
26880000.000 	        1 	      100
26900000.000 	        1 	      100
26920000.000 	        1 	      100
26940000.000 	        1 	      100
26960000.000 	        1 	      100
26980000.000 	        1 	      100
27000000.000 	        1 	      100
27020000.000 	        1 	      100
27040000.000 	        1 	      100
27060000.000 	        1 	      100
27080000.000 	        1 	      100
27100000.000 	        1 	      100
27120000.000 	        1 	      100
27140000.000 	        1 	      100
27160000.000 	        1 	      100
27180000.000 	        1 	      100
27200000.000 	        1 	      100
27220000.000 	        1 	      100
27240000.000 	        1 	      100
27260000.000 	        1 	      100
27280000.000 	        1 	      100
27300000.000 	        1 	      100
27320000.000 	        1 	      100
27340000.000 	        1 	      100
27360000.000 	        1 	      100
27380000.000 	        1 	      100
27400000.000 	        1 	      100
27420000.000 	        1 	      100
27440000.000 	        1 	      100
27460000.000 	        1 	      100
27480000.000 	        1 	      100
27500000.000 	        1 	      100
27520000.000 	        1 	      100
27540000.000 	        1 	      100
27560000.000 	        1 	      100
27580000.000 	        1 	      100
27600000.000 	        1 	      100
27620000.000 	        1 	      100
27640000.000 	        1 	      100
27660000.000 	        1 	      100
27680000.000 	        1 	      100
27700000.000 	        1 	      100
27720000.000 	        1 	      100
27740000.000 	        1 	      100
27760000.000 	        1 	      100
27780000.000 	        1 	      100
27800000.000 	        1 	      100
27820000.000 	        1 	      100
27840000.000 	        1 	      100
27860000.000 	        1 	      100
27880000.000 	        1 	      100
27900000.000 	        1 	      100
27920000.000 	        1 	      100
27940000.000 	        1 	      100
27960000.000 	        1 	      100
27980000.000 	        1 	      100
28000000.000 	        1 	      100
28020000.000 	        1 	      100
28040000.000 	        1 	      100
28060000.000 	        1 	      100
28080000.000 	        1 	      100
28100000.000 	        1 	      100
28120000.000 	        1 	      100
28140000.000 	        1 	      100
28160000.000 	        1 	      100
28180000.000 	        1 	      100
28200000.000 	        1 	      100
28220000.000 	        1 	      100
28240000.000 	        1 	      100
28260000.000 	        1 	      100
28280000.000 	        1 	      100
28300000.000 	        1 	      100
28320000.000 	        1 	      100
28340000.000 	        1 	      100
28360000.000 	        1 	      100
28380000.000 	        1 	      100
28400000.000 	        1 	      100
28420000.000 	        1 	      100
28440000.000 	        1 	      100
28460000.000 	        1 	      100
28480000.000 	        1 	      100
28500000.000 	        1 	      100
28520000.000 	        1 	      100
28540000.000 	        1 	      100
28560000.000 	        1 	      100
28580000.000 	        1 	      100
28600000.000 	        1 	      100
28620000.000 	        1 	      100
28640000.000 	        1 	      100
28660000.000 	        1 	      100
28680000.000 	        1 	      100
28700000.000 	        1 	      100
28720000.000 	        1 	      100
28740000.000 	        1 	      100
28760000.000 	        1 	      100
28780000.000 	        1 	      100
28800000.000 	        1 	      100
28820000.000 	        1 	      100
28840000.000 	        1 	      100
28860000.000 	        1 	      100
28880000.000 	        1 	      100
28900000.000 	        1 	      100
28920000.000 	        1 	      100
28940000.000 	        1 	      100
28960000.000 	        1 	      100
28980000.000 	        1 	      100
29000000.000 	        1 	      100
29020000.000 	        1 	      100
29040000.000 	        1 	      100
29060000.000 	        1 	      100
29080000.000 	        1 	      100
29100000.000 	        1 	      100
29120000.000 	        1 	      100
29140000.000 	        1 	      100
29160000.000 	        1 	      100
29180000.000 	        1 	      100
29200000.000 	        1 	      100
29220000.000 	        1 	      100
29240000.000 	        1 	      100
29260000.000 	        1 	      100
29280000.000 	        1 	      100
29300000.000 	        1 	      100
29320000.000 	        1 	      100
29340000.000 	        1 	      100
29360000.000 	        1 	      100
29380000.000 	        1 	      100
29400000.000 	        1 	      100
29420000.000 	        1 	      100
29440000.000 	        1 	      100
29460000.000 	        1 	      100
29480000.000 	        1 	      100
29500000.000 	        1 	      100
29520000.000 	        1 	      100
29540000.000 	        1 	      100
29560000.000 	        1 	      100
29580000.000 	        1 	      100
29600000.000 	        1 	      100
29620000.000 	        1 	      100
29640000.000 	        1 	      100
29660000.000 	        1 	      100
29680000.000 	        1 	      100
29700000.000 	        1 	      100
29720000.000 	        1 	      100
29740000.000 	        1 	      100
29760000.000 	        1 	      100
29780000.000 	        1 	      100
29800000.000 	        1 	      100
29820000.000 	        1 	      100
29840000.000 	        1 	      100
29860000.000 	        1 	      100
29880000.000 	        1 	      100
29900000.000 	        1 	      100
29920000.000 	        1 	      100
29940000.000 	        1 	      100
29960000.000 	        1 	      100
29980000.000 	        1 	      100
30000000.000 	        1 	      100
30020000.000 	        1 	      100
30040000.000 	        1 	      100
30060000.000 	        1 	      100
30080000.000 	        1 	      100
30100000.000 	        1 	      100
30120000.000 	        1 	      100
30140000.000 	        1 	      100
30160000.000 	        1 	      100
30180000.000 	        1 	      100
30200000.000 	        1 	      100
30220000.000 	        1 	      100
30240000.000 	        1 	      100
30260000.000 	        1 	      100
30280000.000 	        1 	      100
30300000.000 	        1 	      100
30320000.000 	        1 	      100
30340000.000 	        1 	      100
30360000.000 	        1 	      100
30380000.000 	        1 	      100
30400000.000 	        1 	      100
30420000.000 	        1 	      100
30440000.000 	        1 	      100
30460000.000 	        1 	      100
30480000.000 	        1 	      100
30500000.000 	        1 	      100
30520000.000 	        1 	      100
30540000.000 	        1 	      100
30560000.000 	        1 	      100
30580000.000 	        1 	      100
30600000.000 	        1 	      100
30620000.000 	        1 	      100
30640000.000 	        1 	      100
30660000.000 	        1 	      100
30680000.000 	        1 	      100
30700000.000 	        1 	      100
30720000.000 	        1 	      100
30740000.000 	        1 	      100
30760000.000 	        1 	      100
30780000.000 	        1 	      100
30800000.000 	        1 	      100
30820000.000 	        1 	      100
30840000.000 	        1 	      100
30860000.000 	        1 	      100
30880000.000 	        1 	      100
30900000.000 	        1 	      100
30920000.000 	        1 	      100
30940000.000 	        1 	      100
30960000.000 	        1 	      100
30980000.000 	        1 	      100
31000000.000 	        1 	      100
31020000.000 	        1 	      100
31040000.000 	        1 	      100
31060000.000 	        1 	      100
31080000.000 	        1 	      100
31100000.000 	        1 	      100
31120000.000 	        1 	      100
31140000.000 	        1 	      100
31160000.000 	        1 	      100
31180000.000 	        1 	      100
31200000.000 	        1 	      100
31220000.000 	        1 	      100
31240000.000 	        1 	      100
31260000.000 	        1 	      100
31280000.000 	        1 	      100
31300000.000 	        1 	      100
31320000.000 	        1 	      100
31340000.000 	        1 	      100
31360000.000 	        1 	      100
31380000.000 	        1 	      100
31400000.000 	        1 	      100
31420000.000 	        1 	      100
31440000.000 	        1 	      100
31460000.000 	        1 	      100
31480000.000 	        1 	      100
31500000.000 	        1 	      100
31520000.000 	        1 	      100
31540000.000 	        1 	      100
31560000.000 	        1 	      100
31580000.000 	        1 	      100
31600000.000 	        1 	      100
31620000.000 	        1 	      100
31640000.000 	        1 	      100
31660000.000 	        1 	      100
31680000.000 	        1 	      100
31700000.000 	        1 	      100
31720000.000 	        1 	      100
31740000.000 	        1 	      100
31760000.000 	        1 	      100
31780000.000 	        1 	      100
31800000.000 	        1 	      100
31820000.000 	        1 	      100
31840000.000 	        1 	      100
31860000.000 	        1 	      100
31880000.000 	        1 	      100
31900000.000 	        1 	      100
31920000.000 	        1 	      100
31940000.000 	        1 	      100
31960000.000 	        1 	      100
31980000.000 	        1 	      100
32000000.000 	        1 	      100
32020000.000 	        1 	      100
32040000.000 	        1 	      100
32060000.000 	        1 	      100
32080000.000 	        1 	      100
32100000.000 	        1 	      100
32120000.000 	        1 	      100
32140000.000 	        1 	      100
32160000.000 	        1 	      100
32180000.000 	        1 	      100
32200000.000 	        1 	      100
32220000.000 	        1 	      100
32240000.000 	        1 	      100
32260000.000 	        1 	      100
32280000.000 	        1 	      100
32300000.000 	        1 	      100
32320000.000 	        1 	      100
32340000.000 	        1 	      100
32360000.000 	        1 	      100
32380000.000 	        1 	      100
32400000.000 	        1 	      100
32420000.000 	        1 	      100
32440000.000 	        1 	      100
32460000.000 	        1 	      100
32480000.000 	        1 	      100
32500000.000 	        1 	      100
32520000.000 	        1 	      100
32540000.000 	        1 	      100
32560000.000 	        1 	      100
32580000.000 	        1 	      100
32600000.000 	        1 	      100
32620000.000 	        1 	      100
32640000.000 	        1 	      100
32660000.000 	        1 	      100
32680000.000 	        1 	      100
32700000.000 	        1 	      100
32720000.000 	        1 	      100
32740000.000 	        1 	      100
32760000.000 	        1 	      100
32780000.000 	        1 	      100
32800000.000 	        1 	      100
32820000.000 	        1 	      100
32840000.000 	        1 	      100
32860000.000 	        1 	      100
32880000.000 	        1 	      100
32900000.000 	        1 	      100
32920000.000 	        1 	      100
32940000.000 	        1 	      100
32960000.000 	        1 	      100
32980000.000 	        1 	      100
33000000.000 	        1 	      100
33020000.000 	        1 	      100
33040000.000 	        1 	      100
33060000.000 	        1 	      100
33080000.000 	        1 	      100
33100000.000 	        1 	      100
33120000.000 	        1 	      100
33140000.000 	        1 	      100
33160000.000 	        1 	      100
33180000.000 	        1 	      100
33200000.000 	        1 	      100
33220000.000 	        1 	      100
33240000.000 	        1 	      100
33260000.000 	        1 	      100
33280000.000 	        1 	      100
33300000.000 	        1 	      100
33320000.000 	        1 	      100
33340000.000 	        1 	      100
33360000.000 	        1 	      100
33380000.000 	        1 	      100
33400000.000 	        1 	      100
33420000.000 	        1 	      100
33440000.000 	        1 	      100
33460000.000 	        1 	      100
33480000.000 	        1 	      100
33500000.000 	        1 	      100
33520000.000 	        1 	      100
33540000.000 	        1 	      100
33560000.000 	        1 	      100
33580000.000 	        1 	      100
33600000.000 	        1 	      100
33620000.000 	        1 	      100
33640000.000 	        1 	      100
33660000.000 	        1 	      100
33680000.000 	        1 	      100
33700000.000 	        1 	      100
33720000.000 	        1 	      100
33740000.000 	        1 	      100
33760000.000 	        1 	      100
33780000.000 	        1 	      100
33800000.000 	        1 	      100
33820000.000 	        1 	      100
33840000.000 	        1 	      100
33860000.000 	        1 	      100
33880000.000 	        1 	      100
33900000.000 	        1 	      100
33920000.000 	        1 	      100
33940000.000 	        1 	      100
33960000.000 	        1 	      100
33980000.000 	        1 	      100
34000000.000 	        1 	      100
34020000.000 	        1 	      100
34040000.000 	        1 	      100
34060000.000 	        1 	      100
34080000.000 	        1 	      100
34100000.000 	        1 	      100
34120000.000 	        1 	      100
34140000.000 	        1 	      100
34160000.000 	        1 	      100
34180000.000 	        1 	      100
34200000.000 	        1 	      100
34220000.000 	        1 	      100
34240000.000 	        1 	      100
34260000.000 	        1 	      100
34280000.000 	        1 	      100
34300000.000 	        1 	      100
34320000.000 	        1 	      100
34340000.000 	        1 	      100
34360000.000 	        1 	      100
34380000.000 	        1 	      100
34400000.000 	        1 	      100
34420000.000 	        1 	      100
34440000.000 	        1 	      100
34460000.000 	        1 	      100
34480000.000 	        1 	      100
34500000.000 	        1 	      100
34520000.000 	        1 	      100
34540000.000 	        1 	      100
34560000.000 	        1 	      100
34580000.000 	        1 	      100
34600000.000 	        1 	      100
34620000.000 	        1 	      100
34640000.000 	        1 	      100
34660000.000 	        1 	      100
34680000.000 	        1 	      100
34700000.000 	        1 	      100
34720000.000 	        1 	      100
34740000.000 	        1 	      100
34760000.000 	        1 	      100
34780000.000 	        1 	      100
34800000.000 	        1 	      100
34820000.000 	        1 	      100
34840000.000 	        1 	      100
34860000.000 	        1 	      100
34880000.000 	        1 	      100
34900000.000 	        1 	      100
34920000.000 	        1 	      100
34940000.000 	        1 	      100
34960000.000 	        1 	      100
34980000.000 	        1 	      100
35000000.000 	        1 	      100
35020000.000 	        1 	      100
35040000.000 	        1 	      100
35060000.000 	        1 	      100
35080000.000 	        1 	      100
35100000.000 	        1 	      100
35120000.000 	        1 	      100
35140000.000 	        1 	      100
35160000.000 	        1 	      100
35180000.000 	        1 	      100
35200000.000 	        1 	      100
35220000.000 	        1 	      100
35240000.000 	        1 	      100
35260000.000 	        1 	      100
35280000.000 	        1 	      100
35300000.000 	        1 	      100
35320000.000 	        1 	      100
35340000.000 	        1 	      100
35360000.000 	        1 	      100
35380000.000 	        1 	      100
35400000.000 	        1 	      100
35420000.000 	        1 	      100
35440000.000 	        1 	      100
35460000.000 	        1 	      100
35480000.000 	        1 	      100
35500000.000 	        1 	      100
35520000.000 	        1 	      100
35540000.000 	        1 	      100
35560000.000 	        1 	      100
35580000.000 	        1 	      100
35600000.000 	        1 	      100
35620000.000 	        1 	      100
35640000.000 	        1 	      100
35660000.000 	        1 	      100
35680000.000 	        1 	      100
35700000.000 	        1 	      100
35720000.000 	        1 	      100
35740000.000 	        1 	      100
35760000.000 	        1 	      100
35780000.000 	        1 	      100
35800000.000 	        1 	      100
35820000.000 	        1 	      100
35840000.000 	        1 	      100
35860000.000 	        1 	      100
35880000.000 	        1 	      100
35900000.000 	        1 	      100
35920000.000 	        1 	      100
35940000.000 	        1 	      100
35960000.000 	        1 	      100
35980000.000 	        1 	      100
36000000.000 	        1 	      100
36020000.000 	        1 	      100
36040000.000 	        1 	      100
36060000.000 	        1 	      100
36080000.000 	        1 	      100
36100000.000 	        1 	      100
36120000.000 	        1 	      100
36140000.000 	        1 	      100
36160000.000 	        1 	      100
36180000.000 	        1 	      100
36200000.000 	        1 	      100
36220000.000 	        1 	      100
36240000.000 	        1 	      100
36260000.000 	        1 	      100
36280000.000 	        1 	      100
36300000.000 	        1 	      100
36320000.000 	        1 	      100
36340000.000 	        1 	      100
36360000.000 	        1 	      100
36380000.000 	        1 	      100
36400000.000 	        1 	      100
36420000.000 	        1 	      100
36440000.000 	        1 	      100
36460000.000 	        1 	      100
36480000.000 	        1 	      100
36500000.000 	        1 	      100
36520000.000 	        1 	      100
36540000.000 	        1 	      100
36560000.000 	        1 	      100
36580000.000 	        1 	      100
36600000.000 	        1 	      100
36620000.000 	        1 	      100
36640000.000 	        1 	      100
36660000.000 	        1 	      100
36680000.000 	        1 	      100
36700000.000 	        1 	      100
36720000.000 	        1 	      100
36740000.000 	        1 	      100
36760000.000 	        1 	      100
36780000.000 	        1 	      100
36800000.000 	        1 	      100
36820000.000 	        1 	      100
36840000.000 	        1 	      100
36860000.000 	        1 	      100
36880000.000 	        1 	      100
36900000.000 	        1 	      100
36920000.000 	        1 	      100
36940000.000 	        1 	      100
36960000.000 	        1 	      100
36980000.000 	        1 	      100
37000000.000 	        1 	      100
37020000.000 	        1 	      100
37040000.000 	        1 	      100
37060000.000 	        1 	      100
37080000.000 	        1 	      100
37100000.000 	        1 	      100
37120000.000 	        1 	      100
37140000.000 	        1 	      100
37160000.000 	        1 	      100
37180000.000 	        1 	      100
37200000.000 	        1 	      100
37220000.000 	        1 	      100
37240000.000 	        1 	      100
37260000.000 	        1 	      100
37280000.000 	        1 	      100
37300000.000 	        1 	      100
37320000.000 	        1 	      100
37340000.000 	        1 	      100
37360000.000 	        1 	      100
37380000.000 	        1 	      100
37400000.000 	        1 	      100
37420000.000 	        1 	      100
37440000.000 	        1 	      100
37460000.000 	        1 	      100
37480000.000 	        1 	      100
37500000.000 	        1 	      100
37520000.000 	        1 	      100
37540000.000 	        1 	      100
37560000.000 	        1 	      100
37580000.000 	        1 	      100
37600000.000 	        1 	      100
37620000.000 	        1 	      100
37640000.000 	        1 	      100
37660000.000 	        1 	      100
37680000.000 	        1 	      100
37700000.000 	        1 	      100
37720000.000 	        1 	      100
37740000.000 	        1 	      100
37760000.000 	        1 	      100
37780000.000 	        1 	      100
37800000.000 	        1 	      100
37820000.000 	        1 	      100
37840000.000 	        1 	      100
37860000.000 	        1 	      100
37880000.000 	        1 	      100
37900000.000 	        1 	      100
37920000.000 	        1 	      100
37940000.000 	        1 	      100
37960000.000 	        1 	      100
37980000.000 	        1 	      100
38000000.000 	        1 	      100
38020000.000 	        1 	      100
38040000.000 	        1 	      100
38060000.000 	        1 	      100
38080000.000 	        1 	      100
38100000.000 	        1 	      100
38120000.000 	        1 	      100
38140000.000 	        1 	      100
38160000.000 	        1 	      100
38180000.000 	        1 	      100
38200000.000 	        1 	      100
38220000.000 	        1 	      100
38240000.000 	        1 	      100
38260000.000 	        1 	      100
38280000.000 	        1 	      100
38300000.000 	        1 	      100
38320000.000 	        1 	      100
38340000.000 	        1 	      100
38360000.000 	        1 	      100
38380000.000 	        1 	      100
38400000.000 	        1 	      100
38420000.000 	        1 	      100
38440000.000 	        1 	      100
38460000.000 	        1 	      100
38480000.000 	        1 	      100
38500000.000 	        1 	      100
38520000.000 	        1 	      100
38540000.000 	        1 	      100
38560000.000 	        1 	      100
38580000.000 	        1 	      100
38600000.000 	        1 	      100
38620000.000 	        1 	      100
38640000.000 	        1 	      100
38660000.000 	        1 	      100
38680000.000 	        1 	      100
38700000.000 	        1 	      100
38720000.000 	        1 	      100
38740000.000 	        1 	      100
38760000.000 	        1 	      100
38780000.000 	        1 	      100
38800000.000 	        1 	      100
38820000.000 	        1 	      100
38840000.000 	        1 	      100
38860000.000 	        1 	      100
38880000.000 	        1 	      100
38900000.000 	        1 	      100
38920000.000 	        1 	      100
38940000.000 	        1 	      100
38960000.000 	        1 	      100
38980000.000 	        1 	      100
39000000.000 	        1 	      100
39020000.000 	        1 	      100
39040000.000 	        1 	      100
39060000.000 	        1 	      100
39080000.000 	        1 	      100
39100000.000 	        1 	      100
39120000.000 	        1 	      100
39140000.000 	        1 	      100
39160000.000 	        1 	      100
39180000.000 	        1 	      100
39200000.000 	        1 	      100
39220000.000 	        1 	      100
39240000.000 	        1 	      100
39260000.000 	        1 	      100
39280000.000 	        1 	      100
39300000.000 	        1 	      100
39320000.000 	        1 	      100
39340000.000 	        1 	      100
39360000.000 	        1 	      100
39380000.000 	        1 	      100
39400000.000 	        1 	      100
39420000.000 	        1 	      100
39440000.000 	        1 	      100
39460000.000 	        1 	      100
39480000.000 	        1 	      100
39500000.000 	        1 	      100
39520000.000 	        1 	      100
39540000.000 	        1 	      100
39560000.000 	        1 	      100
39580000.000 	        1 	      100
39600000.000 	        1 	      100
39620000.000 	        1 	      100
39640000.000 	        1 	      100
39660000.000 	        1 	      100
39680000.000 	        1 	      100
39700000.000 	        1 	      100
39720000.000 	        1 	      100
39740000.000 	        1 	      100
39760000.000 	        1 	      100
39780000.000 	        1 	      100
39800000.000 	        1 	      100
39820000.000 	        1 	      100
39840000.000 	        1 	      100
39860000.000 	        1 	      100
39880000.000 	        1 	      100
39900000.000 	        1 	      100
39920000.000 	        1 	      100
39940000.000 	        1 	      100
39960000.000 	        1 	      100
39980000.000 	        1 	      100
40000000.000 	        1 	      100
40020000.000 	        1 	      100
40040000.000 	        1 	      100
40060000.000 	        1 	      100
40080000.000 	        1 	      100
40100000.000 	        1 	      100
40120000.000 	        1 	      100
40140000.000 	        1 	      100
40160000.000 	        1 	      100
40180000.000 	        1 	      100
40200000.000 	        1 	      100
40220000.000 	        1 	      100
40240000.000 	        1 	      100
40260000.000 	        1 	      100
40280000.000 	        1 	      100
40300000.000 	        1 	      100
40320000.000 	        1 	      100
40340000.000 	        1 	      100
40360000.000 	        1 	      100
40380000.000 	        1 	      100
40400000.000 	        1 	      100
40420000.000 	        1 	      100
40440000.000 	        1 	      100
40460000.000 	        1 	      100
40480000.000 	        1 	      100
40500000.000 	        1 	      100
40520000.000 	        1 	      100
40540000.000 	        1 	      100
40560000.000 	        1 	      100
40580000.000 	        1 	      100
40600000.000 	        1 	      100
40620000.000 	        1 	      100
40640000.000 	        1 	      100
40660000.000 	        1 	      100
40680000.000 	        1 	      100
40700000.000 	        1 	      100
40720000.000 	        1 	      100
40740000.000 	        1 	      100
40760000.000 	        1 	      100
40780000.000 	        1 	      100
40800000.000 	        1 	      100
40820000.000 	        1 	      100
40840000.000 	        1 	      100
40860000.000 	        1 	      100
40880000.000 	        1 	      100
40900000.000 	        1 	      100
40920000.000 	        1 	      100
40940000.000 	        1 	      100
40960000.000 	        1 	      100
40980000.000 	        1 	      100
41000000.000 	        1 	      100
41020000.000 	        1 	      100
41040000.000 	        1 	      100
41060000.000 	        1 	      100
41080000.000 	        1 	      100
41100000.000 	        1 	      100
41120000.000 	        1 	      100
41140000.000 	        1 	      100
41160000.000 	        1 	      100
41180000.000 	        1 	      100
41200000.000 	        1 	      100
41220000.000 	        1 	      100
41240000.000 	        1 	      100
41260000.000 	        1 	      100
41280000.000 	        1 	      100
41300000.000 	        1 	      100
41320000.000 	        1 	      100
41340000.000 	        1 	      100
41360000.000 	        1 	      100
41380000.000 	        1 	      100
41400000.000 	        1 	      100
41420000.000 	        1 	      100
41440000.000 	        1 	      100
41460000.000 	        1 	      100
41480000.000 	        1 	      100
41500000.000 	        1 	      100
41520000.000 	        1 	      100
41540000.000 	        1 	      100
41560000.000 	        1 	      100
41580000.000 	        1 	      100
41600000.000 	        1 	      100
41620000.000 	        1 	      100
41640000.000 	        1 	      100
41660000.000 	        1 	      100
41680000.000 	        1 	      100
41700000.000 	        1 	      100
41720000.000 	        1 	      100
41740000.000 	        1 	      100
41760000.000 	        1 	      100
41780000.000 	        1 	      100
41800000.000 	        1 	      100
41820000.000 	        1 	      100
41840000.000 	        1 	      100
41860000.000 	        1 	      100
41880000.000 	        1 	      100
41900000.000 	        1 	      100
41920000.000 	        1 	      100
41940000.000 	        1 	      100
41960000.000 	        1 	      100
41980000.000 	        1 	      100
42000000.000 	        1 	      100
42020000.000 	        1 	      100
42040000.000 	        1 	      100
42060000.000 	        1 	      100
42080000.000 	        1 	      100
42100000.000 	        1 	      100
42120000.000 	        1 	      100
42140000.000 	        1 	      100
42160000.000 	        1 	      100
42180000.000 	        1 	      100
42200000.000 	        1 	      100
42220000.000 	        1 	      100
42240000.000 	        1 	      100
42260000.000 	        1 	      100
42280000.000 	        1 	      100
42300000.000 	        1 	      100
42320000.000 	        1 	      100
42340000.000 	        1 	      100
42360000.000 	        1 	      100
42380000.000 	        1 	      100
42400000.000 	        1 	      100
42420000.000 	        1 	      100
42440000.000 	        1 	      100
42460000.000 	        1 	      100
42480000.000 	        1 	      100
42500000.000 	        1 	      100
42520000.000 	        1 	      100
42540000.000 	        1 	      100
42560000.000 	        1 	      100
42580000.000 	        1 	      100
42600000.000 	        1 	      100
42620000.000 	        1 	      100
42640000.000 	        1 	      100
42660000.000 	        1 	      100
42680000.000 	        1 	      100
42700000.000 	        1 	      100
42720000.000 	        1 	      100
42740000.000 	        1 	      100
42760000.000 	        1 	      100
42780000.000 	        1 	      100
42800000.000 	        1 	      100
42820000.000 	        1 	      100
42840000.000 	        1 	      100
42860000.000 	        1 	      100
42880000.000 	        1 	      100
42900000.000 	        1 	      100
42920000.000 	        1 	      100
42940000.000 	        1 	      100
42960000.000 	        1 	      100
42980000.000 	        1 	      100
43000000.000 	        1 	      100
43020000.000 	        1 	      100
43040000.000 	        1 	      100
43060000.000 	        1 	      100
43080000.000 	        1 	      100
43100000.000 	        1 	      100
43120000.000 	        1 	      100
43140000.000 	        1 	      100
43160000.000 	        1 	      100
43180000.000 	        1 	      100
43200000.000 	        1 	      100
43220000.000 	        1 	      100
43240000.000 	        1 	      100
43260000.000 	        1 	      100
43280000.000 	        1 	      100
43300000.000 	        1 	      100
43320000.000 	        1 	      100
43340000.000 	        1 	      100
43360000.000 	        1 	      100
43380000.000 	        1 	      100
43400000.000 	        1 	      100
43420000.000 	        1 	      100
43440000.000 	        1 	      100
43460000.000 	        1 	      100
43480000.000 	        1 	      100
43500000.000 	        1 	      100
43520000.000 	        1 	      100
43540000.000 	        1 	      100
43560000.000 	        1 	      100
43580000.000 	        1 	      100
43600000.000 	        1 	      100
43620000.000 	        1 	      100
43640000.000 	        1 	      100
43660000.000 	        1 	      100
43680000.000 	        1 	      100
43700000.000 	        1 	      100
43720000.000 	        1 	      100
43740000.000 	        1 	      100
43760000.000 	        1 	      100
43780000.000 	        1 	      100
43800000.000 	        1 	      100
43820000.000 	        1 	      100
43840000.000 	        1 	      100
43860000.000 	        1 	      100
43880000.000 	        1 	      100
43900000.000 	        1 	      100
43920000.000 	        1 	      100
43940000.000 	        1 	      100
43960000.000 	        1 	      100
43980000.000 	        1 	      100
44000000.000 	        1 	      100
44020000.000 	        1 	      100
44040000.000 	        1 	      100
44060000.000 	        1 	      100
44080000.000 	        1 	      100
44100000.000 	        1 	      100
44120000.000 	        1 	      100
44140000.000 	        1 	      100
44160000.000 	        1 	      100
44180000.000 	        1 	      100
44200000.000 	        1 	      100
44220000.000 	        1 	      100
44240000.000 	        1 	      100
44260000.000 	        1 	      100
44280000.000 	        1 	      100
44300000.000 	        1 	      100
44320000.000 	        1 	      100
44340000.000 	        1 	      100
44360000.000 	        1 	      100
44380000.000 	        1 	      100
44400000.000 	        1 	      100
44420000.000 	        1 	      100
44440000.000 	        1 	      100
44460000.000 	        1 	      100
44480000.000 	        1 	      100
44500000.000 	        1 	      100
44520000.000 	        1 	      100
44540000.000 	        1 	      100
44560000.000 	        1 	      100
44580000.000 	        1 	      100
44600000.000 	        1 	      100
44620000.000 	        1 	      100
44640000.000 	        1 	      100
44660000.000 	        1 	      100
44680000.000 	        1 	      100
44700000.000 	        1 	      100
44720000.000 	        1 	      100
44740000.000 	        1 	      100
44760000.000 	        1 	      100
44780000.000 	        1 	      100
44800000.000 	        1 	      100
44820000.000 	        1 	      100
44840000.000 	        1 	      100
44860000.000 	        1 	      100
44880000.000 	        1 	      100
44900000.000 	        1 	      100
44920000.000 	        1 	      100
44940000.000 	        1 	      100
44960000.000 	        1 	      100
44980000.000 	        1 	      100
45000000.000 	        1 	      100
45020000.000 	        1 	      100
45040000.000 	        1 	      100
45060000.000 	        1 	      100
45080000.000 	        1 	      100
45100000.000 	        1 	      100
45120000.000 	        1 	      100
45140000.000 	        1 	      100
45160000.000 	        1 	      100
45180000.000 	        1 	      100
45200000.000 	        1 	      100
45220000.000 	        1 	      100
45240000.000 	        1 	      100
45260000.000 	        1 	      100
45280000.000 	        1 	      100
45300000.000 	        1 	      100
45320000.000 	        1 	      100
45340000.000 	        1 	      100
45360000.000 	        1 	      100
45380000.000 	        1 	      100
45400000.000 	        1 	      100
45420000.000 	        1 	      100
45440000.000 	        1 	      100
45460000.000 	        1 	      100
45480000.000 	        1 	      100
45500000.000 	        1 	      100
45520000.000 	        1 	      100
45540000.000 	        1 	      100
45560000.000 	        1 	      100
45580000.000 	        1 	      100
45600000.000 	        1 	      100
45620000.000 	        1 	      100
45640000.000 	        1 	      100
45660000.000 	        1 	      100
45680000.000 	        1 	      100
45700000.000 	        1 	      100
45720000.000 	        1 	      100
45740000.000 	        1 	      100
45760000.000 	        1 	      100
45780000.000 	        1 	      100
45800000.000 	        1 	      100
45820000.000 	        1 	      100
45840000.000 	        1 	      100
45860000.000 	        1 	      100
45880000.000 	        1 	      100
45900000.000 	        1 	      100
45920000.000 	        1 	      100
45940000.000 	        1 	      100
45960000.000 	        1 	      100
45980000.000 	        1 	      100
46000000.000 	        1 	      100
46020000.000 	        1 	      100
46040000.000 	        1 	      100
46060000.000 	        1 	      100
46080000.000 	        1 	      100
46100000.000 	        1 	      100
46120000.000 	        1 	      100
46140000.000 	        1 	      100
46160000.000 	        1 	      100
46180000.000 	        1 	      100
46200000.000 	        1 	      100
46220000.000 	        1 	      100
46240000.000 	        1 	      100
46260000.000 	        1 	      100
46280000.000 	        1 	      100
46300000.000 	        1 	      100
46320000.000 	        1 	      100
46340000.000 	        1 	      100
46360000.000 	        1 	      100
46380000.000 	        1 	      100
46400000.000 	        1 	      100
46420000.000 	        1 	      100
46440000.000 	        1 	      100
46460000.000 	        1 	      100
46480000.000 	        1 	      100
46500000.000 	        1 	      100
46520000.000 	        1 	      100
46540000.000 	        1 	      100
46560000.000 	        1 	      100
46580000.000 	        1 	      100
46600000.000 	        1 	      100
46620000.000 	        1 	      100
46640000.000 	        1 	      100
46660000.000 	        1 	      100
46680000.000 	        1 	      100
46700000.000 	        1 	      100
46720000.000 	        1 	      100
46740000.000 	        1 	      100
46760000.000 	        1 	      100
46780000.000 	        1 	      100
46800000.000 	        1 	      100
46820000.000 	        1 	      100
46840000.000 	        1 	      100
46860000.000 	        1 	      100
46880000.000 	        1 	      100
46900000.000 	        1 	      100
46920000.000 	        1 	      100
46940000.000 	        1 	      100
46960000.000 	        1 	      100
46980000.000 	        1 	      100
47000000.000 	        1 	      100
47020000.000 	        1 	      100
47040000.000 	        1 	      100
47060000.000 	        1 	      100
47080000.000 	        1 	      100
47100000.000 	        1 	      100
47120000.000 	        1 	      100
47140000.000 	        1 	      100
47160000.000 	        1 	      100
47180000.000 	        1 	      100
47200000.000 	        1 	      100
47220000.000 	        1 	      100
47240000.000 	        1 	      100
47260000.000 	        1 	      100
47280000.000 	        1 	      100
47300000.000 	        1 	      100
47320000.000 	        1 	      100
47340000.000 	        1 	      100
47360000.000 	        1 	      100
47380000.000 	        1 	      100
47400000.000 	        1 	      100
47420000.000 	        1 	      100
47440000.000 	        1 	      100
47460000.000 	        1 	      100
47480000.000 	        1 	      100
47500000.000 	        1 	      100
47520000.000 	        1 	      100
47540000.000 	        1 	      100
47560000.000 	        1 	      100
47580000.000 	        1 	      100
47600000.000 	        1 	      100
47620000.000 	        1 	      100
47640000.000 	        1 	      100
47660000.000 	        1 	      100
47680000.000 	        1 	      100
47700000.000 	        1 	      100
47720000.000 	        1 	      100
47740000.000 	        1 	      100
47760000.000 	        1 	      100
47780000.000 	        1 	      100
47800000.000 	        1 	      100
47820000.000 	        1 	      100
47840000.000 	        1 	      100
47860000.000 	        1 	      100
47880000.000 	        1 	      100
47900000.000 	        1 	      100
47920000.000 	        1 	      100
47940000.000 	        1 	      100
47960000.000 	        1 	      100
47980000.000 	        1 	      100
48000000.000 	        1 	      100
