       0.000 	       95 	        2
   20000.000 	       80 	        3
   40000.000 	       64 	        4
   60000.000 	       53 	        5
   80000.000 	       44 	        5
  100000.000 	       38 	        7
  120000.000 	       34 	        7
  140000.000 	       32 	        7
  160000.000 	       28 	        7
  180000.000 	       25 	        7
  200000.000 	       24 	        7
  220000.000 	       22 	       10
  240000.000 	       22 	       10
  260000.000 	       22 	       10
  280000.000 	       20 	       11
  300000.000 	       19 	       13
  320000.000 	       19 	       13
  340000.000 	       18 	       13
  360000.000 	       18 	       13
  380000.000 	       17 	       13
  400000.000 	       17 	       13
  420000.000 	       16 	       13
  440000.000 	       16 	       13
  460000.000 	       16 	       13
  480000.000 	       16 	       13
  500000.000 	       14 	       13
  520000.000 	       13 	       13
  540000.000 	       13 	       13
  560000.000 	       13 	       13
  580000.000 	       11 	       13
  600000.000 	       11 	       13
  620000.000 	       11 	       13
  640000.000 	       11 	       13
  660000.000 	       11 	       13
  680000.000 	       11 	       13
  700000.000 	       11 	       13
  720000.000 	       10 	       16
  740000.000 	       10 	       16
  760000.000 	       10 	       16
  780000.000 	       10 	       16
  800000.000 	       10 	       16
  820000.000 	       10 	       16
  840000.000 	       10 	       16
  860000.000 	       10 	       16
  880000.000 	       10 	       16
  900000.000 	       10 	       16
  920000.000 	       10 	       16
  940000.000 	       10 	       16
  960000.000 	       10 	       16
  980000.000 	       10 	       16
 1000000.000 	       10 	       16
 1020000.000 	       10 	       16
 1040000.000 	       10 	       16
 1060000.000 	       10 	       16
 1080000.000 	       10 	       16
 1100000.000 	       10 	       16
 1120000.000 	       10 	       16
 1140000.000 	       10 	       16
 1160000.000 	       10 	       16
 1180000.000 	       10 	       16
 1200000.000 	       10 	       16
 1220000.000 	       10 	       16
 1240000.000 	       10 	       16
 1260000.000 	       10 	       16
 1280000.000 	       10 	       16
 1300000.000 	       10 	       16
 1320000.000 	       10 	       16
 1340000.000 	        9 	       25
 1360000.000 	        9 	       25
 1380000.000 	        9 	       25
 1400000.000 	        9 	       25
 1420000.000 	        9 	       25
 1440000.000 	        9 	       25
 1460000.000 	        9 	       25
 1480000.000 	        9 	       25
 1500000.000 	        9 	       25
 1520000.000 	        9 	       25
 1540000.000 	        9 	       25
 1560000.000 	        9 	       25
 1580000.000 	        9 	       25
 1600000.000 	        9 	       25
 1620000.000 	        9 	       25
 1640000.000 	        9 	       25
 1660000.000 	        9 	       25
 1680000.000 	        9 	       25
 1700000.000 	        9 	       25
 1720000.000 	        9 	       25
 1740000.000 	        9 	       25
 1760000.000 	        9 	       25
 1780000.000 	        9 	       25
 1800000.000 	        9 	       25
 1820000.000 	        9 	       25
 1840000.000 	        9 	       25
 1860000.000 	        9 	       25
 1880000.000 	        9 	       25
 1900000.000 	        9 	       25
 1920000.000 	        9 	       25
 1940000.000 	        9 	       25
 1960000.000 	        8 	       25
 1980000.000 	        8 	       25
 2000000.000 	        8 	       25
 2020000.000 	        7 	       25
 2040000.000 	        7 	       25
 2060000.000 	        7 	       25
 2080000.000 	        7 	       25
 2100000.000 	        7 	       25
 2120000.000 	        7 	       25
 2140000.000 	        7 	       25
 2160000.000 	        7 	       25
 2180000.000 	        7 	       25
 2200000.000 	        7 	       25
 2220000.000 	        7 	       25
 2240000.000 	        7 	       25
 2260000.000 	        7 	       25
 2280000.000 	        7 	       25
 2300000.000 	        6 	       42
 2320000.000 	        6 	       42
 2340000.000 	        6 	       42
 2360000.000 	        6 	       42
 2380000.000 	        6 	       42
 2400000.000 	        6 	       42
 2420000.000 	        6 	       42
 2440000.000 	        6 	       42
 2460000.000 	        6 	       42
 2480000.000 	        6 	       42
 2500000.000 	        6 	       42
 2520000.000 	        6 	       42
 2540000.000 	        6 	       42
 2560000.000 	        6 	       42
 2580000.000 	        6 	       42
 2600000.000 	        6 	       42
 2620000.000 	        6 	       42
 2640000.000 	        6 	       42
 2660000.000 	        6 	       42
 2680000.000 	        6 	       42
 2700000.000 	        5 	       55
 2720000.000 	        5 	       55
 2740000.000 	        5 	       55
 2760000.000 	        5 	       55
 2780000.000 	        5 	       55
 2800000.000 	        5 	       55
 2820000.000 	        5 	       55
 2840000.000 	        5 	       55
 2860000.000 	        5 	       55
 2880000.000 	        5 	       55
 2900000.000 	        4 	       63
 2920000.000 	        4 	       63
 2940000.000 	        4 	       63
 2960000.000 	        4 	       63
 2980000.000 	        4 	       63
 3000000.000 	        4 	       63
 3020000.000 	        4 	       63
 3040000.000 	        4 	       63
 3060000.000 	        4 	       63
 3080000.000 	        4 	       63
 3100000.000 	        4 	       63
 3120000.000 	        4 	       63
 3140000.000 	        4 	       63
 3160000.000 	        4 	       63
 3180000.000 	        4 	       63
 3200000.000 	        4 	       63
 3220000.000 	        4 	       63
 3240000.000 	        4 	       63
 3260000.000 	        4 	       63
 3280000.000 	        4 	       63
 3300000.000 	        4 	       63
 3320000.000 	        4 	       63
 3340000.000 	        4 	       63
 3360000.000 	        4 	       63
 3380000.000 	        4 	       63
 3400000.000 	        4 	       63
 3420000.000 	        4 	       63
 3440000.000 	        4 	       63
 3460000.000 	        4 	       63
 3480000.000 	        4 	       63
 3500000.000 	        4 	       63
 3520000.000 	        4 	       63
 3540000.000 	        4 	       63
 3560000.000 	        4 	       63
 3580000.000 	        4 	       63
 3600000.000 	        4 	       63
 3620000.000 	        4 	       63
 3640000.000 	        4 	       63
 3660000.000 	        4 	       63
 3680000.000 	        4 	       63
 3700000.000 	        4 	       63
 3720000.000 	        4 	       63
 3740000.000 	        4 	       63
 3760000.000 	        4 	       63
 3780000.000 	        4 	       63
 3800000.000 	        4 	       63
 3820000.000 	        4 	       63
 3840000.000 	        4 	       63
 3860000.000 	        4 	       63
 3880000.000 	        4 	       63
 3900000.000 	        4 	       63
 3920000.000 	        4 	       63
 3940000.000 	        4 	       63
 3960000.000 	        4 	       63
 3980000.000 	        4 	       63
 4000000.000 	        4 	       63
 4020000.000 	        4 	       63
 4040000.000 	        4 	       63
 4060000.000 	        4 	       63
 4080000.000 	        4 	       63
 4100000.000 	        4 	       63
 4120000.000 	        4 	       63
 4140000.000 	        4 	       63
 4160000.000 	        4 	       63
 4180000.000 	        4 	       63
 4200000.000 	        4 	       63
 4220000.000 	        4 	       63
 4240000.000 	        4 	       63
 4260000.000 	        4 	       63
 4280000.000 	        4 	       63
 4300000.000 	        4 	       63
 4320000.000 	        4 	       63
 4340000.000 	        4 	       63
 4360000.000 	        4 	       63
 4380000.000 	        4 	       63
 4400000.000 	        4 	       63
 4420000.000 	        4 	       63
 4440000.000 	        4 	       63
 4460000.000 	        4 	       63
 4480000.000 	        4 	       63
 4500000.000 	        4 	       63
 4520000.000 	        4 	       63
 4540000.000 	        4 	       63
 4560000.000 	        4 	       63
 4580000.000 	        4 	       63
 4600000.000 	        4 	       63
 4620000.000 	        4 	       63
 4640000.000 	        4 	       63
 4660000.000 	        4 	       63
 4680000.000 	        4 	       63
 4700000.000 	        4 	       63
 4720000.000 	        4 	       63
 4740000.000 	        4 	       63
 4760000.000 	        4 	       63
 4780000.000 	        4 	       63
 4800000.000 	        4 	       63
 4820000.000 	        4 	       63
 4840000.000 	        4 	       63
 4860000.000 	        4 	       63
 4880000.000 	        4 	       63
 4900000.000 	        4 	       63
 4920000.000 	        4 	       63
 4940000.000 	        4 	       63
 4960000.000 	        4 	       63
 4980000.000 	        4 	       63
 5000000.000 	        4 	       63
 5020000.000 	        4 	       63
 5040000.000 	        4 	       63
 5060000.000 	        4 	       63
 5080000.000 	        4 	       63
 5100000.000 	        4 	       63
 5120000.000 	        4 	       63
 5140000.000 	        4 	       63
 5160000.000 	        4 	       63
 5180000.000 	        4 	       63
 5200000.000 	        4 	       63
 5220000.000 	        4 	       63
 5240000.000 	        4 	       63
 5260000.000 	        4 	       63
 5280000.000 	        4 	       63
 5300000.000 	        4 	       63
 5320000.000 	        4 	       63
 5340000.000 	        4 	       63
 5360000.000 	        4 	       63
 5380000.000 	        4 	       63
 5400000.000 	        4 	       63
 5420000.000 	        4 	       63
 5440000.000 	        4 	       63
 5460000.000 	        4 	       63
 5480000.000 	        4 	       63
 5500000.000 	        4 	       63
 5520000.000 	        4 	       63
 5540000.000 	        4 	       63
 5560000.000 	        4 	       63
 5580000.000 	        4 	       63
 5600000.000 	        4 	       63
 5620000.000 	        4 	       63
 5640000.000 	        4 	       63
 5660000.000 	        4 	       63
 5680000.000 	        4 	       63
 5700000.000 	        4 	       63
 5720000.000 	        4 	       63
 5740000.000 	        4 	       63
 5760000.000 	        4 	       63
 5780000.000 	        4 	       63
 5800000.000 	        4 	       63
 5820000.000 	        4 	       63
 5840000.000 	        4 	       63
 5860000.000 	        4 	       63
 5880000.000 	        4 	       63
 5900000.000 	        4 	       63
 5920000.000 	        4 	       63
 5940000.000 	        4 	       63
 5960000.000 	        4 	       63
 5980000.000 	        4 	       63
 6000000.000 	        4 	       63
 6020000.000 	        4 	       63
 6040000.000 	        4 	       63
 6060000.000 	        4 	       63
 6080000.000 	        4 	       63
 6100000.000 	        4 	       63
 6120000.000 	        4 	       63
 6140000.000 	        4 	       63
 6160000.000 	        4 	       63
 6180000.000 	        4 	       63
 6200000.000 	        4 	       63
 6220000.000 	        4 	       63
 6240000.000 	        4 	       63
 6260000.000 	        4 	       63
 6280000.000 	        4 	       63
 6300000.000 	        4 	       63
 6320000.000 	        4 	       63
 6340000.000 	        4 	       63
 6360000.000 	        4 	       63
 6380000.000 	        4 	       63
 6400000.000 	        4 	       63
 6420000.000 	        4 	       63
 6440000.000 	        4 	       63
 6460000.000 	        4 	       63
 6480000.000 	        4 	       63
 6500000.000 	        4 	       63
 6520000.000 	        4 	       63
 6540000.000 	        4 	       63
 6560000.000 	        4 	       63
 6580000.000 	        4 	       63
 6600000.000 	        4 	       63
 6620000.000 	        4 	       63
 6640000.000 	        4 	       63
 6660000.000 	        4 	       63
 6680000.000 	        4 	       63
 6700000.000 	        4 	       63
 6720000.000 	        4 	       63
 6740000.000 	        4 	       63
 6760000.000 	        4 	       63
 6780000.000 	        4 	       63
 6800000.000 	        4 	       63
 6820000.000 	        4 	       63
 6840000.000 	        4 	       63
 6860000.000 	        4 	       63
 6880000.000 	        4 	       63
 6900000.000 	        4 	       63
 6920000.000 	        4 	       63
 6940000.000 	        4 	       63
 6960000.000 	        4 	       63
 6980000.000 	        4 	       63
 7000000.000 	        4 	       63
 7020000.000 	        4 	       63
 7040000.000 	        4 	       63
 7060000.000 	        4 	       63
 7080000.000 	        4 	       63
 7100000.000 	        4 	       63
 7120000.000 	        4 	       63
 7140000.000 	        4 	       63
 7160000.000 	        4 	       63
 7180000.000 	        4 	       63
 7200000.000 	        4 	       63
 7220000.000 	        4 	       63
 7240000.000 	        4 	       63
 7260000.000 	        4 	       63
 7280000.000 	        4 	       63
 7300000.000 	        4 	       63
 7320000.000 	        4 	       63
 7340000.000 	        4 	       63
 7360000.000 	        4 	       63
 7380000.000 	        4 	       63
 7400000.000 	        4 	       63
 7420000.000 	        4 	       63
 7440000.000 	        4 	       63
 7460000.000 	        4 	       63
 7480000.000 	        4 	       63
 7500000.000 	        4 	       63
 7520000.000 	        4 	       63
 7540000.000 	        4 	       63
 7560000.000 	        4 	       63
 7580000.000 	        4 	       63
 7600000.000 	        4 	       63
 7620000.000 	        4 	       63
 7640000.000 	        4 	       63
 7660000.000 	        4 	       63
 7680000.000 	        4 	       63
 7700000.000 	        4 	       63
 7720000.000 	        4 	       63
 7740000.000 	        4 	       63
 7760000.000 	        4 	       63
 7780000.000 	        4 	       63
 7800000.000 	        4 	       63
 7820000.000 	        3 	       69
 7840000.000 	        3 	       69
 7860000.000 	        3 	       69
 7880000.000 	        3 	       69
 7900000.000 	        3 	       69
 7920000.000 	        3 	       69
 7940000.000 	        3 	       69
 7960000.000 	        3 	       69
 7980000.000 	        3 	       69
 8000000.000 	        3 	       69
 8020000.000 	        3 	       69
 8040000.000 	        3 	       69
 8060000.000 	        3 	       69
 8080000.000 	        3 	       69
 8100000.000 	        3 	       69
 8120000.000 	        3 	       69
 8140000.000 	        3 	       69
 8160000.000 	        3 	       69
 8180000.000 	        3 	       69
 8200000.000 	        3 	       69
 8220000.000 	        3 	       69
 8240000.000 	        3 	       69
 8260000.000 	        3 	       69
 8280000.000 	        3 	       69
 8300000.000 	        3 	       69
 8320000.000 	        3 	       69
 8340000.000 	        3 	       69
 8360000.000 	        3 	       69
 8380000.000 	        3 	       69
 8400000.000 	        3 	       69
 8420000.000 	        3 	       69
 8440000.000 	        3 	       69
 8460000.000 	        3 	       69
 8480000.000 	        3 	       69
 8500000.000 	        3 	       69
 8520000.000 	        3 	       69
 8540000.000 	        3 	       69
 8560000.000 	        3 	       69
 8580000.000 	        3 	       69
 8600000.000 	        3 	       69
 8620000.000 	        3 	       69
 8640000.000 	        3 	       69
 8660000.000 	        3 	       69
 8680000.000 	        3 	       69
 8700000.000 	        3 	       69
 8720000.000 	        3 	       69
 8740000.000 	        3 	       69
 8760000.000 	        3 	       69
 8780000.000 	        3 	       69
 8800000.000 	        3 	       69
 8820000.000 	        3 	       69
 8840000.000 	        3 	       69
 8860000.000 	        3 	       69
 8880000.000 	        3 	       69
 8900000.000 	        3 	       69
 8920000.000 	        3 	       69
 8940000.000 	        3 	       69
 8960000.000 	        3 	       69
 8980000.000 	        3 	       69
 9000000.000 	        3 	       69
 9020000.000 	        3 	       69
 9040000.000 	        3 	       69
 9060000.000 	        3 	       69
 9080000.000 	        3 	       69
 9100000.000 	        3 	       69
 9120000.000 	        3 	       69
 9140000.000 	        3 	       69
 9160000.000 	        3 	       69
 9180000.000 	        3 	       69
 9200000.000 	        3 	       69
 9220000.000 	        3 	       69
 9240000.000 	        3 	       69
 9260000.000 	        3 	       69
 9280000.000 	        3 	       69
 9300000.000 	        3 	       69
 9320000.000 	        3 	       69
 9340000.000 	        3 	       69
 9360000.000 	        3 	       69
 9380000.000 	        3 	       69
 9400000.000 	        3 	       69
 9420000.000 	        3 	       69
 9440000.000 	        3 	       69
 9460000.000 	        3 	       69
 9480000.000 	        3 	       69
 9500000.000 	        3 	       69
 9520000.000 	        3 	       69
 9540000.000 	        3 	       69
 9560000.000 	        3 	       69
 9580000.000 	        3 	       69
 9600000.000 	        3 	       69
 9620000.000 	        3 	       69
 9640000.000 	        3 	       69
 9660000.000 	        3 	       69
 9680000.000 	        3 	       69
 9700000.000 	        3 	       69
 9720000.000 	        3 	       69
 9740000.000 	        3 	       69
 9760000.000 	        3 	       69
 9780000.000 	        3 	       69
 9800000.000 	        3 	       69
 9820000.000 	        3 	       69
 9840000.000 	        3 	       69
 9860000.000 	        3 	       69
 9880000.000 	        2 	       92
 9900000.000 	        2 	       92
 9920000.000 	        2 	       92
 9940000.000 	        2 	       92
 9960000.000 	        2 	       92
 9980000.000 	        2 	       92
10000000.000 	        2 	       92
10020000.000 	        2 	       92
10040000.000 	        2 	       92
10060000.000 	        2 	       92
10080000.000 	        2 	       92
10100000.000 	        2 	       92
10120000.000 	        2 	       92
10140000.000 	        2 	       92
10160000.000 	        2 	       92
10180000.000 	        2 	       92
10200000.000 	        2 	       92
10220000.000 	        2 	       92
10240000.000 	        2 	       92
10260000.000 	        2 	       92
10280000.000 	        2 	       92
10300000.000 	        2 	       92
10320000.000 	        2 	       92
10340000.000 	        2 	       92
10360000.000 	        2 	       92
10380000.000 	        2 	       92
10400000.000 	        2 	       92
10420000.000 	        2 	       92
10440000.000 	        2 	       92
10460000.000 	        2 	       92
10480000.000 	        2 	       92
10500000.000 	        2 	       92
10520000.000 	        2 	       92
10540000.000 	        2 	       92
10560000.000 	        2 	       92
10580000.000 	        2 	       92
10600000.000 	        2 	       92
10620000.000 	        2 	       92
10640000.000 	        2 	       92
10660000.000 	        2 	       92
10680000.000 	        2 	       92
10700000.000 	        2 	       92
10720000.000 	        2 	       92
10740000.000 	        2 	       92
10760000.000 	        2 	       92
10780000.000 	        2 	       92
10800000.000 	        2 	       92
10820000.000 	        2 	       92
10840000.000 	        2 	       92
10860000.000 	        2 	       92
10880000.000 	        2 	       92
10900000.000 	        2 	       92
10920000.000 	        2 	       92
10940000.000 	        2 	       92
10960000.000 	        2 	       92
10980000.000 	        1 	      100
11000000.000 	        1 	      100
11020000.000 	        1 	      100
11040000.000 	        1 	      100
11060000.000 	        1 	      100
11080000.000 	        1 	      100
11100000.000 	        1 	      100
11120000.000 	        1 	      100
11140000.000 	        1 	      100
11160000.000 	        1 	      100
11180000.000 	        1 	      100
11200000.000 	        1 	      100
11220000.000 	        1 	      100
11240000.000 	        1 	      100
11260000.000 	        1 	      100
11280000.000 	        1 	      100
11300000.000 	        1 	      100
11320000.000 	        1 	      100
11340000.000 	        1 	      100
11360000.000 	        1 	      100
11380000.000 	        1 	      100
11400000.000 	        1 	      100
11420000.000 	        1 	      100
11440000.000 	        1 	      100
11460000.000 	        1 	      100
11480000.000 	        1 	      100
11500000.000 	        1 	      100
11520000.000 	        1 	      100
11540000.000 	        1 	      100
11560000.000 	        1 	      100
11580000.000 	        1 	      100
11600000.000 	        1 	      100
11620000.000 	        1 	      100
11640000.000 	        1 	      100
11660000.000 	        1 	      100
11680000.000 	        1 	      100
11700000.000 	        1 	      100
11720000.000 	        1 	      100
11740000.000 	        1 	      100
11760000.000 	        1 	      100
11780000.000 	        1 	      100
11800000.000 	        1 	      100
11820000.000 	        1 	      100
11840000.000 	        1 	      100
11860000.000 	        1 	      100
11880000.000 	        1 	      100
11900000.000 	        1 	      100
11920000.000 	        1 	      100
11940000.000 	        1 	      100
11960000.000 	        1 	      100
11980000.000 	        1 	      100
12000000.000 	        1 	      100
12020000.000 	        1 	      100
12040000.000 	        1 	      100
12060000.000 	        1 	      100
12080000.000 	        1 	      100
12100000.000 	        1 	      100
12120000.000 	        1 	      100
12140000.000 	        1 	      100
12160000.000 	        1 	      100
12180000.000 	        1 	      100
12200000.000 	        1 	      100
12220000.000 	        1 	      100
12240000.000 	        1 	      100
12260000.000 	        1 	      100
12280000.000 	        1 	      100
12300000.000 	        1 	      100
12320000.000 	        1 	      100
12340000.000 	        1 	      100
12360000.000 	        1 	      100
12380000.000 	        1 	      100
12400000.000 	        1 	      100
12420000.000 	        1 	      100
12440000.000 	        1 	      100
12460000.000 	        1 	      100
12480000.000 	        1 	      100
12500000.000 	        1 	      100
12520000.000 	        1 	      100
12540000.000 	        1 	      100
12560000.000 	        1 	      100
12580000.000 	        1 	      100
12600000.000 	        1 	      100
12620000.000 	        1 	      100
12640000.000 	        1 	      100
12660000.000 	        1 	      100
12680000.000 	        1 	      100
12700000.000 	        1 	      100
12720000.000 	        1 	      100
12740000.000 	        1 	      100
12760000.000 	        1 	      100
12780000.000 	        1 	      100
12800000.000 	        1 	      100
12820000.000 	        1 	      100
12840000.000 	        1 	      100
12860000.000 	        1 	      100
12880000.000 	        1 	      100
12900000.000 	        1 	      100
12920000.000 	        1 	      100
12940000.000 	        1 	      100
12960000.000 	        1 	      100
12980000.000 	        1 	      100
13000000.000 	        1 	      100
13020000.000 	        1 	      100
13040000.000 	        1 	      100
13060000.000 	        1 	      100
13080000.000 	        1 	      100
13100000.000 	        1 	      100
13120000.000 	        1 	      100
13140000.000 	        1 	      100
13160000.000 	        1 	      100
13180000.000 	        1 	      100
13200000.000 	        1 	      100
13220000.000 	        1 	      100
13240000.000 	        1 	      100
13260000.000 	        1 	      100
13280000.000 	        1 	      100
13300000.000 	        1 	      100
13320000.000 	        1 	      100
13340000.000 	        1 	      100
13360000.000 	        1 	      100
13380000.000 	        1 	      100
13400000.000 	        1 	      100
13420000.000 	        1 	      100
13440000.000 	        1 	      100
13460000.000 	        1 	      100
13480000.000 	        1 	      100
13500000.000 	        1 	      100
13520000.000 	        1 	      100
13540000.000 	        1 	      100
13560000.000 	        1 	      100
13580000.000 	        1 	      100
13600000.000 	        1 	      100
13620000.000 	        1 	      100
13640000.000 	        1 	      100
13660000.000 	        1 	      100
13680000.000 	        1 	      100
13700000.000 	        1 	      100
13720000.000 	        1 	      100
13740000.000 	        1 	      100
13760000.000 	        1 	      100
13780000.000 	        1 	      100
13800000.000 	        1 	      100
13820000.000 	        1 	      100
13840000.000 	        1 	      100
13860000.000 	        1 	      100
13880000.000 	        1 	      100
13900000.000 	        1 	      100
13920000.000 	        1 	      100
13940000.000 	        1 	      100
13960000.000 	        1 	      100
13980000.000 	        1 	      100
14000000.000 	        1 	      100
14020000.000 	        1 	      100
14040000.000 	        1 	      100
14060000.000 	        1 	      100
14080000.000 	        1 	      100
14100000.000 	        1 	      100
14120000.000 	        1 	      100
14140000.000 	        1 	      100
14160000.000 	        1 	      100
14180000.000 	        1 	      100
14200000.000 	        1 	      100
14220000.000 	        1 	      100
14240000.000 	        1 	      100
14260000.000 	        1 	      100
14280000.000 	        1 	      100
14300000.000 	        1 	      100
14320000.000 	        1 	      100
14340000.000 	        1 	      100
14360000.000 	        1 	      100
14380000.000 	        1 	      100
14400000.000 	        1 	      100
14420000.000 	        1 	      100
14440000.000 	        1 	      100
14460000.000 	        1 	      100
14480000.000 	        1 	      100
14500000.000 	        1 	      100
14520000.000 	        1 	      100
14540000.000 	        1 	      100
14560000.000 	        1 	      100
14580000.000 	        1 	      100
14600000.000 	        1 	      100
14620000.000 	        1 	      100
14640000.000 	        1 	      100
14660000.000 	        1 	      100
14680000.000 	        1 	      100
14700000.000 	        1 	      100
14720000.000 	        1 	      100
14740000.000 	        1 	      100
14760000.000 	        1 	      100
14780000.000 	        1 	      100
14800000.000 	        1 	      100
14820000.000 	        1 	      100
14840000.000 	        1 	      100
14860000.000 	        1 	      100
14880000.000 	        1 	      100
14900000.000 	        1 	      100
14920000.000 	        1 	      100
14940000.000 	        1 	      100
14960000.000 	        1 	      100
14980000.000 	        1 	      100
15000000.000 	        1 	      100
15020000.000 	        1 	      100
15040000.000 	        1 	      100
15060000.000 	        1 	      100
15080000.000 	        1 	      100
15100000.000 	        1 	      100
15120000.000 	        1 	      100
15140000.000 	        1 	      100
15160000.000 	        1 	      100
15180000.000 	        1 	      100
15200000.000 	        1 	      100
15220000.000 	        1 	      100
15240000.000 	        1 	      100
15260000.000 	        1 	      100
15280000.000 	        1 	      100
15300000.000 	        1 	      100
15320000.000 	        1 	      100
15340000.000 	        1 	      100
15360000.000 	        1 	      100
15380000.000 	        1 	      100
15400000.000 	        1 	      100
15420000.000 	        1 	      100
15440000.000 	        1 	      100
15460000.000 	        1 	      100
15480000.000 	        1 	      100
15500000.000 	        1 	      100
15520000.000 	        1 	      100
15540000.000 	        1 	      100
15560000.000 	        1 	      100
15580000.000 	        1 	      100
15600000.000 	        1 	      100
15620000.000 	        1 	      100
15640000.000 	        1 	      100
15660000.000 	        1 	      100
15680000.000 	        1 	      100
15700000.000 	        1 	      100
15720000.000 	        1 	      100
15740000.000 	        1 	      100
15760000.000 	        1 	      100
15780000.000 	        1 	      100
15800000.000 	        1 	      100
15820000.000 	        1 	      100
15840000.000 	        1 	      100
15860000.000 	        1 	      100
15880000.000 	        1 	      100
15900000.000 	        1 	      100
15920000.000 	        1 	      100
15940000.000 	        1 	      100
15960000.000 	        1 	      100
15980000.000 	        1 	      100
16000000.000 	        1 	      100
16020000.000 	        1 	      100
16040000.000 	        1 	      100
16060000.000 	        1 	      100
16080000.000 	        1 	      100
16100000.000 	        1 	      100
16120000.000 	        1 	      100
16140000.000 	        1 	      100
16160000.000 	        1 	      100
16180000.000 	        1 	      100
16200000.000 	        1 	      100
16220000.000 	        1 	      100
16240000.000 	        1 	      100
16260000.000 	        1 	      100
16280000.000 	        1 	      100
16300000.000 	        1 	      100
16320000.000 	        1 	      100
16340000.000 	        1 	      100
16360000.000 	        1 	      100
16380000.000 	        1 	      100
16400000.000 	        1 	      100
16420000.000 	        1 	      100
16440000.000 	        1 	      100
16460000.000 	        1 	      100
16480000.000 	        1 	      100
16500000.000 	        1 	      100
16520000.000 	        1 	      100
16540000.000 	        1 	      100
16560000.000 	        1 	      100
16580000.000 	        1 	      100
16600000.000 	        1 	      100
16620000.000 	        1 	      100
16640000.000 	        1 	      100
16660000.000 	        1 	      100
16680000.000 	        1 	      100
16700000.000 	        1 	      100
16720000.000 	        1 	      100
16740000.000 	        1 	      100
16760000.000 	        1 	      100
16780000.000 	        1 	      100
16800000.000 	        1 	      100
16820000.000 	        1 	      100
16840000.000 	        1 	      100
16860000.000 	        1 	      100
16880000.000 	        1 	      100
16900000.000 	        1 	      100
16920000.000 	        1 	      100
16940000.000 	        1 	      100
16960000.000 	        1 	      100
16980000.000 	        1 	      100
17000000.000 	        1 	      100
17020000.000 	        1 	      100
17040000.000 	        1 	      100
17060000.000 	        1 	      100
17080000.000 	        1 	      100
17100000.000 	        1 	      100
17120000.000 	        1 	      100
17140000.000 	        1 	      100
17160000.000 	        1 	      100
17180000.000 	        1 	      100
17200000.000 	        1 	      100
17220000.000 	        1 	      100
17240000.000 	        1 	      100
17260000.000 	        1 	      100
17280000.000 	        1 	      100
17300000.000 	        1 	      100
17320000.000 	        1 	      100
17340000.000 	        1 	      100
17360000.000 	        1 	      100
17380000.000 	        1 	      100
17400000.000 	        1 	      100
17420000.000 	        1 	      100
17440000.000 	        1 	      100
17460000.000 	        1 	      100
17480000.000 	        1 	      100
17500000.000 	        1 	      100
17520000.000 	        1 	      100
17540000.000 	        1 	      100
17560000.000 	        1 	      100
17580000.000 	        1 	      100
17600000.000 	        1 	      100
17620000.000 	        1 	      100
17640000.000 	        1 	      100
17660000.000 	        1 	      100
17680000.000 	        1 	      100
17700000.000 	        1 	      100
17720000.000 	        1 	      100
17740000.000 	        1 	      100
17760000.000 	        1 	      100
17780000.000 	        1 	      100
17800000.000 	        1 	      100
17820000.000 	        1 	      100
17840000.000 	        1 	      100
17860000.000 	        1 	      100
17880000.000 	        1 	      100
17900000.000 	        1 	      100
17920000.000 	        1 	      100
17940000.000 	        1 	      100
17960000.000 	        1 	      100
17980000.000 	        1 	      100
18000000.000 	        1 	      100
18020000.000 	        1 	      100
18040000.000 	        1 	      100
18060000.000 	        1 	      100
18080000.000 	        1 	      100
18100000.000 	        1 	      100
18120000.000 	        1 	      100
18140000.000 	        1 	      100
18160000.000 	        1 	      100
18180000.000 	        1 	      100
18200000.000 	        1 	      100
18220000.000 	        1 	      100
18240000.000 	        1 	      100
18260000.000 	        1 	      100
18280000.000 	        1 	      100
18300000.000 	        1 	      100
18320000.000 	        1 	      100
18340000.000 	        1 	      100
18360000.000 	        1 	      100
18380000.000 	        1 	      100
18400000.000 	        1 	      100
18420000.000 	        1 	      100
18440000.000 	        1 	      100
18460000.000 	        1 	      100
18480000.000 	        1 	      100
18500000.000 	        1 	      100
18520000.000 	        1 	      100
18540000.000 	        1 	      100
18560000.000 	        1 	      100
18580000.000 	        1 	      100
18600000.000 	        1 	      100
18620000.000 	        1 	      100
18640000.000 	        1 	      100
18660000.000 	        1 	      100
18680000.000 	        1 	      100
18700000.000 	        1 	      100
18720000.000 	        1 	      100
18740000.000 	        1 	      100
18760000.000 	        1 	      100
18780000.000 	        1 	      100
18800000.000 	        1 	      100
18820000.000 	        1 	      100
18840000.000 	        1 	      100
18860000.000 	        1 	      100
18880000.000 	        1 	      100
18900000.000 	        1 	      100
18920000.000 	        1 	      100
18940000.000 	        1 	      100
18960000.000 	        1 	      100
18980000.000 	        1 	      100
19000000.000 	        1 	      100
19020000.000 	        1 	      100
19040000.000 	        1 	      100
19060000.000 	        1 	      100
19080000.000 	        1 	      100
19100000.000 	        1 	      100
19120000.000 	        1 	      100
19140000.000 	        1 	      100
19160000.000 	        1 	      100
19180000.000 	        1 	      100
19200000.000 	        1 	      100
19220000.000 	        1 	      100
19240000.000 	        1 	      100
19260000.000 	        1 	      100
19280000.000 	        1 	      100
19300000.000 	        1 	      100
19320000.000 	        1 	      100
19340000.000 	        1 	      100
19360000.000 	        1 	      100
19380000.000 	        1 	      100
19400000.000 	        1 	      100
19420000.000 	        1 	      100
19440000.000 	        1 	      100
19460000.000 	        1 	      100
19480000.000 	        1 	      100
19500000.000 	        1 	      100
19520000.000 	        1 	      100
19540000.000 	        1 	      100
19560000.000 	        1 	      100
19580000.000 	        1 	      100
19600000.000 	        1 	      100
19620000.000 	        1 	      100
19640000.000 	        1 	      100
19660000.000 	        1 	      100
19680000.000 	        1 	      100
19700000.000 	        1 	      100
19720000.000 	        1 	      100
19740000.000 	        1 	      100
19760000.000 	        1 	      100
19780000.000 	        1 	      100
19800000.000 	        1 	      100
19820000.000 	        1 	      100
19840000.000 	        1 	      100
19860000.000 	        1 	      100
19880000.000 	        1 	      100
19900000.000 	        1 	      100
19920000.000 	        1 	      100
19940000.000 	        1 	      100
19960000.000 	        1 	      100
19980000.000 	        1 	      100
20000000.000 	        1 	      100
20020000.000 	        1 	      100
20040000.000 	        1 	      100
20060000.000 	        1 	      100
20080000.000 	        1 	      100
20100000.000 	        1 	      100
20120000.000 	        1 	      100
20140000.000 	        1 	      100
20160000.000 	        1 	      100
20180000.000 	        1 	      100
20200000.000 	        1 	      100
20220000.000 	        1 	      100
20240000.000 	        1 	      100
20260000.000 	        1 	      100
20280000.000 	        1 	      100
20300000.000 	        1 	      100
20320000.000 	        1 	      100
20340000.000 	        1 	      100
20360000.000 	        1 	      100
20380000.000 	        1 	      100
20400000.000 	        1 	      100
20420000.000 	        1 	      100
20440000.000 	        1 	      100
20460000.000 	        1 	      100
20480000.000 	        1 	      100
20500000.000 	        1 	      100
20520000.000 	        1 	      100
20540000.000 	        1 	      100
20560000.000 	        1 	      100
20580000.000 	        1 	      100
20600000.000 	        1 	      100
20620000.000 	        1 	      100
20640000.000 	        1 	      100
20660000.000 	        1 	      100
20680000.000 	        1 	      100
20700000.000 	        1 	      100
20720000.000 	        1 	      100
20740000.000 	        1 	      100
20760000.000 	        1 	      100
20780000.000 	        1 	      100
20800000.000 	        1 	      100
20820000.000 	        1 	      100
20840000.000 	        1 	      100
20860000.000 	        1 	      100
20880000.000 	        1 	      100
20900000.000 	        1 	      100
20920000.000 	        1 	      100
20940000.000 	        1 	      100
20960000.000 	        1 	      100
20980000.000 	        1 	      100
21000000.000 	        1 	      100
21020000.000 	        1 	      100
21040000.000 	        1 	      100
21060000.000 	        1 	      100
21080000.000 	        1 	      100
21100000.000 	        1 	      100
21120000.000 	        1 	      100
21140000.000 	        1 	      100
21160000.000 	        1 	      100
21180000.000 	        1 	      100
21200000.000 	        1 	      100
21220000.000 	        1 	      100
21240000.000 	        1 	      100
21260000.000 	        1 	      100
21280000.000 	        1 	      100
21300000.000 	        1 	      100
21320000.000 	        1 	      100
21340000.000 	        1 	      100
21360000.000 	        1 	      100
21380000.000 	        1 	      100
21400000.000 	        1 	      100
21420000.000 	        1 	      100
21440000.000 	        1 	      100
21460000.000 	        1 	      100
21480000.000 	        1 	      100
21500000.000 	        1 	      100
21520000.000 	        1 	      100
21540000.000 	        1 	      100
21560000.000 	        1 	      100
21580000.000 	        1 	      100
21600000.000 	        1 	      100
21620000.000 	        1 	      100
21640000.000 	        1 	      100
21660000.000 	        1 	      100
21680000.000 	        1 	      100
21700000.000 	        1 	      100
21720000.000 	        1 	      100
21740000.000 	        1 	      100
21760000.000 	        1 	      100
21780000.000 	        1 	      100
21800000.000 	        1 	      100
21820000.000 	        1 	      100
21840000.000 	        1 	      100
21860000.000 	        1 	      100
21880000.000 	        1 	      100
21900000.000 	        1 	      100
21920000.000 	        1 	      100
21940000.000 	        1 	      100
21960000.000 	        1 	      100
21980000.000 	        1 	      100
22000000.000 	        1 	      100
22020000.000 	        1 	      100
22040000.000 	        1 	      100
22060000.000 	        1 	      100
22080000.000 	        1 	      100
22100000.000 	        1 	      100
22120000.000 	        1 	      100
22140000.000 	        1 	      100
22160000.000 	        1 	      100
22180000.000 	        1 	      100
22200000.000 	        1 	      100
22220000.000 	        1 	      100
22240000.000 	        1 	      100
22260000.000 	        1 	      100
22280000.000 	        1 	      100
22300000.000 	        1 	      100
22320000.000 	        1 	      100
22340000.000 	        1 	      100
22360000.000 	        1 	      100
22380000.000 	        1 	      100
22400000.000 	        1 	      100
22420000.000 	        1 	      100
22440000.000 	        1 	      100
22460000.000 	        1 	      100
22480000.000 	        1 	      100
22500000.000 	        1 	      100
22520000.000 	        1 	      100
22540000.000 	        1 	      100
22560000.000 	        1 	      100
22580000.000 	        1 	      100
22600000.000 	        1 	      100
22620000.000 	        1 	      100
22640000.000 	        1 	      100
22660000.000 	        1 	      100
22680000.000 	        1 	      100
22700000.000 	        1 	      100
22720000.000 	        1 	      100
22740000.000 	        1 	      100
22760000.000 	        1 	      100
22780000.000 	        1 	      100
22800000.000 	        1 	      100
22820000.000 	        1 	      100
22840000.000 	        1 	      100
22860000.000 	        1 	      100
22880000.000 	        1 	      100
22900000.000 	        1 	      100
22920000.000 	        1 	      100
22940000.000 	        1 	      100
22960000.000 	        1 	      100
22980000.000 	        1 	      100
23000000.000 	        1 	      100
23020000.000 	        1 	      100
23040000.000 	        1 	      100
23060000.000 	        1 	      100
23080000.000 	        1 	      100
23100000.000 	        1 	      100
23120000.000 	        1 	      100
23140000.000 	        1 	      100
23160000.000 	        1 	      100
23180000.000 	        1 	      100
23200000.000 	        1 	      100
23220000.000 	        1 	      100
23240000.000 	        1 	      100
23260000.000 	        1 	      100
23280000.000 	        1 	      100
23300000.000 	        1 	      100
23320000.000 	        1 	      100
23340000.000 	        1 	      100
23360000.000 	        1 	      100
23380000.000 	        1 	      100
23400000.000 	        1 	      100
23420000.000 	        1 	      100
23440000.000 	        1 	      100
23460000.000 	        1 	      100
23480000.000 	        1 	      100
23500000.000 	        1 	      100
23520000.000 	        1 	      100
23540000.000 	        1 	      100
23560000.000 	        1 	      100
23580000.000 	        1 	      100
23600000.000 	        1 	      100
23620000.000 	        1 	      100
23640000.000 	        1 	      100
23660000.000 	        1 	      100
23680000.000 	        1 	      100
23700000.000 	        1 	      100
23720000.000 	        1 	      100
23740000.000 	        1 	      100
23760000.000 	        1 	      100
23780000.000 	        1 	      100
23800000.000 	        1 	      100
23820000.000 	        1 	      100
23840000.000 	        1 	      100
23860000.000 	        1 	      100
23880000.000 	        1 	      100
23900000.000 	        1 	      100
23920000.000 	        1 	      100
23940000.000 	        1 	      100
23960000.000 	        1 	      100
23980000.000 	        1 	      100
24000000.000 	        1 	      100
24020000.000 	        1 	      100
24040000.000 	        1 	      100
24060000.000 	        1 	      100
24080000.000 	        1 	      100
24100000.000 	        1 	      100
24120000.000 	        1 	      100
24140000.000 	        1 	      100
24160000.000 	        1 	      100
24180000.000 	        1 	      100
24200000.000 	        1 	      100
24220000.000 	        1 	      100
24240000.000 	        1 	      100
24260000.000 	        1 	      100
24280000.000 	        1 	      100
24300000.000 	        1 	      100
24320000.000 	        1 	      100
24340000.000 	        1 	      100
24360000.000 	        1 	      100
24380000.000 	        1 	      100
24400000.000 	        1 	      100
24420000.000 	        1 	      100
24440000.000 	        1 	      100
24460000.000 	        1 	      100
24480000.000 	        1 	      100
24500000.000 	        1 	      100
24520000.000 	        1 	      100
24540000.000 	        1 	      100
24560000.000 	        1 	      100
24580000.000 	        1 	      100
24600000.000 	        1 	      100
24620000.000 	        1 	      100
24640000.000 	        1 	      100
24660000.000 	        1 	      100
24680000.000 	        1 	      100
24700000.000 	        1 	      100
24720000.000 	        1 	      100
24740000.000 	        1 	      100
24760000.000 	        1 	      100
24780000.000 	        1 	      100
24800000.000 	        1 	      100
24820000.000 	        1 	      100
24840000.000 	        1 	      100
24860000.000 	        1 	      100
24880000.000 	        1 	      100
24900000.000 	        1 	      100
24920000.000 	        1 	      100
24940000.000 	        1 	      100
24960000.000 	        1 	      100
24980000.000 	        1 	      100
25000000.000 	        1 	      100
25020000.000 	        1 	      100
25040000.000 	        1 	      100
25060000.000 	        1 	      100
25080000.000 	        1 	      100
25100000.000 	        1 	      100
25120000.000 	        1 	      100
25140000.000 	        1 	      100
25160000.000 	        1 	      100
25180000.000 	        1 	      100
25200000.000 	        1 	      100
25220000.000 	        1 	      100
25240000.000 	        1 	      100
25260000.000 	        1 	      100
25280000.000 	        1 	      100
25300000.000 	        1 	      100
25320000.000 	        1 	      100
25340000.000 	        1 	      100
25360000.000 	        1 	      100
25380000.000 	        1 	      100
25400000.000 	        1 	      100
25420000.000 	        1 	      100
25440000.000 	        1 	      100
25460000.000 	        1 	      100
25480000.000 	        1 	      100
25500000.000 	        1 	      100
25520000.000 	        1 	      100
25540000.000 	        1 	      100
25560000.000 	        1 	      100
25580000.000 	        1 	      100
25600000.000 	        1 	      100
25620000.000 	        1 	      100
25640000.000 	        1 	      100
25660000.000 	        1 	      100
25680000.000 	        1 	      100
25700000.000 	        1 	      100
25720000.000 	        1 	      100
25740000.000 	        1 	      100
25760000.000 	        1 	      100
25780000.000 	        1 	      100
25800000.000 	        1 	      100
25820000.000 	        1 	      100
25840000.000 	        1 	      100
25860000.000 	        1 	      100
25880000.000 	        1 	      100
25900000.000 	        1 	      100
25920000.000 	        1 	      100
25940000.000 	        1 	      100
25960000.000 	        1 	      100
25980000.000 	        1 	      100
26000000.000 	        1 	      100
26020000.000 	        1 	      100
26040000.000 	        1 	      100
26060000.000 	        1 	      100
26080000.000 	        1 	      100
26100000.000 	        1 	      100
26120000.000 	        1 	      100
26140000.000 	        1 	      100
26160000.000 	        1 	      100
26180000.000 	        1 	      100
26200000.000 	        1 	      100
26220000.000 	        1 	      100
26240000.000 	        1 	      100
26260000.000 	        1 	      100
26280000.000 	        1 	      100
26300000.000 	        1 	      100
26320000.000 	        1 	      100
26340000.000 	        1 	      100
26360000.000 	        1 	      100
26380000.000 	        1 	      100
26400000.000 	        1 	      100
26420000.000 	        1 	      100
26440000.000 	        1 	      100
26460000.000 	        1 	      100
26480000.000 	        1 	      100
26500000.000 	        1 	      100
26520000.000 	        1 	      100
26540000.000 	        1 	      100
26560000.000 	        1 	      100
26580000.000 	        1 	      100
26600000.000 	        1 	      100
26620000.000 	        1 	      100
26640000.000 	        1 	      100
26660000.000 	        1 	      100
26680000.000 	        1 	      100
26700000.000 	        1 	      100
26720000.000 	        1 	      100
26740000.000 	        1 	      100
26760000.000 	        1 	      100
26780000.000 	        1 	      100
26800000.000 	        1 	      100
26820000.000 	        1 	      100
26840000.000 	        1 	      100
26860000.000 	        1 	      100
26880000.000 	        1 	      100
26900000.000 	        1 	      100
26920000.000 	        1 	      100
26940000.000 	        1 	      100
26960000.000 	        1 	      100
26980000.000 	        1 	      100
27000000.000 	        1 	      100
27020000.000 	        1 	      100
27040000.000 	        1 	      100
27060000.000 	        1 	      100
27080000.000 	        1 	      100
27100000.000 	        1 	      100
27120000.000 	        1 	      100
27140000.000 	        1 	      100
27160000.000 	        1 	      100
27180000.000 	        1 	      100
27200000.000 	        1 	      100
27220000.000 	        1 	      100
27240000.000 	        1 	      100
27260000.000 	        1 	      100
27280000.000 	        1 	      100
27300000.000 	        1 	      100
27320000.000 	        1 	      100
27340000.000 	        1 	      100
27360000.000 	        1 	      100
27380000.000 	        1 	      100
27400000.000 	        1 	      100
27420000.000 	        1 	      100
27440000.000 	        1 	      100
27460000.000 	        1 	      100
27480000.000 	        1 	      100
27500000.000 	        1 	      100
27520000.000 	        1 	      100
27540000.000 	        1 	      100
27560000.000 	        1 	      100
27580000.000 	        1 	      100
27600000.000 	        1 	      100
27620000.000 	        1 	      100
27640000.000 	        1 	      100
27660000.000 	        1 	      100
27680000.000 	        1 	      100
27700000.000 	        1 	      100
27720000.000 	        1 	      100
27740000.000 	        1 	      100
27760000.000 	        1 	      100
27780000.000 	        1 	      100
27800000.000 	        1 	      100
27820000.000 	        1 	      100
27840000.000 	        1 	      100
27860000.000 	        1 	      100
27880000.000 	        1 	      100
27900000.000 	        1 	      100
27920000.000 	        1 	      100
27940000.000 	        1 	      100
27960000.000 	        1 	      100
27980000.000 	        1 	      100
28000000.000 	        1 	      100
28020000.000 	        1 	      100
28040000.000 	        1 	      100
28060000.000 	        1 	      100
28080000.000 	        1 	      100
28100000.000 	        1 	      100
28120000.000 	        1 	      100
28140000.000 	        1 	      100
28160000.000 	        1 	      100
28180000.000 	        1 	      100
28200000.000 	        1 	      100
28220000.000 	        1 	      100
28240000.000 	        1 	      100
28260000.000 	        1 	      100
28280000.000 	        1 	      100
28300000.000 	        1 	      100
28320000.000 	        1 	      100
28340000.000 	        1 	      100
28360000.000 	        1 	      100
28380000.000 	        1 	      100
28400000.000 	        1 	      100
28420000.000 	        1 	      100
28440000.000 	        1 	      100
28460000.000 	        1 	      100
28480000.000 	        1 	      100
28500000.000 	        1 	      100
28520000.000 	        1 	      100
28540000.000 	        1 	      100
28560000.000 	        1 	      100
28580000.000 	        1 	      100
28600000.000 	        1 	      100
28620000.000 	        1 	      100
28640000.000 	        1 	      100
28660000.000 	        1 	      100
28680000.000 	        1 	      100
28700000.000 	        1 	      100
28720000.000 	        1 	      100
28740000.000 	        1 	      100
28760000.000 	        1 	      100
28780000.000 	        1 	      100
28800000.000 	        1 	      100
28820000.000 	        1 	      100
28840000.000 	        1 	      100
28860000.000 	        1 	      100
28880000.000 	        1 	      100
28900000.000 	        1 	      100
28920000.000 	        1 	      100
28940000.000 	        1 	      100
28960000.000 	        1 	      100
28980000.000 	        1 	      100
29000000.000 	        1 	      100
29020000.000 	        1 	      100
29040000.000 	        1 	      100
29060000.000 	        1 	      100
29080000.000 	        1 	      100
29100000.000 	        1 	      100
29120000.000 	        1 	      100
29140000.000 	        1 	      100
29160000.000 	        1 	      100
29180000.000 	        1 	      100
29200000.000 	        1 	      100
29220000.000 	        1 	      100
29240000.000 	        1 	      100
29260000.000 	        1 	      100
29280000.000 	        1 	      100
29300000.000 	        1 	      100
29320000.000 	        1 	      100
29340000.000 	        1 	      100
29360000.000 	        1 	      100
29380000.000 	        1 	      100
29400000.000 	        1 	      100
29420000.000 	        1 	      100
29440000.000 	        1 	      100
29460000.000 	        1 	      100
29480000.000 	        1 	      100
29500000.000 	        1 	      100
29520000.000 	        1 	      100
29540000.000 	        1 	      100
29560000.000 	        1 	      100
29580000.000 	        1 	      100
29600000.000 	        1 	      100
29620000.000 	        1 	      100
29640000.000 	        1 	      100
29660000.000 	        1 	      100
29680000.000 	        1 	      100
29700000.000 	        1 	      100
29720000.000 	        1 	      100
29740000.000 	        1 	      100
29760000.000 	        1 	      100
29780000.000 	        1 	      100
29800000.000 	        1 	      100
29820000.000 	        1 	      100
29840000.000 	        1 	      100
29860000.000 	        1 	      100
29880000.000 	        1 	      100
29900000.000 	        1 	      100
29920000.000 	        1 	      100
29940000.000 	        1 	      100
29960000.000 	        1 	      100
29980000.000 	        1 	      100
30000000.000 	        1 	      100
30020000.000 	        1 	      100
30040000.000 	        1 	      100
30060000.000 	        1 	      100
30080000.000 	        1 	      100
30100000.000 	        1 	      100
30120000.000 	        1 	      100
30140000.000 	        1 	      100
30160000.000 	        1 	      100
30180000.000 	        1 	      100
30200000.000 	        1 	      100
30220000.000 	        1 	      100
30240000.000 	        1 	      100
30260000.000 	        1 	      100
30280000.000 	        1 	      100
30300000.000 	        1 	      100
30320000.000 	        1 	      100
30340000.000 	        1 	      100
30360000.000 	        1 	      100
30380000.000 	        1 	      100
30400000.000 	        1 	      100
30420000.000 	        1 	      100
30440000.000 	        1 	      100
30460000.000 	        1 	      100
30480000.000 	        1 	      100
30500000.000 	        1 	      100
30520000.000 	        1 	      100
30540000.000 	        1 	      100
30560000.000 	        1 	      100
30580000.000 	        1 	      100
30600000.000 	        1 	      100
30620000.000 	        1 	      100
30640000.000 	        1 	      100
30660000.000 	        1 	      100
30680000.000 	        1 	      100
30700000.000 	        1 	      100
30720000.000 	        1 	      100
30740000.000 	        1 	      100
30760000.000 	        1 	      100
30780000.000 	        1 	      100
30800000.000 	        1 	      100
30820000.000 	        1 	      100
30840000.000 	        1 	      100
30860000.000 	        1 	      100
30880000.000 	        1 	      100
30900000.000 	        1 	      100
30920000.000 	        1 	      100
30940000.000 	        1 	      100
30960000.000 	        1 	      100
30980000.000 	        1 	      100
31000000.000 	        1 	      100
31020000.000 	        1 	      100
31040000.000 	        1 	      100
31060000.000 	        1 	      100
31080000.000 	        1 	      100
31100000.000 	        1 	      100
31120000.000 	        1 	      100
31140000.000 	        1 	      100
31160000.000 	        1 	      100
31180000.000 	        1 	      100
31200000.000 	        1 	      100
31220000.000 	        1 	      100
31240000.000 	        1 	      100
31260000.000 	        1 	      100
31280000.000 	        1 	      100
31300000.000 	        1 	      100
31320000.000 	        1 	      100
31340000.000 	        1 	      100
31360000.000 	        1 	      100
31380000.000 	        1 	      100
31400000.000 	        1 	      100
31420000.000 	        1 	      100
31440000.000 	        1 	      100
31460000.000 	        1 	      100
31480000.000 	        1 	      100
31500000.000 	        1 	      100
31520000.000 	        1 	      100
31540000.000 	        1 	      100
31560000.000 	        1 	      100
31580000.000 	        1 	      100
31600000.000 	        1 	      100
31620000.000 	        1 	      100
31640000.000 	        1 	      100
31660000.000 	        1 	      100
31680000.000 	        1 	      100
31700000.000 	        1 	      100
31720000.000 	        1 	      100
31740000.000 	        1 	      100
31760000.000 	        1 	      100
31780000.000 	        1 	      100
31800000.000 	        1 	      100
31820000.000 	        1 	      100
31840000.000 	        1 	      100
31860000.000 	        1 	      100
31880000.000 	        1 	      100
31900000.000 	        1 	      100
31920000.000 	        1 	      100
31940000.000 	        1 	      100
31960000.000 	        1 	      100
31980000.000 	        1 	      100
32000000.000 	        1 	      100
32020000.000 	        1 	      100
32040000.000 	        1 	      100
32060000.000 	        1 	      100
32080000.000 	        1 	      100
32100000.000 	        1 	      100
32120000.000 	        1 	      100
32140000.000 	        1 	      100
32160000.000 	        1 	      100
32180000.000 	        1 	      100
32200000.000 	        1 	      100
32220000.000 	        1 	      100
32240000.000 	        1 	      100
32260000.000 	        1 	      100
32280000.000 	        1 	      100
32300000.000 	        1 	      100
32320000.000 	        1 	      100
32340000.000 	        1 	      100
32360000.000 	        1 	      100
32380000.000 	        1 	      100
32400000.000 	        1 	      100
32420000.000 	        1 	      100
32440000.000 	        1 	      100
32460000.000 	        1 	      100
32480000.000 	        1 	      100
32500000.000 	        1 	      100
32520000.000 	        1 	      100
32540000.000 	        1 	      100
32560000.000 	        1 	      100
32580000.000 	        1 	      100
32600000.000 	        1 	      100
32620000.000 	        1 	      100
32640000.000 	        1 	      100
32660000.000 	        1 	      100
32680000.000 	        1 	      100
32700000.000 	        1 	      100
32720000.000 	        1 	      100
32740000.000 	        1 	      100
32760000.000 	        1 	      100
32780000.000 	        1 	      100
32800000.000 	        1 	      100
32820000.000 	        1 	      100
32840000.000 	        1 	      100
32860000.000 	        1 	      100
32880000.000 	        1 	      100
32900000.000 	        1 	      100
32920000.000 	        1 	      100
32940000.000 	        1 	      100
32960000.000 	        1 	      100
32980000.000 	        1 	      100
33000000.000 	        1 	      100
33020000.000 	        1 	      100
33040000.000 	        1 	      100
33060000.000 	        1 	      100
33080000.000 	        1 	      100
33100000.000 	        1 	      100
33120000.000 	        1 	      100
33140000.000 	        1 	      100
33160000.000 	        1 	      100
33180000.000 	        1 	      100
33200000.000 	        1 	      100
33220000.000 	        1 	      100
33240000.000 	        1 	      100
33260000.000 	        1 	      100
33280000.000 	        1 	      100
33300000.000 	        1 	      100
33320000.000 	        1 	      100
33340000.000 	        1 	      100
33360000.000 	        1 	      100
33380000.000 	        1 	      100
33400000.000 	        1 	      100
33420000.000 	        1 	      100
33440000.000 	        1 	      100
33460000.000 	        1 	      100
33480000.000 	        1 	      100
33500000.000 	        1 	      100
33520000.000 	        1 	      100
33540000.000 	        1 	      100
33560000.000 	        1 	      100
33580000.000 	        1 	      100
33600000.000 	        1 	      100
33620000.000 	        1 	      100
33640000.000 	        1 	      100
33660000.000 	        1 	      100
33680000.000 	        1 	      100
33700000.000 	        1 	      100
33720000.000 	        1 	      100
33740000.000 	        1 	      100
33760000.000 	        1 	      100
33780000.000 	        1 	      100
33800000.000 	        1 	      100
33820000.000 	        1 	      100
33840000.000 	        1 	      100
33860000.000 	        1 	      100
33880000.000 	        1 	      100
33900000.000 	        1 	      100
33920000.000 	        1 	      100
33940000.000 	        1 	      100
33960000.000 	        1 	      100
33980000.000 	        1 	      100
34000000.000 	        1 	      100
34020000.000 	        1 	      100
34040000.000 	        1 	      100
34060000.000 	        1 	      100
34080000.000 	        1 	      100
34100000.000 	        1 	      100
34120000.000 	        1 	      100
34140000.000 	        1 	      100
34160000.000 	        1 	      100
34180000.000 	        1 	      100
34200000.000 	        1 	      100
34220000.000 	        1 	      100
34240000.000 	        1 	      100
34260000.000 	        1 	      100
34280000.000 	        1 	      100
34300000.000 	        1 	      100
34320000.000 	        1 	      100
34340000.000 	        1 	      100
34360000.000 	        1 	      100
34380000.000 	        1 	      100
34400000.000 	        1 	      100
34420000.000 	        1 	      100
34440000.000 	        1 	      100
34460000.000 	        1 	      100
34480000.000 	        1 	      100
34500000.000 	        1 	      100
34520000.000 	        1 	      100
34540000.000 	        1 	      100
34560000.000 	        1 	      100
34580000.000 	        1 	      100
34600000.000 	        1 	      100
34620000.000 	        1 	      100
34640000.000 	        1 	      100
34660000.000 	        1 	      100
34680000.000 	        1 	      100
34700000.000 	        1 	      100
34720000.000 	        1 	      100
34740000.000 	        1 	      100
34760000.000 	        1 	      100
34780000.000 	        1 	      100
34800000.000 	        1 	      100
34820000.000 	        1 	      100
34840000.000 	        1 	      100
34860000.000 	        1 	      100
34880000.000 	        1 	      100
34900000.000 	        1 	      100
34920000.000 	        1 	      100
34940000.000 	        1 	      100
34960000.000 	        1 	      100
34980000.000 	        1 	      100
35000000.000 	        1 	      100
35020000.000 	        1 	      100
35040000.000 	        1 	      100
35060000.000 	        1 	      100
35080000.000 	        1 	      100
35100000.000 	        1 	      100
35120000.000 	        1 	      100
35140000.000 	        1 	      100
35160000.000 	        1 	      100
35180000.000 	        1 	      100
35200000.000 	        1 	      100
35220000.000 	        1 	      100
35240000.000 	        1 	      100
35260000.000 	        1 	      100
35280000.000 	        1 	      100
35300000.000 	        1 	      100
35320000.000 	        1 	      100
35340000.000 	        1 	      100
35360000.000 	        1 	      100
35380000.000 	        1 	      100
35400000.000 	        1 	      100
35420000.000 	        1 	      100
35440000.000 	        1 	      100
35460000.000 	        1 	      100
35480000.000 	        1 	      100
35500000.000 	        1 	      100
35520000.000 	        1 	      100
35540000.000 	        1 	      100
35560000.000 	        1 	      100
35580000.000 	        1 	      100
35600000.000 	        1 	      100
35620000.000 	        1 	      100
35640000.000 	        1 	      100
35660000.000 	        1 	      100
35680000.000 	        1 	      100
35700000.000 	        1 	      100
35720000.000 	        1 	      100
35740000.000 	        1 	      100
35760000.000 	        1 	      100
35780000.000 	        1 	      100
35800000.000 	        1 	      100
35820000.000 	        1 	      100
35840000.000 	        1 	      100
35860000.000 	        1 	      100
35880000.000 	        1 	      100
35900000.000 	        1 	      100
35920000.000 	        1 	      100
35940000.000 	        1 	      100
35960000.000 	        1 	      100
35980000.000 	        1 	      100
36000000.000 	        1 	      100
36020000.000 	        1 	      100
36040000.000 	        1 	      100
36060000.000 	        1 	      100
36080000.000 	        1 	      100
36100000.000 	        1 	      100
36120000.000 	        1 	      100
36140000.000 	        1 	      100
36160000.000 	        1 	      100
36180000.000 	        1 	      100
36200000.000 	        1 	      100
36220000.000 	        1 	      100
36240000.000 	        1 	      100
36260000.000 	        1 	      100
36280000.000 	        1 	      100
36300000.000 	        1 	      100
36320000.000 	        1 	      100
36340000.000 	        1 	      100
36360000.000 	        1 	      100
36380000.000 	        1 	      100
36400000.000 	        1 	      100
36420000.000 	        1 	      100
36440000.000 	        1 	      100
36460000.000 	        1 	      100
36480000.000 	        1 	      100
36500000.000 	        1 	      100
36520000.000 	        1 	      100
36540000.000 	        1 	      100
36560000.000 	        1 	      100
36580000.000 	        1 	      100
36600000.000 	        1 	      100
36620000.000 	        1 	      100
36640000.000 	        1 	      100
36660000.000 	        1 	      100
36680000.000 	        1 	      100
36700000.000 	        1 	      100
36720000.000 	        1 	      100
36740000.000 	        1 	      100
36760000.000 	        1 	      100
36780000.000 	        1 	      100
36800000.000 	        1 	      100
36820000.000 	        1 	      100
36840000.000 	        1 	      100
36860000.000 	        1 	      100
36880000.000 	        1 	      100
36900000.000 	        1 	      100
36920000.000 	        1 	      100
36940000.000 	        1 	      100
36960000.000 	        1 	      100
36980000.000 	        1 	      100
37000000.000 	        1 	      100
37020000.000 	        1 	      100
37040000.000 	        1 	      100
37060000.000 	        1 	      100
37080000.000 	        1 	      100
37100000.000 	        1 	      100
37120000.000 	        1 	      100
37140000.000 	        1 	      100
37160000.000 	        1 	      100
37180000.000 	        1 	      100
37200000.000 	        1 	      100
37220000.000 	        1 	      100
37240000.000 	        1 	      100
37260000.000 	        1 	      100
37280000.000 	        1 	      100
37300000.000 	        1 	      100
37320000.000 	        1 	      100
37340000.000 	        1 	      100
37360000.000 	        1 	      100
37380000.000 	        1 	      100
37400000.000 	        1 	      100
37420000.000 	        1 	      100
37440000.000 	        1 	      100
37460000.000 	        1 	      100
37480000.000 	        1 	      100
37500000.000 	        1 	      100
37520000.000 	        1 	      100
37540000.000 	        1 	      100
37560000.000 	        1 	      100
37580000.000 	        1 	      100
37600000.000 	        1 	      100
37620000.000 	        1 	      100
37640000.000 	        1 	      100
37660000.000 	        1 	      100
37680000.000 	        1 	      100
37700000.000 	        1 	      100
37720000.000 	        1 	      100
37740000.000 	        1 	      100
37760000.000 	        1 	      100
37780000.000 	        1 	      100
37800000.000 	        1 	      100
37820000.000 	        1 	      100
37840000.000 	        1 	      100
37860000.000 	        1 	      100
37880000.000 	        1 	      100
37900000.000 	        1 	      100
37920000.000 	        1 	      100
37940000.000 	        1 	      100
37960000.000 	        1 	      100
37980000.000 	        1 	      100
38000000.000 	        1 	      100
38020000.000 	        1 	      100
38040000.000 	        1 	      100
38060000.000 	        1 	      100
38080000.000 	        1 	      100
38100000.000 	        1 	      100
38120000.000 	        1 	      100
38140000.000 	        1 	      100
38160000.000 	        1 	      100
38180000.000 	        1 	      100
38200000.000 	        1 	      100
38220000.000 	        1 	      100
38240000.000 	        1 	      100
38260000.000 	        1 	      100
38280000.000 	        1 	      100
38300000.000 	        1 	      100
38320000.000 	        1 	      100
38340000.000 	        1 	      100
38360000.000 	        1 	      100
38380000.000 	        1 	      100
38400000.000 	        1 	      100
38420000.000 	        1 	      100
38440000.000 	        1 	      100
38460000.000 	        1 	      100
38480000.000 	        1 	      100
38500000.000 	        1 	      100
38520000.000 	        1 	      100
38540000.000 	        1 	      100
38560000.000 	        1 	      100
38580000.000 	        1 	      100
38600000.000 	        1 	      100
38620000.000 	        1 	      100
38640000.000 	        1 	      100
38660000.000 	        1 	      100
38680000.000 	        1 	      100
38700000.000 	        1 	      100
38720000.000 	        1 	      100
38740000.000 	        1 	      100
38760000.000 	        1 	      100
38780000.000 	        1 	      100
38800000.000 	        1 	      100
38820000.000 	        1 	      100
38840000.000 	        1 	      100
38860000.000 	        1 	      100
38880000.000 	        1 	      100
38900000.000 	        1 	      100
38920000.000 	        1 	      100
38940000.000 	        1 	      100
38960000.000 	        1 	      100
38980000.000 	        1 	      100
39000000.000 	        1 	      100
39020000.000 	        1 	      100
39040000.000 	        1 	      100
39060000.000 	        1 	      100
39080000.000 	        1 	      100
39100000.000 	        1 	      100
39120000.000 	        1 	      100
39140000.000 	        1 	      100
39160000.000 	        1 	      100
39180000.000 	        1 	      100
39200000.000 	        1 	      100
39220000.000 	        1 	      100
39240000.000 	        1 	      100
39260000.000 	        1 	      100
39280000.000 	        1 	      100
39300000.000 	        1 	      100
39320000.000 	        1 	      100
39340000.000 	        1 	      100
39360000.000 	        1 	      100
39380000.000 	        1 	      100
39400000.000 	        1 	      100
39420000.000 	        1 	      100
39440000.000 	        1 	      100
39460000.000 	        1 	      100
39480000.000 	        1 	      100
39500000.000 	        1 	      100
39520000.000 	        1 	      100
39540000.000 	        1 	      100
39560000.000 	        1 	      100
39580000.000 	        1 	      100
39600000.000 	        1 	      100
39620000.000 	        1 	      100
39640000.000 	        1 	      100
39660000.000 	        1 	      100
